292.3313460411645
292.42326964571754
292.5114192053504
292.5957876601208
292.6765964354463
292.75318964225266
292.81951610556627
292.87936913804833
292.9334363545367
292.9818985030073
293.0240866630485
293.0569769704586
293.0829350358038
293.1022639521724
293.11502091723185
293.1210305832383
293.11921781765955
293.1106009336156
293.09536026115717
293.07346747765183
293.0453168814352
293.011071694711
292.97060884757406
292.9240868243527
292.8715082437027
292.8137030455645
292.75151017457694
292.68436215124314
292.61231750158066
292.5354204641587
292.4591549963117
292.38645730239364
292.312983431336
292.23851962997605
292.16308081191903
292.08959479876603
292.01865567878184
291.9483882429631
291.8787931281086
291.8099163409955
291.72769818598374
291.6520234009174
291.57629928602273
291.5054070521351
291.4361011558225
291.3701489076308
291.3058156323104
291.2431690555423
291.1821762636541
291.1228843146115
291.06595479546206
291.01087357527547
290.95749818493204
290.90571615464256
290.8555864700632
290.80708291034784
290.76015076721296
290.71479419038434
290.6709873639894
290.6286526113471
290.5877391819373
290.54831503454557
290.5102998260012
290.47360394829167
290.4382753068177
290.40438569409235
290.3716122635385
290.3399501008297
290.3093701681572
290.2797800760308
290.2507338874333
290.22250971430543
290.1950208560205
290.1678148824839
290.140601086529
290.1145783198468
290.0888314199559
290.0808671889292
290.08913122823816
290.16616121483594
290.1871661948291
290.21417547640044
290.22692313662964
290.2521848703831
290.2609564874284
290.2575271017417
290.25205616854186
290.24523342726104
290.2372369946389
290.2394789746459
290.2537653374347
290.2700181455691
290.2875895377364
290.3063236197911
290.33201039987034
290.36487612130975
290.40251438304733
290.44493640990964
290.4922704804073
290.54336174201734
290.5990864057114
290.6601949022295
290.7266746810851
290.79838831961354
290.8769809635517
290.9609169954696
291.04966952612415
291.14306052097703
291.2411921719142
291.34706812990356
291.4567952128915
291.57022945960136
291.6874153225068
291.80728118699784
291.91925382284484
292.0295165453802
292.1388095980102
292.2472642577731
292.3205684125882
292.82838925220796
292.9231767390005
293.01136609914687
293.09416100540807
293.17241832874174
293.2465962143848
293.3154996707681
293.3776001658384
293.43318862165665
293.4826703114445
293.52625637429543
293.5635538273484
293.59433157773384
293.61856635229555
293.63632433852825
293.64770457108705
293.6527354509147
293.6513888434151
293.64368609495637
293.629634630954
293.60935703785736
293.5833912498094
293.5519794018483
293.51510651736436
293.4726384042364
293.424722695065
293.3722618275162
293.315581854085
293.25459256684826
293.1892411448905
293.1201412337818
293.05090370571924
292.982288299086
292.9141613075761
292.8462134011272
292.77884830140533
292.7130942075063
292.64937302413705
292.5874328670374
292.52647316822737
292.46458103753235
292.396883778801
292.32917149512343
292.2618295262382
292.196690774776
292.13402252660944
292.0741208021043
292.0164804499692
291.96095291645713
291.9074435649418
291.85597814513517
291.80645910583775
291.75868086832446
291.71256214164566
291.66802582629435
291.62510496026994
291.58384716183474
291.5441983034341
291.5060709386464
291.46940788061966
291.4339569599542
291.399676609919
291.3666450101734
291.33484062732543
291.3042085897105
291.2745484013303
291.24582908949446
291.2179601088269
291.1909570722077
291.1647402342884
291.1392907440461
291.11433828277444
291.0898370583922
291.065748471359
291.0412417660908
291.0161779416787
290.9913104901249
290.9718122758763
290.96046704727115
290.98569665288653
291.0202659511358
291.0577178415314
291.10569854444725
291.1446061907859
291.173996441847
291.19535405988944
291.21067348445314
291.2216639871466
291.22919084451746
291.2329745887153
291.2308184813112
291.2251868703569
291.21791052386004
291.20964069134885
291.2040146845001
291.2089580707362
291.2234656629244
291.24610959626796
291.2759612464061
291.3112419309309
291.35022406843757
291.3940859736764
291.4433542846595
291.49819518880395
291.5588882750977
291.6261827069009
291.69953006936544
291.7783693037802
291.862240625758
291.95103054803224
292.0436411248009
292.139640374102
292.2387915443979
292.34085964755013
292.4439533625913
292.5464378629242
292.6479230933039
292.7482988534469
292.8159322017134
299.5580036007912
299.59574766938584
299.63293121247347
299.66943426046146
299.7052454147118
299.7403494117976
299.77442749895704
299.80720676010236
299.838636398481
299.8686701825546
299.8972691408184
299.9242073040841
299.94938628892714
299.97271802170843
299.9941707980875
300.0137376918038
300.0312696023613
300.0467495006667
300.0600613526215
300.0712765438993
300.0802813768183
300.0870055482259
300.0913763456685
300.09337555898014
300.0929841747783
300.090189410448
300.0850999127287
300.07772903583907
300.0680770209439
300.056167670476
300.04213417223986
300.0268580425408
300.01046377453474
299.9930591563269
299.9746370518124
299.9553008290553
299.93548383971694
299.9154930700496
299.8945441451913
299.8723249130531
299.84905280787905
299.82388574171256
299.7976258972799
299.77036661047566
299.7426231464206
299.714638358491
299.68647606710556
299.65820087919724
299.6298050301735
299.601339838292
299.57287215723323
299.5444872429884
299.5162825076682
299.4882093471572
299.4603478900398
299.43263421790425
299.40514303223017
299.3778413021659
299.3507414288417
299.32386940716174
299.29723101032437
299.2707955493488
299.24461607594634
299.2186292482366
299.1928822703799
299.16740860894333
299.1422084297451
299.1173153806171
299.0927506540892
299.06846951204193
299.044436400235
299.02069600642403
298.99720130713325
298.9739546708173
298.95071424396474
298.92774115656005
298.90499784678804
298.8835166370545
298.8632591956285
298.84792329754816
298.83449399296023
298.82436023398645
298.81586288365264
298.80775806126474
298.8000997876018
298.79406903350946
298.78993604297574
298.7877611539662
298.7876067922528
298.7893214455165
298.7926682717628
298.79765668838274
298.8042268579482
298.8124169788695
298.8224139818078
298.8348284852113
298.84967444123043
298.8669817836354
298.8867736614967
298.9088353160143
298.93285248518833
298.95879145779173
298.9866655301393
299.016512144772
299.0479641818686
299.0805766618369
299.11426564633035
299.14905478092794
299.18492831523326
299.22160059661377
299.25883803605024
299.29658841229207
299.33479046585563
299.3734254538172
299.41229747096713
299.4511199873136
299.48978748359065
299.5283438416422
299.55442510668837
289.4936251614365
289.5377018628342
289.57965153020274
289.6192684960791
289.65669646233124
289.6921483082764
289.7254918709787
289.75609942690465
289.78389120885237
289.80893843150534
289.8312853723119
289.8505901920712
289.86619490077373
289.8780986340089
289.88631572229133
289.8910735436053
289.89217686903936
289.88924014121494
289.88236075438624
289.8716399134554
289.85715613739785
289.8388446913519
289.81654728815363
289.790408129549
289.7607001066364
289.7276161662351
289.6915140030241
289.65269317452913
289.61153690423833
289.5682714242567
289.5234508487986
289.4795050092422
289.438896705501
289.4027283115024
289.37144376461015
289.34502889928075
289.3239600348154
289.3082817761587
289.2980495193348
289.2928687524159
289.29239308902993
289.29429356936953
289.29699499357815
289.29936925925267
289.30250899069046
289.306921171127
289.3129008678746
289.3201619061542
289.32842608213673
289.33759140664677
289.3474418300053
289.3574850961959
289.36751467011055
289.37746780263245
289.38736255094176
289.3970813055167
289.4063850844442
289.4149856518445
289.4229192241327
289.43012470519943
289.43644356248444
289.44131152381715
289.4445575141003
289.4461499766514
289.44625943159275
289.4447082231547
289.44109019246093
289.43535135265785
289.42760042610803
289.4179552983334
289.40631085711647
289.3923969988763
289.37623854119073
289.3579034259815
289.33726332267236
289.3141229870383
289.2885444570488
289.2610821795492
289.23329924081804
289.2073882677688
289.18391549391947
289.16286574733044
289.1468415080106
289.1311630677128
289.1128650097688
289.09073865167494
289.06453132252517
289.03396326061784
288.99889265525866
288.9597375090969
288.9202479648332
288.8837655453074
288.8518441251096
288.82508131524116
288.8036599233756
288.7879579968297
288.77828309105723
288.77462673468364
288.77699824626615
288.7850516293347
288.7982565490246
288.81612079850936
288.83835012127844
288.8646645405453
288.8946522142544
288.92749300183846
288.9627173402588
289.0001518260006
289.0397420137067
289.0811137460679
289.1235651975995
289.1668634924106
289.2109895327813
289.25605056259326
289.3016606297343
289.34687834156665
289.39144788665857
289.435259139477
289.46468864095266
289.95697922894345
289.99628171997693
290.03357316000285
290.06845803302207
290.10106165363953
290.131517041262
290.15980955451863
290.1854115789858
290.20815689915275
290.2281118698009
290.2454130930684
290.2601488802337
290.2720081625421
290.2809589349659
290.28691829015605
290.28991992851695
290.289841129656
290.28629371239816
290.27931603465646
290.2689947646458
290.25549700283733
290.23881288556254
290.2188897423937
290.1959014854804
290.1699874252066
290.1413449033275
290.11028581539216
290.07707824432464
290.0418988298203
290.0050325475132
289.96658563922716
289.92776082775373
289.8898105832615
289.853406551917
289.81903812656464
289.7869595232567
289.75663496369225
289.72694781179365
289.7003403992084
289.67649915463556
289.65486864623523
289.63525500024053
289.6173870156257
289.60103871988434
289.585984437424
289.5721052621669
289.55935217698806
289.54777843432964
289.53737732929454
289.5281468947512
289.5201222598148
289.51323206584925
289.5075050710141
289.5029298489397
289.4995485447724
289.4973046107437
289.4962324066386
289.49611605538445
289.49688669052415
289.4984878079958
289.5008341901059
289.503789146466
289.5070990948261
289.51051732209856
289.51381967837864
289.5168890121363
289.5196826801371
289.5219609443281
289.52364580076187
289.52471737715786
289.5249873801555
289.52422588831973
289.5222974968098
289.51917317913274
289.5147524564784
289.50866269701413
289.5007225579755
289.49114357274715
289.4810019298847
289.4720401392488
289.464862467071
289.4596578782832
289.4583007397152
289.4589145472722
289.4593058474565
289.45737885985096
289.45146540070084
289.44069242316294
289.4246886461443
289.40371229015153
289.3801706657807
289.35651683813893
289.3341321115483
289.3138561011649
289.2962054300385
289.28178672622
289.2712756537524
289.2651454999669
289.2636749282822
289.266919615954
289.27483960504173
289.2872153873426
289.30386659822216
289.3245239850852
289.34886492823824
289.3761364592915
289.4057868199641
289.43753289342465
289.4711492317317
289.50633790965855
289.5424887997981
289.57932541792957
289.6166858873794
289.65462378458295
289.69314496690475
289.7317657065909
289.7700599325722
289.80799873849946
289.8335578309554
289.7314904475977
289.74813591628674
289.765484354982
289.7834493927413
289.8018546184024
289.82058619957405
289.8395274211117
289.85854852370244
289.8775735366291
289.8964500774054
289.9150459741592
289.9332819291481
289.95106385968955
289.9681775911005
289.98452958272384
289.99994014983184
290.0143663006928
290.0276343129003
290.0396689936158
290.0503183694435
290.059526673474
290.06720147169955
290.07327302846636
290.0777096099332
290.0804644034753
290.081515704728
290.0808511350838
290.0785464846606
290.07466783767325
290.0693423632939
290.06271537424635
290.05489670180293
290.0461336331849
290.03653316237586
290.0263576352856
290.0157521562854
290.00495152667503
289.9940970872723
289.9834241529576
289.9731398993012
289.9634660684489
289.9545521417905
289.9464785788931
289.9392632114678
289.93284084995395
289.9271029618889
289.922094835766
289.91774236282475
289.91405913624504
289.9110378449422
289.90867691155046
289.9069648358272
289.90585025513286
289.905281140738
289.9052968106803
289.90580303908564
289.9067629453913
289.9081283240086
289.9098482606115
289.9119042231333
289.91419814907937
289.9167291594447
289.91937103527005
289.9220963797901
289.92477755614266
289.9273821138042
289.9298618984326
289.9321017250262
289.93404976573396
289.9355852344584
289.9367096223899
289.93735740396556
289.9374385099742
289.9369122707578
289.9357660108238
289.9338869764642
289.9312394523626
289.9277408908113
289.9233531378169
289.9181375180937
289.91225445180584
289.9059321956648
289.89945679326553
289.8929909040701
289.88667916794674
289.88043388597856
289.8740600235913
289.8672977395759
289.85983454349156
289.85141986344496
289.84186145844933
289.8310772751013
289.8191114718276
289.80621001877006
289.7924779018138
289.7782405797329
289.7636998499847
289.74917483726705
289.73502703162575
289.72156280770514
289.7089988906081
289.6975951143476
289.687567276619
289.6790202568252
289.6721052722884
289.66688722198285
289.66346533464383
289.661866309618
289.66206090565345
289.66410456153335
289.66792456873475
289.6734564307016
289.68065343919585
289.6893814511725
289.6995372356113
289.71107201766085
289.72384591994285
289.73772783376046
289.74773815985026
289.77828319162717
289.7804048754302
289.7826917003288
289.7851448921909
289.78777886965605
289.7905307119896
289.7934320933574
289.7963591695454
289.79931993698796
289.80229856706495
289.8051738959241
289.808076017472
289.81087185459256
289.81356758836876
289.81614459010177
289.8186363587615
289.82092429225474
289.8230298788364
289.8249372308623
289.8265925002613
289.828024638116
289.82918536123054
289.83008527517836
289.8306978061974
289.83106764904863
289.83116273744514
289.83098029285543
289.8305593968281
289.8298758364971
289.82899289037454
289.8278436496855
289.826469061253
289.8249429554889
289.8233218526609
289.821586289172
289.8197858892653
289.8179038601731
289.815987023765
289.8141861351971
289.8123740650799
289.8107149135621
289.80914162004774
289.80767610469763
289.80635904210305
289.80511422894665
289.8040431587828
289.8031117095908
289.80237294125504
289.80186714936673
289.8015301345655
289.8014240519182
289.80157054159497
289.80197755508607
289.8026344911895
289.80356826918586
289.80476488149577
289.8061777344746
289.8078234600456
289.80966128848763
289.81170089414235
289.81388982582837
289.81620796497117
289.81857848217714
289.82097887140947
289.8234634982862
289.82592609143273
289.828387485776
289.8307704942994
289.8331173438509
289.83540299268043
289.83758816685184
289.83964786418
289.8415549646006
289.84332907181994
289.84493652109313
289.84632033458314
289.8475116224257
289.84852793892753
289.84934724486646
289.8501661444229
289.8510230536285
289.8520042718011
289.8532101469189
289.8546172337991
289.85601964782524
289.8571760307025
289.8580349320062
289.8584407061296
289.85839889431014
289.85788253591693
289.8568328862902
289.855180858381
289.8529808024908
289.8501874322279
289.84691243210364
289.8432201826268
289.83931848994155
289.8352466460699
289.8311329676206
289.8270071618459
289.8229867545893
289.819133878172
289.8155076383831
289.81212945755203
289.8090628667776
289.80633530978207
289.80392852565666
289.80182436320945
289.80008004199743
289.7986846617696
289.7976403292022
289.7969563211134
289.7965809210526
289.7965763623985
289.79685481883877
289.7974221841016
289.7982621181268
289.79936379385714
289.80023160297156
295.46417241443913
295.4800910847016
295.496616534831
295.51376457853803
295.53153680849186
295.5499355497819
295.56887953299196
295.5882959841832
295.60810970636305
295.62824073003884
295.6487169666847
295.6694020926987
295.6901675127907
295.71094413056545
295.7316650513512
295.7522627724049
295.7726331089188
295.79271174919637
295.8124083380033
295.83163225690265
295.8503330717719
295.8684438843508
295.88579481421556
295.90238554769303
295.9180790483091
295.932813519391
295.9465824059673
295.959374846491
295.97115342175346
295.98184598273906
295.9914981929446
296.00010971585016
296.00782129399704
296.01463457028507
296.02060847532226
296.0257530231252
296.03007305063267
296.0336676610733
296.0364711045517
296.03846146038495
296.0396439638818
296.0400239756711
296.03960581611756
296.03830782584043
296.03628425035475
296.03346074094276
296.0299118212023
296.02560476310276
296.0206438383985
296.01504459683844
296.0088227790235
296.0019486147861
295.99454008508854
295.98650053031815
295.97789424081924
295.96869527236527
295.95894955342965
295.94868129061894
295.93788956984133
295.92658920656265
295.91476166120464
295.9025091389238
295.8897541014306
295.87659971685827
295.86296611021413
295.8489355174319
295.8344841447281
295.81965298759
295.80445619698054
295.78884966686115
295.7728642996631
295.75648393950235
295.7397332896073
295.7226792313248
295.7052672488937
295.68755628065475
295.6696256500506
295.65155082971023
295.6334370043091
295.6152670636439
295.5970751646163
295.57888842443873
295.56078199448035
295.54282534722654
295.5250102233831
295.50734680401257
295.48982206249474
295.47238966782436
295.4551371631724
295.4380329732098
295.4211889846042
295.4047221360993
295.3886884112276
295.37310345592215
295.35811627590266
295.34384869226847
295.3304437253569
295.31801420591006
295.3065408241414
295.29597078431516
295.2863831798688
295.2778347562751
295.2703906663056
295.26406559707976
295.2589907258623
295.25505373158785
295.25238164070527
295.2509985341248
295.2508560201005
295.2520099838089
295.254426684319
295.2580614780775
295.26292817133714
295.26906015169595
295.276399718246
295.2849344033755
295.29458408196757
295.30530255159204
295.3131750356447
291.3255243299716
291.341111869044
291.35735084352
291.3742160936968
291.39164486008883
291.4096176622198
291.4279809958845
291.4466207214342
291.46548254949744
291.48448477632627
291.5035528439697
291.52261913730223
291.54153850624215
291.5602466451299
291.5786098094338
291.596632361287
291.61415193987
291.6311882637052
291.6475579548925
291.663266793292
291.67828612280175
291.69242806034174
291.7057360639078
291.7180805440212
291.7294390451618
291.7397368615708
291.74898504086326
291.757164553543
291.7642684824661
291.7702633319875
291.77514202426545
291.7790087701854
291.78195348860356
291.78405989617744
291.785399063636
291.7860679863365
291.786023727871
291.78550360362334
291.78450150441995
291.78300154637765
291.7810053305752
291.77848935034035
291.77539705131494
291.77175152049466
291.7675285663473
291.76282248221855
291.7575967317932
291.7519395260169
291.7458579270137
291.73938721661494
291.7325600344474
291.72537522719597
291.71789975570874
291.71007474489653
291.70198528049235
291.69364473999605
291.6850453848023
291.67622172017036
291.66717372725117
291.65791268418565
291.6484472298676
291.63878424629763
291.62892480918936
291.61885843993355
291.6085859643968
291.59809854833514
291.5874126536636
291.5765077458716
291.5654370433763
291.5540909099929
291.5425262648623
291.530748580394
291.51874575520014
291.5064712809237
291.49396640287557
291.48124275920543
291.46826327542794
291.45509635055595
291.44172630389306
291.4281835366044
291.41456699362834
291.4008854587451
291.38722286805955
291.37367230174914
291.36020374507524
291.3468054379579
291.33338494010627
291.31993046697966
291.30636374484044
291.29271434663394
291.2790430397375
291.2654308754459
291.251922415329
291.23865427299955
291.22570571522607
291.2131978430513
291.2013029442915
291.1901105958185
291.1797066249337
291.17012631037954
291.16151160085485
291.15389211045095
291.14732220649785
291.1419051780268
291.1376377161233
291.13458846674627
291.132763476204
291.1322303291354
291.13301945039933
291.1351014208843
291.1384340630279
291.14302442367426
291.14881259392496
291.1558543145629
291.1640601855474
291.1734273598827
291.18385589450554
291.1952734299572
291.20364934116657
300.6305224504227
300.64083008770814
300.65250260379406
300.66554756076573
300.6798408573569
300.69539501459144
300.71204264215373
300.72979975169784
300.748534620351
300.76818631973845
300.7886672162645
300.80985096530674
300.83167375478564
300.8540753989925
300.8768619821227
300.8999717602007
300.92335017352167
300.94682875924923
300.97034839553936
300.9937171954679
301.0169652098789
301.03995771390544
301.0625130774255
301.08462309197773
301.10618559081536
301.1270874439643
301.147248056532
301.16660632379336
301.185081865251
301.20263913323066
301.2191970034453
301.23470657437065
301.24921196868996
301.2626463986503
301.27507931305706
301.28651972321956
301.29703038741434
301.3066289321296
301.315335743517
301.32321948002624
301.33023411426456
301.3364186752794
301.34167799123054
301.34606473492687
301.34955113038956
301.35217364555507
301.3539292530594
301.3548625164609
301.3549567278833
301.35429763988975
301.3528891440189
301.3507807007405
301.3479761574877
301.34452824969253
301.3404405426029
301.33575336152376
301.330476254201
301.32465762490216
301.3183022826101
301.31140446121225
301.30396557470914
301.29603665640815
301.2876300514853
301.2786903310364
301.2692822334511
301.2593997422554
301.2490396722527
301.23821432922966
301.22691890196734
301.21515347197027
301.2029613191249
301.19031705416876
301.17720547493786
301.16368330299207
301.1496662304437
301.13525475247917
301.12036727876375
301.105087896612
301.08936406426074
301.07321687539024
301.0566638390844
301.0397502479919
301.02246302775626
301.00481550551336
300.9868797174098
300.96865941510845
300.95018870673226
300.9315315815602
300.9126484692617
300.8935894815522
300.8743450534603
300.8550098269416
300.8355700963927
300.8161594244553
300.7967831917187
300.7775135028915
300.7585322804179
300.7398427610319
300.72161253427294
300.7039338936989
300.68697437567346
300.6708445283334
300.65566376300575
300.6414824185962
300.6284438285031
300.61665151728187
300.60618163526067
300.59709287466234
300.58945322887064
300.5833346929331
300.5787611233998
300.57577921944466
300.5744038220396
300.5745761289674
300.57639793173774
300.5797912721409
300.58476544931005
300.59129766103865
300.5965870015916
298.04119940300643
298.0562795727228
298.0727369646416
298.0905518707547
298.1096196906448
298.12989609954326
298.15127239276444
298.17367354265923
298.1970284817243
298.2212413186335
298.2461998474441
298.2717854343512
298.29794568162083
298.32444514238335
298.35127923851616
298.37827650702775
298.4053600774403
298.432369009952
298.4592044309612
298.485792793037
298.511953239603
298.53764294268586
298.5627837517964
298.587218132948
298.6108926291912
298.6337192946142
298.6556487333597
298.67658400795744
298.69646995256875
298.71522747310996
298.73285961855953
298.7493058896287
298.76452315330846
298.77862821350317
298.7916423031125
298.80354778859896
298.8144141566222
298.8242213654712
298.83301801541836
298.84072285276545
298.8473864298061
298.85288392836776
298.8572859927288
298.86054474182276
298.862678497603
298.86373033758315
298.86373443066464
298.86265819837155
298.86062439210195
298.8576014745758
298.8536174211493
298.8487195003249
298.8429383018996
298.8362930985337
298.8288428656097
298.82064258623654
298.81167910167585
298.80199088215613
298.79155795122557
298.7804574206958
298.7686702033395
298.7561904432989
298.74314132947796
298.7294602915306
298.7152249241743
298.7004273165231
298.68509235686116
298.66920236677265
298.6528318299088
298.63601925628774
298.61874062859823
298.60105109813514
298.5829713824048
298.5645554669707
298.5457659900181
298.52663039261716
298.5072302521168
298.4875141767053
298.4675365527482
298.44735173332157
298.4269811729204
298.4064355190649
298.3857524086406
298.3649119911692
298.34402993304286
298.32303540859175
298.3019656815555
298.2809228109252
298.2598327452181
298.23883131318803
298.2179315323183
298.1971782967993
298.1766358943629
298.1564217786048
298.136601420708
298.1172389252188
298.0985006533005
298.0804924483511
298.0632799233108
298.0470544762993
298.0319109935303
298.01792675369836
298.0052074492828
297.993789289751
297.98382404418396
297.97532778808693
297.96834325265763
297.9629773704452
297.95926415670414
297.957251448689
297.95694527905647
297.9583760243515
297.9615579123638
297.96645216660545
297.973079045425
297.98138520306367
297.99134483416094
298.00289379293974
298.01163486320837
305.06367401450814
305.0706953105694
305.0790981362373
305.088864012374
305.0998967854039
305.1121671033847
305.12562414696777
305.14025993727387
305.1559489258103
305.1726599478852
305.1903229238801
305.20884413382595
305.2281425912499
305.24815002060154
305.26876901619687
305.2899269019958
305.31147383667496
305.33339479873166
305.35551558193663
305.37781096325546
305.400165389732
305.422455954231
305.4446813171479
305.46664536522985
305.48833662355287
305.50961026440604
305.53045492657054
305.5507417760395
305.5704135089872
305.58942534177305
305.6077178014554
305.6252456253858
305.64199927058314
305.6579431373863
305.6731450067614
305.68762480459844
305.7013990643716
305.7144743883998
305.7268420277291
305.73851265035387
305.74946646722395
305.7595956461191
305.7688515268784
305.7771959109595
305.7846122641378
305.7910463374186
305.7965279133753
305.8010753737797
305.8047210366659
305.80749245073224
305.8094069905277
305.81050176618555
305.81085205164703
305.8103985742817
305.80925850821296
305.8073844111429
305.80485482238345
305.80164426190254
305.7977858059733
305.7932833621807
305.78815358010655
305.7824252623833
305.7760697239359
305.76906828349684
305.76151347407205
305.7533520829288
305.74460634204866
305.7352406368555
305.7253653946452
305.71483756075736
305.7037736231812
305.69209857118557
305.67991703723396
305.6671342827201
305.65381407874656
305.63990779523715
305.6254790806304
305.61052286750345
305.59503134299297
305.5789999798478
305.56250832599363
305.54552218694454
305.5280861750773
305.5102085782442
305.4919524812635
305.47333268231955
305.4543454101064
305.4350657767344
305.4154904116631
305.395644723615
305.375569954383
305.3553345414986
305.3349489769839
305.31454752482966
305.29416868757687
305.2738774672233
305.25383639591183
305.23412330130833
305.2148507822054
305.19619019723456
305.1781510854538
305.1609423723453
305.1446067588239
305.1292168340974
305.11493883072114
305.101799540009
305.08985403469677
305.0792181825889
305.0699100718267
305.06200332006824
305.05550524626
305.05049053464927
305.046931722527
305.04487275161625
305.04430817292547
305.0452081841467
305.04759710742974
305.0514657029031
305.05487203154064
301.93212861341505
301.9402006097333
301.94969808576326
301.96060145998894
301.97284920096894
301.9864149247568
302.001208656139
302.01716580523237
302.0342876246164
302.0524272814512
302.0715482843602
302.09158160364007
302.11241794510613
302.13395597257943
302.1561407653999
302.1788496761055
302.2019926684852
302.22545584380913
302.2491968046321
302.2730682339518
302.2969621968407
302.320830337905
302.34457332933465
302.3681126803791
302.39135391753024
302.414212192529
302.4366189632362
302.45848730922825
302.47978226328553
302.50043603809803
302.5203504890452
302.53948326595884
302.5578425579216
302.5754021104229
302.59211305508245
302.6079876592924
302.62309384081163
302.63736605828973
302.6508164497474
302.6634287351861
302.67518760773714
302.6860424656928
302.6959706270375
302.70493641688023
302.7128620870969
302.7197574595295
302.72562857147557
302.73048108172867
302.73428383141163
302.7370839255203
302.73886464741787
302.73965963957124
302.73951896008066
302.7384077679353
302.73638747139756
302.7334808319457
302.7297273673003
302.7250932342662
302.7196479422548
302.71342353294455
302.706400967088
302.6986076759305
302.69009277263496
302.68085534862706
302.67093977544863
302.6603354120952
302.64907270520246
302.63717387343877
302.62469311049597
302.61158444496994
302.597933579349
302.5836958805508
302.5689180472866
302.55362414317193
302.53787048893037
302.5215769039541
302.5048643800138
302.487669788817
302.470069278976
302.45209334763894
302.4336967462253
302.4149838527474
302.39594973564783
302.37659689590515
302.35695047095476
302.33705899291056
302.3169766721481
302.29666389928207
302.2761811795498
302.2555728640775
302.2348592534237
302.2140866358106
302.19334634842386
302.1726758150571
302.15215369775655
302.1318325132427
302.11184634638624
302.0922661586434
302.07322166601955
302.05476797367334
302.0370286587203
302.02009865586547
302.00409861189075
301.98906030677733
301.97509900600227
301.96232362653507
301.9507682088234
301.9404687028596
301.9315511487184
301.9240496435158
301.9180084692604
301.91350958535725
301.9105031686197
301.9090559243279
301.9091463753411
301.91082510427736
301.9140765925483
301.9188190601909
301.9229461112089
293.74484761628094
293.7695575664968
293.79400854213645
293.8179988784271
293.84150623660844
293.86439744075335
293.88664202153564
293.90796756829786
293.9282804198416
293.947497908975
293.965584925925
293.9824192493401
293.9976394839833
294.01123362266
294.0233074136359
294.03377894219784
294.0426246978835
294.0497431155229
294.0550962685737
294.0587227947609
294.06066829799255
294.06090065347894
294.0594040728837
294.0561954094876
294.05128657961086
294.0448228385684
294.036961647081
294.0279361597639
294.0177905851646
294.0067067857407
293.99463947426756
293.98209299319717
293.96945209227596
293.9570526330071
293.94502042725793
293.9334884578708
293.92249780346793
293.9121941219003
293.90263004205656
293.89370272838664
293.885432207196
293.8777779141189
293.87062884453275
293.86378326068973
293.8570287624344
293.850273934306
293.84350152923594
293.8366503318625
293.8297657582087
293.82294490045217
293.81615945463
293.8094815164579
293.80296558434236
293.7966324104789
293.7905942640815
293.78489310865086
293.7795697874558
293.7745841119138
293.7699193793183
293.76554069391113
293.76132217583404
293.7572319783169
293.75321245322675
293.7491252649396
293.74490387207595
293.74054515392794
293.7359642740148
293.7310997267542
293.72585041846634
293.72019767786503
293.71408373289313
293.7074668700625
293.7003386129338
293.6926422363633
293.68444176792934
293.67561163988336
293.6661372172427
293.6560286453909
293.6453309552844
293.6341637182826
293.62275220734773
293.6113440465314
293.60011514096254
293.5894562110482
293.58022210255695
293.57157962665
293.5625149098306
293.55273466047583
293.5423226937185
293.5314446980602
293.52051051903777
293.509699889823
293.499119152069
293.4887193761599
293.4786367807436
293.46930688079783
293.46120735196746
293.4546576395162
293.4498555590263
293.44674950861827
293.4455698557184
293.4463189403398
293.4490659821041
293.4538258147173
293.4605061084392
293.46900369491107
293.4791930337237
293.4909723243641
293.50436926010485
293.51921346537756
293.5353161545191
293.5525132528653
293.570654109269
293.589701733006
293.60946169672286
293.6296413454258
293.6500656479352
293.6706991242571
293.6848333981244
