291.1559417980686
291.29384235566766
291.4292341001038
291.5623541845178
291.69314240602233
291.82017109040316
291.9354786882143
292.04396802645715
292.14577176841823
292.24090289344423
292.32739202476205
292.398392909121
292.4593132545863
292.51035172791
292.55167625348344
292.5835828450852
292.6065514548798
292.6199089782268
292.62382476316014
292.6184550139486
292.6027711627329
292.5762590856256
292.54001506693646
292.4942371292602
292.43921950735086
292.3761257855919
292.30598164067635
292.2285867409916
292.144076253894
292.05269283204814
291.96147020680684
291.8717548899274
291.78056536555
291.68817413830726
291.59472481069844
291.5037162322223
291.4148959810335
291.3277758838615
291.2412750521626
291.1555121676836
291.08070793645226
291.0051863663124
290.9004351425105
290.8133741286803
290.7282138048207
290.62710671667094
290.53780242625044
290.4493564882672
290.36156425235856
290.2746174517647
290.18904093982866
290.1044861357136
290.020895250193
289.9382234778043
289.8565980410797
289.7759141236303
289.6962966245861
289.6178011457935
289.54042193869503
289.4641436252956
289.38920303699746
289.31535574176695
289.24253040668026
289.17074564524125
289.09989680680394
289.03006240844275
288.96102077358273
288.89287615611835
288.82556596094463
288.75899207077487
288.6929489285411
288.627619145976
288.56302517732297
288.51128864992234
288.48015680842616
288.4309617463262
288.38316982648155
288.4298233430851
288.4019244931309
288.3331702971273
288.3011743588878
288.3067257969111
288.24892085776366
288.3059565012026
288.30737315042177
288.3094432935618
288.31294275979377
288.3169584390761
288.3210464028774
288.33108368805176
288.34670420880644
288.365628253616
288.3881642303451
288.4144390129893
288.45143910265335
288.4976186196917
288.5514843590579
288.61303019828136
288.68238819777434
288.7596942580736
288.8444844560114
288.93636744303853
289.0352754489472
289.1412302713799
289.2491524197953
289.3620771248471
289.48030902847137
289.60373857018413
289.73219307571713
289.86740176419386
290.00759206757436
290.15230402070716
290.3014237640688
290.4535233086358
290.59943689784006
290.7449237967821
290.88987872627825
291.03420411223914
291.13190672104116
291.70211706054226
291.8312944179775
291.95633564188955
292.0778919403861
292.1963561569389
292.3118068776371
292.42257391533974
292.52702307653533
292.6249603699984
292.71637920746997
292.8012677526919
292.8776101824698
292.94365635485855
292.99950266236874
293.04548298469336
293.0818408097531
293.10900156054856
293.1271326141657
293.1363399479633
293.1366980825668
293.1282226541839
293.11056746084853
293.0836233283029
293.04752609897747
293.0023856234366
292.94854552926125
292.88732301067347
292.8194342541403
292.74495518417064
292.6639086594128
292.5773817975761
292.4899807073214
292.4030824040403
292.3165858699131
292.2302530005411
292.1444904798144
292.0603852128733
291.9782565684173
291.8987415915698
291.82022819869087
291.74473968020885
291.67679217227317
291.602450788043
291.51809398443436
291.43487346552
291.35007783641163
291.2572961428883
291.16749020527857
291.0800724488645
290.9945616002649
290.910740845557
290.82840492085506
290.7474811040187
290.66786825004465
290.58947329745746
290.5124183962204
290.43666889563247
290.362217466267
290.2890262887835
290.2170343562178
290.14610902840076
290.0761553439142
290.00712164207164
289.9390130882441
289.87185176074286
289.8053823076087
289.7395619160117
289.6745230274218
289.6102721399223
289.54670636547326
289.4839257451616
289.4216883280456
289.35996290408366
289.2988230098477
289.2591421420956
289.2308803815995
289.19468689758565
289.1839264842025
289.2118456121729
289.21352561267827
289.19746492677984
289.1984410599338
289.19025292916604
289.1956937960609
289.22637321834054
289.25138849595083
289.269713232582
289.2843620808371
289.2964878956079
289.30531178733645
289.3119773114499
289.32128741106845
289.3341396751769
289.35036367577607
289.3713508007198
289.3993757313883
289.4345006321759
289.4770618289631
289.5269565096658
289.58434047864245
289.649449074248
289.7219775834879
289.80185956824596
289.88904559323527
289.98276909243646
290.0820259982697
290.1865955462419
290.29619309502795
290.4106445736412
290.5309188960808
290.6573330295317
290.7882534700454
290.9226496154705
291.0600921996699
291.19558622013443
291.3286319832833
291.46084953184004
291.59228256937257
291.6810891904268
297.4883097578666
297.5379205483802
297.5868972617997
297.6352556105722
297.6829536024218
297.72999146669576
297.7761363421585
297.8211155020321
297.8648991087427
297.9074303715649
297.94860380699646
297.98786972522555
298.0248099080447
298.059343854181
298.0914346576037
298.12097611811294
298.14787846157975
298.17212729489415
298.1936298790926
298.21235826424805
298.2281205341776
298.2408691004274
298.25054898710255
298.25712107716157
298.26055724426027
298.2608200847816
298.2579955089019
298.25202336797753
298.2430230305841
298.23097486000324
298.21623421202975
298.20014021735886
298.1828179340536
298.16440666360825
298.1449430515665
298.12460188438433
298.1035555134146
298.08166258579337
298.0595165200049
298.0363426342365
298.0128841320803
297.98998383347055
297.96484528637495
297.9366648007173
297.90755071032964
297.8765789153665
297.84200572265826
297.80636012735135
297.76982874704447
297.7325945112133
297.69483851702523
297.6566296738785
297.6180796621496
297.5792353219756
297.54018398290737
297.5009157898935
297.461457804106
297.4218479679596
297.382074636858
297.34224892961805
297.30229233559425
297.26228825032183
297.2221961434675
297.18204632835716
297.14188022962355
297.1017135471802
297.06160448981154
297.02152302733674
296.98155679346024
296.94162348615566
296.9017368561291
296.8618656674554
296.82201818948096
296.7822556338137
296.74806887197786
296.71461687634365
296.6816079220686
296.6544912933465
296.6327620216494
296.6096930441161
296.5869098395992
296.5684753680911
296.54933422710235
296.5331598307081
296.5180552103337
296.50498453715915
296.4941235864301
296.4854514980184
296.479013188968
296.475005651507
296.4740497320604
296.47611226849926
296.481205015528
296.489283167622
296.50071984100146
296.5159954978979
296.5349336361512
296.55766563356445
296.5841385534832
296.6139209193103
296.6466110577133
296.68214728703293
296.720542691608
296.761789386376
296.8051079799429
296.8498008194882
296.8958363852343
296.9431584272122
296.9917375825119
297.041133629518
297.0910839367589
297.14156649594037
297.19245031031085
297.2437813034949
297.2952002789285
297.34642371800146
297.3973611064287
297.4480084900341
297.4822723409925
292.11767388961204
292.1821053770903
292.2434045307794
292.30165100863616
292.3569757336481
292.40960249329703
292.4588778711857
292.50381760744716
292.54444270065795
292.58096804027946
292.6135655880826
292.64169791507584
292.66452355139967
292.6820620071725
292.69455587561566
292.7023503963465
292.7051289714476
292.7023471650857
292.6941118761121
292.68049332459395
292.66158865300406
292.63694607330615
292.6063473168556
292.56989037824144
292.5279088763577
292.48052345286874
292.4282661902934
292.37187496391164
292.3119339045369
292.24901125239444
292.1838038731622
292.11929484461325
292.05822850242487
292.0018380139832
291.9506340544801
291.9049044142034
291.86625147510017
291.83352120057094
291.8071249544345
291.78783053357995
291.77581059780846
291.7712330332067
291.76954383384924
291.76184284308005
291.7520150906253
291.7406988519897
291.71922468643777
291.69267271909297
291.6644199214538
291.6361223394861
291.60836741585445
291.58115138641506
291.554576981132
291.52860337341764
291.5032275557
291.4784185018286
291.4538645248769
291.42939751267477
291.40497679913
291.38049150890294
291.3558534282528
291.3306861349586
291.3049679717811
291.2785992331197
291.25163431071
291.22407366718386
291.195599844231
291.16613069264264
291.1357145007704
291.10446722455856
291.07223847228994
291.03892236591116
291.0045323420741
290.96910881694237
290.93811924250707
290.91506856310883
290.89590919495936
290.8797192785219
290.8713167860263
290.8661068847971
290.85879513443024
290.84905708483797
290.83630560721446
290.82263257444487
290.8109538930556
290.80076950799247
290.7907566540217
290.77821321102437
290.7610450542938
290.73882215048366
290.71639943973946
290.6982131968478
290.6864606513514
290.6820939155145
290.68541068979897
290.696599508017
290.7157418904531
290.7427102174819
290.77726456138953
290.81880438697453
290.8664657986199
290.9195259767211
290.9774252942268
291.0397182690896
291.105991134473
291.1752344855926
291.2466995491915
291.3201367265852
291.3954799081921
291.471903406706
291.54811123815
291.6238807046628
291.69929651018396
291.7745134897443
291.8488305502104
291.921141025979
291.99118168288186
292.0590879626116
292.1041553834307
293.78306579236914
293.84103923756373
293.895919420475
293.94787179439413
293.997149638539
294.0440299978114
294.08825427283267
294.1288524125767
294.1655632170362
294.19846209330245
294.22779089667745
294.25346556155495
294.27516909044977
294.2926987852801
294.3061052639272
294.31541392119755
294.3201586476532
294.31964807008865
294.3138445076763
294.30293575668315
294.28717665936404
294.26650485632337
294.24082188654904
294.210265587597
294.17504319350815
294.13542922355157
294.0919618916622
294.04533635856495
293.9960923994781
293.9446374789431
293.8917513048041
293.84042386390416
293.79339339322263
293.75206478197924
293.7171534754378
293.6888666659982
293.6640382716582
293.6275468077029
293.5859830570243
293.54368530650396
293.50196472005587
293.4616657584325
293.42340481154486
293.3872709194827
293.35307216265596
293.320644975926
293.2897206639526
293.26003390333847
293.2314582395409
293.2037900595499
293.1770333804104
293.15114150489285
293.1260209371035
293.10151046720364
293.07765831290124
293.0544481751276
293.0317806190332
293.00954502178615
292.9876881662793
292.9661573972909
292.94488527178214
292.92387424271607
292.90297675874365
292.88218947153183
292.8613207322704
292.84039064794877
292.81933360293175
292.7980186390903
292.77645781102365
292.75453477985303
292.73226087026535
292.7095286302269
292.6863763929106
292.6628253236902
292.64196410680086
292.6265967588157
292.6159797800898
292.6098693636895
292.61078462091547
292.6159083038783
292.6206731761159
292.62350761123076
292.6231607371584
292.62053619099646
292.61840069281556
292.61665767175487
292.61325348128474
292.6059567503235
292.59340362916726
292.5750815520882
292.5546671902225
292.5357046478376
292.5204106329867
292.5098688900588
292.5048417850793
292.50599979793424
292.5140291393225
292.52911181613086
292.55127338841817
292.580012636802
292.6147078303742
292.65459062016845
292.69924534457414
292.7481995294284
292.80102462174517
292.8566251600398
292.9143733841875
292.97392318931736
293.0352190605858
293.0980253829428
293.1616810940186
293.2257004144526
293.2898898469351
293.35417694846313
293.41808196308745
293.48051194368173
293.5410521414507
293.5997090261646
293.63863738993587
292.229235922948
292.26395141680655
292.29942752253754
292.33556714368297
292.3721754235483
292.4091089914341
292.446224547296
292.4833229127731
292.52019680020766
292.5566056765309
292.59233618143804
292.62724549028275
292.66110195970805
292.6938849469545
292.7253501476281
292.7553443359158
292.7837887681055
292.81049114643406
292.83524562656737
292.8579109921208
292.8783657594731
292.89641703889646
292.91202576546146
292.925063860588
292.9354631694141
292.9431528357959
292.94808331170213
292.95028275183756
292.9498244907133
292.94688294095374
292.94165834049875
292.93426330432095
292.92501490793404
292.91418779150143
292.90213315265163
292.88908413002906
292.8753676904361
292.861213514406
292.8468642588085
292.8325028953076
292.81833816516786
292.80467529212086
292.7918223231255
292.77993238613215
292.7689023708414
292.75853545210816
292.74857682517876
292.738482817084
292.72775054637475
292.71623688043366
292.7039699222906
292.6910295275171
292.6774917968299
292.6634918890993
292.6491245129595
292.6344438816839
292.6195439980456
292.6044202960286
292.58914695604136
292.57376109471625
292.5581799381693
292.54251831710815
292.5267077892023
292.51076189353114
292.4945801453621
292.4782721644872
292.46168667305994
292.44491261577446
292.4278723889124
292.4104946366969
292.3928300437841
292.3748084884188
292.356430992353
292.3376236222292
292.31841582818834
292.29896506250435
292.27963162044585
292.2608017439686
292.2426856122707
292.22554504923875
292.2095959013043
292.194643879261
292.18050388120963
292.16693042454017
292.15390099971137
292.1415975636036
292.1298414257106
292.1184275031543
292.10702111032214
292.0952054324862
292.0826770259899
292.06923272141387
292.05510193451966
292.0406198486305
292.0259629408682
292.01163110301957
291.99791729314524
291.9852584204352
291.9740131300258
291.96452300198985
291.9570898417268
291.95195339190786
291.94930293848097
291.949268378376
291.9519494036403
291.95735765660777
291.9655711908055
291.9765049084071
291.9901178988769
292.0063231266367
292.0250247629573
292.04615666922706
292.0694738189458
292.0949254782832
292.12226650066856
292.1514362439822
292.18211501658845
292.2141319094292
292.2365776461767
293.20272845914405
293.209566771208
293.21667915967777
293.22402606506546
293.2315519531809
293.2392812179192
293.2471884709293
293.25513328344056
293.26308927965425
293.27102782481444
293.2789113914652
293.2867634039815
293.2944560921971
293.30198461573593
293.30931018964145
293.316438190966
293.3233654158035
293.329920365096
293.3361584977669
293.3420028440435
293.3474647400853
293.35247101095445
293.3570246036478
293.3610820149832
293.36462384135297
293.3676866618847
293.3702627298207
293.37251984511767
293.37446335692175
293.37622095646645
293.3777167066823
293.37900384618985
293.38015966087676
293.3811705976981
293.38211621967673
293.3829751038144
293.38367371802156
293.38330021811663
293.38232454845786
293.38097970290335
293.3794354396714
293.3777323438147
293.37598297094564
293.3741421334089
293.37219231924246
293.3702542300003
293.368120908894
293.3658648306588
293.3634539028473
293.3609751139788
293.3583628649242
293.3557083861482
293.3530111775594
293.35028438815584
293.34761897933925
293.344880161566
293.34216969811473
293.33939369619094
293.33662324091154
293.33382367258173
293.33100937895244
293.3281126416637
293.3251016608767
293.32203208241
293.3188699262606
293.3155947805784
293.312204845151
293.30866068235974
293.30493435430594
293.3011329123943
293.29709428561074
293.2929058835083
293.2885472259666
293.2839994509418
293.2794669325955
293.2751465749578
293.2711754674093
293.26751051701524
293.26424783856976
293.2613984022154
293.2587429094291
293.2561656151117
293.25360112877735
293.2509020187971
293.24807805353373
293.2450170073999
293.24171309644146
293.23806683435635
293.23406679209467
293.22967877955995
293.22494013681427
293.219942037389
293.21479891815363
293.2095707740628
293.2043288007933
293.1991625772832
293.1942785912725
293.1897343679447
293.185592937154
293.181930746833
293.1788051111348
293.1762175207992
293.1742055927436
293.1728162186484
293.17206204508744
293.17190820532227
293.1724061149195
293.17347842838836
293.1751487632167
293.1773901598592
293.180174849796
293.18350015526283
293.1873081368273
293.19159321001456
293.196344568127
293.2014936328961
293.2069768319876
293.2128131856605
293.21696605345045
302.5612842769991
302.578560300007
302.5969462138264
302.616511493199
302.6372278272189
302.6590092567619
302.681753844231
302.70508040443184
302.7290371630647
302.75350010618087
302.77843446544864
302.80384469553155
302.8294750066111
302.8553136927247
302.8813210866461
302.90736283624443
302.9332325927862
302.9589238158249
302.9842749470741
303.0092767918459
303.0337448768589
303.05760863461387
303.0807106228954
303.1028969479358
303.124124638186
303.1443124922631
303.16341299663014
303.18143692498643
303.19825000549844
303.2138410236981
303.2281953554209
303.24137640166595
303.2535276131873
303.26465792466206
303.274868121285
303.2840944189175
303.29236072067465
303.2992791914857
303.30499849437547
303.30944240461355
303.3126583335249
303.31470257471324
303.31562708044595
303.3153714958566
303.3140208459994
303.3115705465969
303.30805736498183
303.30341623201497
303.29782350375785
303.29138986680744
303.2841748240669
303.276110061857
303.2673197335937
303.2577218116821
303.24740231012174
303.2363485780451
303.2245688266875
303.2120353172647
303.1988886486548
303.1850410541032
303.1705257455676
303.1553785406222
303.1396422679984
303.12328459108016
303.10631295249624
303.08877778278253
303.07067800976137
303.05206745642914
303.03289643988376
303.0131161676634
302.9926514097814
302.97150056862375
302.94976633083326
302.92743481271356
302.9045497312504
302.8811848689839
302.85738691202806
302.8333031060618
302.80905175669346
302.7846706007553
302.7601882128208
302.7356686703093
302.7112722666009
302.6871263870556
302.66324071834543
302.63975952177
302.6166472133809
302.59380562382955
302.57131749668395
302.5490528281878
302.5272328747186
302.5059677185403
302.4852890761418
302.4652870905525
302.44610565960517
302.42789220755293
302.41071574937354
302.39479234949385
302.3800997402883
302.36653302809475
302.35418862457306
302.34308232616746
302.333143642459
302.3244448553604
302.3170803843054
302.31104070993547
302.30650497267135
302.30350291856735
302.3020451243001
302.3021298877281
302.3037955919909
302.30696303341534
302.31175804230884
302.3181228700905
302.3260262364669
302.33542072385546
302.3461310406682
302.3581362308583
302.3669776092405
296.4914445767307
296.50775434538593
296.5250900103832
296.54336694791385
296.56258394688007
296.58268571799977
296.6035361161091
296.6248345781312
296.6465429934315
296.6686738745793
296.69113637032484
296.7138015420475
296.7365190747197
296.75920492958005
296.78171212659663
296.8040865405486
296.82603096993955
296.8475800471345
296.86855991894487
296.8889069319211
296.9085596338803
296.9273752742204
296.94528105861264
296.9622757733251
296.9781637918165
296.9929387216632
297.0065631703659
297.0190598903106
297.03042158153715
297.0405373213319
297.0495341940139
297.05743294649477
297.06444264304895
297.0706671377187
297.0761578926027
297.0809899512642
297.0849688817345
297.0874635338615
297.0888636770671
297.0893001900812
297.0888581321984
297.08759033112545
297.0856406941249
297.0829027706463
297.0794297249955
297.075207942462
297.07022726399805
297.0645240054109
297.0581365599297
297.05110541821045
297.0434818587129
297.03520460345555
297.0263584040661
297.0169365724413
297.0069790879889
296.9964380731638
296.9853454760306
296.9737859619437
296.9617031756637
296.9491144786266
296.9360248497856
296.92247436546006
296.9084674554586
296.8939812668394
296.87907745554986
296.8637352991887
296.84793679750004
296.83174155789
296.8151103062822
296.7980271437214
296.78046276785795
296.76245277431696
296.7440210254724
296.7251308647749
296.70583137886496
296.6862046827703
296.66629599783636
296.64616667739983
296.62585535309637
296.60540298172106
296.5848049079111
296.56417095060334
296.5436041974373
296.5232722041576
296.5031135161979
296.48320010290416
296.4634605635761
296.44387145554487
296.424287227317
296.4047967982446
296.38544132349386
296.3663523453502
296.3475520018215
296.3291747078317
296.31131664193055
296.2941129431469
296.2777299735059
296.26218464382964
296.24768803770627
296.2342595934812
296.2219852226516
296.21091205122684
296.2009734206715
296.1921574958749
296.1845977078382
296.1783023352747
296.1734181396992
296.1701459424026
296.16838101466317
296.1682330991476
296.1695015260251
296.17237026196835
296.1766392434057
296.18246322700304
296.18969900840153
296.1983207368941
296.2083007142023
296.2195465420426
296.22787250429235
304.63881171434906
304.6564276399435
304.67568921420263
304.6965655410032
304.71893712663666
304.7427957391675
304.76803911867836
304.7945860817613
304.82238223624756
304.8513041596863
304.8812670701884
304.9121221691099
304.94377866464504
304.97614632301634
305.0090192789462
305.04228685528494
305.07583972807413
305.1095134838186
305.1431898177688
305.1767256501233
305.2100486229545
305.24299330026133
305.275415186356
305.30725187060864
305.3382682370793
305.3684335581839
305.3976075443016
305.42563846566253
305.4524655324082
305.4780208550301
305.5021989254156
305.5249776541382
305.54639957139324
305.5663787935377
305.5850883431245
305.6025731615915
305.61878536596237
305.6336565468316
305.64688280486445
305.6583575595751
305.6680397165072
305.6760976959256
305.68255652820636
305.68747905712104
305.6909513717887
305.69304883484506
305.6937833744211
305.6932036044839
305.69127345792657
305.6880712449817
305.6835629379332
305.6778209875718
305.67088017589293
305.66282029763966
305.6536200508156
305.64333368347195
305.6320808974262
305.61983712598635
305.6066648409545
305.59260654810834
305.57766151815207
305.5619410566061
305.54541438197043
305.52811847784574
305.5100963204415
305.4913649673134
305.47193211736845
305.4518394086228
305.4310981079567
305.4097494521228
305.3877726586497
305.3652494530866
305.34208238157413
305.31841465614724
305.29422430379066
305.26947306129307
305.24427498416486
305.21864057341134
305.1926279050118
305.1662643018255
305.13962401978745
305.11270723142684
305.0855121008103
305.0581545543617
305.03062398529323
305.0030792681805
304.9754079299893
304.94779704342244
304.92024570751624
304.8927699673818
304.86538210722483
304.8381657566466
304.8112376845821
304.7846242882556
304.75843343307395
304.7327727915038
304.7077920007277
304.6836169889461
304.66041678146723
304.63832620530945
304.6175101071894
304.59811014930665
304.58026043935786
304.56402441744007
304.549614268399
304.5370379138248
304.52642714169747
304.5178309042148
304.51129622724284
304.50687321813416
304.5045758220219
304.50446390731054
304.5064293117655
304.51052579761597
304.5167126218384
304.52492482648864
304.5351399843095
304.5472814713639
304.55657769191424
298.276456149038
298.29903253827075
298.32347796725674
298.34973020976344
298.3777191988134
298.4074255795448
298.43869215880665
298.4715019559355
298.5057230061839
298.5412694269926
298.57798593545317
298.61577509170553
298.6545077587405
298.69391570348563
298.73391380941223
298.77435241689324
298.81503228363033
298.85581505308164
298.896519249144
298.9370397823565
298.9771427018726
299.01674875541636
299.05570148298114
299.09385569247024
299.1310645674705
299.1672174348866
299.2021745550651
299.23579428756375
299.26797235739843
299.2986253853555
299.3276447093478
299.3550065846801
299.3806108940079
299.40455764464474
299.426902592551
299.447638432585
299.4668460004624
299.4840473106431
299.49900215651377
299.51162549166725
299.5219798275665
299.5301373287249
299.5361718075665
299.54018872728903
299.5423071637893
299.5425153122791
299.54095459714136
299.5376047169693
299.53256762584704
299.5258537984471
299.5174838962988
299.5075704651017
299.49620085180527
299.4834317477335
299.46930556549535
299.4539383897475
299.4373540811996
299.4196741890104
299.40086463454764
299.38107453804275
299.36033372359236
299.3386529863207
299.31613852061184
299.29278020758375
299.26868749625623
299.2438568025989
299.21833550806076
299.19213118186656
299.1653480416072
299.13798409910254
299.1100325403633
299.0816098912371
299.05269133159453
299.02333304307945
298.9935366735462
298.9633579510919
298.93279867075665
298.90191221867923
298.8707461957915
298.8393255509958
298.8076273766976
298.77577651405846
298.7437600242029
298.7115661722402
298.6793455235472
298.6470545020527
298.6147476860617
298.58256530018394
298.5504390573811
298.51857654360947
298.48695559938506
298.4557273845654
298.42505822176855
298.3950515190373
298.36584256210705
298.3375495048153
298.3103014922899
298.2843516022453
298.2596940904333
298.2365508986379
298.21506643724524
298.19533659894256
298.17746893710193
298.16161793537617
298.1478831999131
298.1363124491003
298.126994514807
298.12004598154914
298.1154658732374
298.11338872577204
298.1137785498773
298.1167201113948
298.1221560686998
298.13002629409027
298.1403555450661
298.15303876316716
298.16800871416154
298.1851874055946
298.19808323234133
307.40500350814875
307.41966832940386
307.435958418491
307.45384806650674
307.4732180677198
307.49409654084434
307.5164226609823
307.5400777697082
307.56505576168536
307.5912568803196
307.61862119015757
307.64705894003094
307.6764474708576
307.70675133184545
307.7377915555677
307.7694594414303
307.80167697857064
307.8342999821043
307.86727566199903
307.90042169018346
307.9336932302896
307.96693896351104
308.0000772651806
308.0329132816608
308.0653964697085
308.0972987457278
308.12862548192834
308.1591669316294
308.1888972133612
308.2176242661572
308.24533319827094
308.2719019419217
308.29735631550756
308.32171389467624
308.3449728656564
308.3672021749703
308.38849075324356
308.4083966131857
308.42677254558333
308.443465607087
308.45841820265434
308.47161723886654
308.4831961101067
308.4931790725035
308.50157603937765
308.50838704456885
308.51366806096695
308.5173604096221
308.51944376717944
308.51992676030255
308.51884049655865
308.5162235103202
308.5121087855847
308.5065811368318
308.4997031912985
308.4915262506231
308.48211561251486
308.4715519764867
308.45982363952544
308.4470843998398
308.4333020155546
308.41858925421326
308.4029585264245
308.3864455029636
308.36910214535936
308.35092867538845
308.3319958309866
308.3123019621208
308.2919139101098
308.2708028155373
308.2489930906973
308.2265509385245
308.20347388505814
308.17976519817626
308.15549184067225
308.130623777729
308.1053123805537
308.0794364257592
308.05322691932713
308.0265625663604
307.9996244966621
307.9723941994048
307.9449323208513
307.9172260768077
307.8893111910914
307.8612629962999
307.8330762372919
307.80482260374947
307.7765383445894
307.74814546643006
307.71983819264915
307.69160316561596
307.6635666773912
307.6357816952118
307.6084620876972
307.5816800700014
307.55554652634453
307.5302415654188
307.50593333838066
307.4828073577077
307.460954314437
307.4405286831418
307.42166237243583
307.40442845820365
307.388972572478
307.3753768885659
307.3636751540873
307.35395569569954
307.3462385723782
307.340569030326
307.3370086543348
307.33548315316887
307.33598763028664
307.33853640446637
307.34308038587756
307.3496007665286
307.3579561321573
307.3681748137874
307.376072987051
305.6387124621808
305.65115682828036
305.6653363935203
305.6811162505864
305.69857455477506
305.71757615160203
305.7381458173675
305.76018890211293
305.7836523047486
305.80849923320943
305.8346026286502
305.8619575321882
305.89040110407916
305.91982983543215
305.95016787180094
305.9813051376424
306.01306054348373
306.0453371111864
306.0780632611716
306.1110833135672
306.14425346002446
306.1775173306627
306.21066987508647
306.2436856259334
306.27646821876385
306.30884879763573
306.34068854386555
306.37192581023663
306.4024709342928
306.4322315510114
306.4610308656094
306.4889094005579
306.51576934027844
306.5416044800378
306.56639958483373
306.5900965946768
306.61283072918326
306.6342516380772
306.65421547502274
306.6725587507895
306.68927160587066
306.7042960217592
306.71772022778555
306.72948391243455
306.7396210587559
306.7481160084786
306.7550301752828
306.76033974142166
306.76401611397284
306.7661187345807
306.7665880682303
306.76546016454006
306.76284448820616
306.75876464118403
306.7532377504296
306.74632501844434
306.7381270526175
306.7286472373524
306.71796032366547
306.7061043635318
306.69318218781393
306.6791694861011
306.6641613850743
306.6482004180007
306.63135009714836
306.6135765111389
306.59499421125577
306.57563242401005
306.5554954626026
306.53465383784004
306.5130987749116
306.4908740478961
306.46803699210477
306.44461388033164
306.42059380588694
306.39604199973513
306.3709822420517
306.3454107923142
306.31944039490327
306.2930933302406
306.26630099124645
306.23920718819414
306.21184693296715
306.1842090596129
306.15631065342586
306.1282523537415
306.1000375543925
306.0717211996643
306.04334971769777
306.0149571324948
305.9866520518974
305.95846309629974
305.93053754040466
305.9029282650706
305.8756907394412
305.84898813402026
305.8229113184694
305.79756517758966
305.7731052160179
305.74962837331867
305.7272458808172
305.70607988811855
305.6862816637601
305.6679145744259
305.65113133103534
305.63597133521785
305.6225608663359
305.6109469948889
305.6012150949936
305.59342519930186
305.58760196829087
305.5838024018116
305.58199436311844
305.58218252841357
305.5843761445054
305.5885113169752
305.594587317777
305.6025177052151
305.60894968062985
297.5596910260612
297.60185483003255
297.6436615344536
297.6851326627585
297.726242126501
297.7668046927529
297.80652625811035
297.84449824849156
297.88050324416037
297.9143438901505
297.9460387964716
297.97530836140953
298.00182194233923
298.0255620321522
298.0468058389013
298.0655608207552
298.0817466777649
298.0952425592364
298.1059112838626
298.1138379721914
298.118944340533
298.12127050904155
298.1208509599412
298.11766087248975
298.11172801876705
298.1029969706859
298.09170502834377
298.0779546450273
298.06195633935795
298.04397326556244
298.0243657132791
298.0041850659297
297.98450791738634
297.96576565468985
297.9480232041419
297.93132082299815
297.9156845937792
297.8992899430417
297.8815282945312
297.8630558974459
297.8442323461316
297.82531095157066
297.80657883840024
297.7881712357663
297.7699655305248
297.7519040175896
297.73383263543445
297.7155701224295
297.69696665000856
297.67800802412177
297.6586738021694
297.63898144246355
297.61901982297013
297.5988327021435
297.5784967065845
297.5581411713254
297.53772761783654
297.51732722668817
297.4970057235863
297.476749716714
297.45652916678023
297.43641648774116
297.4162530070122
297.39604995343046
297.375763915739
297.35533833948114
297.33476370276395
297.31402479118975
297.2930801239154
297.2719091381941
297.2505206390194
297.2288625376452
297.20692953211676
297.1846031179818
297.1620088279846
297.13926020125814
297.1167487411546
297.094821601093
297.07380119893367
297.0538188234041
297.0349819173746
297.01727739691665
297.0003159127907
296.9857095474789
296.976568135951
296.9715483564903
296.9674878060839
296.9627966743508
296.95707475345756
296.9503446823186
296.94311040013343
296.93571858889476
296.9288124069583
296.9226799592731
296.9179373839967
296.91535323126567
296.91570390694824
296.91909931416535
296.9255644943644
296.93501073470713
296.9476554231408
296.96343549636566
296.98215525660595
297.0039848776589
297.0286101207804
297.05561425777177
297.0848148954001
297.1160567019587
297.1491776066263
297.1841616418155
297.2206157352212
297.2582227831083
297.29672517749077
297.33602231145295
297.3757477073298
297.4153490745914
297.45477513142964
297.49398207577985
297.52053656750326
