291.5666971060695
291.7420082943546
291.90955943081633
292.0690038493338
292.2203940067736
292.3630434860263
292.491308917858
292.608514989118
292.71513590883353
292.8114180801334
292.8967961431079
292.9690058398922
293.0297179841282
293.07915257559387
293.11747850186293
293.14372043149393
293.15507503069676
293.15393379473596
293.1405978031193
293.11513061493787
293.07826799521314
293.0304041757567
292.9712697004398
292.901170563626
292.82022328471805
292.72917565635134
292.6292078456779
292.52027346525205
292.4026192317124
292.27642097581986
292.149707229709
292.026376177955
291.9018862895122
291.77626789356475
291.6497150997068
291.52537287628763
291.4038050258947
291.2830264837225
291.1629328544961
291.04337129222347
290.91794643149615
290.796704158805
290.6860013153609
290.5727118808258
290.4607678783508
290.3489042310533
290.2406391053036
290.13413780419535
290.02940796635164
289.9264158006445
289.8255301173872
289.7264543727472
289.62912147945264
289.5334228276233
289.43945860812556
289.3471200551184
289.2564379116882
289.16733577796293
289.0798314121158
288.99389725354297
288.9093910580416
288.8264307194141
288.74495444388657
288.66485827870656
288.58620784889865
288.50907976607783
288.4331606788317
288.35844890560907
288.28494006348814
288.2125710952766
288.1409908240853
288.0704081227852
288.0007484163858
287.9337841428877
287.87053635970176
287.80512520404903
287.74036276033
287.652715122581
287.595076810924
287.5752881333938
287.545802875344
287.5677910215276
287.60525626194277
287.60398764616883
287.61845234304246
287.63360260379585
287.65147222862925
287.6715917961528
287.6935346742918
287.718235237393
287.74673590756254
287.77627770108023
287.8066561846668
287.83786233755364
287.8835047469556
287.9418886356469
288.0095750257596
288.0869100329342
288.1744039497856
288.26998918484867
288.3752194193798
288.49063487468277
288.61635332663764
288.7523589309863
288.89834579967174
289.05396094471854
289.21909199244277
289.3935323858444
289.5772655854909
289.76990026901876
289.96888150795536
290.1739876972532
290.38501758089694
290.6002298023672
290.8050973479965
291.00721296458187
291.2069804400441
291.40421988076855
291.53687378422734
291.86460989432555
292.0417134461189
292.2066836253367
292.3613816060623
292.5067783201332
292.6433574624909
292.7704401642264
292.8871627329298
292.9935123494598
293.089636897257
293.17561094729695
293.250966865279
293.31512012998377
293.3680667607666
293.40997009221377
293.4409470185508
293.460231114401
293.46752452829605
293.4629510579014
293.44667826542627
293.4189964934629
293.3805786907267
293.33193687145325
293.27311562347097
293.2041514055598
293.1253183812382
293.0379639174664
292.94278752453306
292.83976025248114
292.72893001517417
292.61148810663457
292.4931789256463
292.37549929425296
292.2584482395201
292.14186562322567
292.02620857893396
291.91265737405047
291.80076696764553
291.68976015366644
291.57752794821204
291.464283751593
291.3482838647719
291.2361655686761
291.12913527548204
291.0242459396222
290.92057264219244
290.8172684144744
290.71602359223846
290.6167174368004
290.51928643727786
290.423872498202
290.3304081525086
290.23873462466725
290.148783216945
290.0604729743954
289.9736719277382
289.8883671213343
289.8045736765087
289.7222992782105
289.6414686160829
289.5619647481107
289.4836904719481
289.40673927900804
289.33107196891063
289.25666383058126
289.1833661899502
289.1111303243065
289.03989883824295
288.96964698355407
288.9003506117533
288.83210575935624
288.76468871381684
288.6980418770854
288.63210550147085
288.5698671250009
288.5093751448541
288.4478854402115
288.37908134427926
288.3008181305748
288.24373483955924
288.19649079346163
288.1946082547777
288.2349271025475
288.305690652434
288.3675915099867
288.41191816618885
288.4469259328558
288.4763939105637
288.5019601314227
288.5228875873554
288.5361147347702
288.5457907823977
288.55403426726616
288.56147575913093
288.5715370795808
288.5934686873328
288.6288419670135
288.6771475104026
288.73770714966
288.8095190198867
288.891616391029
288.9845102236254
289.0883753106658
289.2030439924185
289.3295383574427
289.4691254004512
289.62045779283324
289.7823583534619
289.9539616219458
290.13410778038303
290.321316440178
290.51495386205596
290.714313469799
290.91888443410454
291.12351588823896
291.3232395283333
291.51801912910764
291.70824127659125
291.83522743609086
296.3205946484094
296.3868936237706
296.45184209855114
296.5152654081475
296.57706783616067
296.63722714944504
296.6955002175504
296.75176803682814
296.80590381320616
296.85788937951645
296.9076556216648
296.95500396413104
296.99980025174375
297.041977611407
297.0814165150033
297.11805991981157
297.1515675805415
297.18173884862193
297.20848833446394
297.2318218488801
297.2516436029932
297.2678068391599
297.2802150797241
297.28888906683983
297.2937146201959
297.2947386426055
297.29186027724495
297.285052908658
297.27436499093125
297.25978984815396
297.2417036661556
297.2218327515517
297.20050664356165
297.17783699205273
297.15386799915524
297.1288089351881
297.1030325921749
297.07526852390146
297.0446551643334
297.0102965860353
296.9737962060709
296.9351133343624
296.89572663918824
296.85606059568977
296.81581413083495
296.77492363320584
296.73308244462265
296.6907780956891
296.6480231161402
296.6049595537984
296.56159396757715
296.5180164583921
296.4743538595754
296.4305538956582
296.3867056497018
296.3428048277536
296.2988853663373
296.2549294174716
296.2109940564651
296.1670893389604
296.12321508916017
296.07938368512487
296.0356446066933
295.99196170604586
295.9483639132759
295.90491196044826
295.8615581178475
295.81838490109357
295.77537485152754
295.73251316841237
295.68978450190485
295.6472141275247
295.6047764363161
295.5624778163676
295.52108849545084
295.47995575267043
295.43903209595584
295.3969637262658
295.3538538778147
295.3131807068106
295.27365096716784
295.2437077147067
295.21557280047693
295.18739225830547
295.1589202422726
295.13380992751536
295.11264976207013
295.0955666795693
295.0826469152445
295.0733615502532
295.0664663687742
295.06202086892006
295.0600238215433
295.0605662157883
295.064700993144
295.0746990755213
295.09069337703835
295.1126407663063
295.1405317534048
295.1738975438113
295.21184877140985
295.2543137319257
295.3012131237305
295.3525095772391
295.407370092139
295.4647522716779
295.5245242236465
295.5866643590323
295.6511296042578
295.71721555544343
295.78418968054814
295.85189653001765
295.9202800055354
295.98922909899414
296.0583515288984
296.1271343629939
296.19547690940175
296.26338084916625
296.30918895534074
290.5740476520464
290.6575999022702
290.7371896212288
290.81264289262447
290.88421679866616
290.95222113162345
291.0161292351491
291.0748254072847
291.12821297033145
291.17654993269963
291.2200604689409
291.2580727605046
291.28951858868925
291.3145122409075
291.33326265190436
291.34614442003755
291.35276083831513
291.3525234171825
291.3454662012137
291.3317077060864
291.3114141364334
291.2842301583034
291.2498090511657
291.20823024727525
291.159750975307
291.1046058351797
291.043303775928
290.97633835477353
290.90425303962104
290.82710390744114
290.745421485804
290.6628572784759
290.58304636772425
290.5077693430185
290.4378246397737
290.3734427681557
290.3150917749247
290.2628230768853
290.21575813334385
290.1727296496198
290.1330226991822
290.09510028857267
290.0591930545318
290.02728637498166
289.9983478554044
289.9712590257561
289.9441743606387
289.91749234671767
289.89146557599173
289.8662443846995
289.8417655543745
289.81774896678746
289.79401972845636
289.7706009879463
289.74748723326536
289.724544048128
289.7016504750661
289.67854845397625
289.65523893409096
289.6317457286724
289.60784996768075
289.58322882500744
289.5576884784018
289.5312168109559
289.5039284571317
289.475678522677
289.4461999135951
289.4154418881436
289.3834785324258
289.35036991266117
289.3160677063186
289.280363285686
289.24326435908046
289.204838132068
289.1658929866544
289.126902604043
289.08727141913215
289.0457191775522
289.0003183435322
288.95284373278355
288.9049955148221
288.8637053129716
288.8378964376936
288.83092900159323
288.8351951609541
288.84131628181063
288.843567636491
288.83876352720455
288.8254200961098
288.803882549475
288.78140428827817
288.764246241178
288.75504213831283
288.7548670425556
288.763870397884
288.78229909668846
288.81029304533763
288.8476478671681
288.8940930416346
288.9488409263141
289.0106824166345
289.07862912314124
289.15208691668306
289.23058689395015
289.31328844992834
289.39871437253987
289.48626824884326
289.5757794899637
289.66727878669025
289.7602070054577
289.85317362844887
289.9458292625288
290.0382790494723
290.130783167203
290.22286650382284
290.31302367979816
290.4010533273121
290.4871280490398
290.544661154714
291.1679758122486
291.2399048742475
291.3089386594399
291.37458817316593
291.43683214474896
291.4957293411037
291.550882004447
291.6011128656879
291.6461693159848
291.68626469911004
291.72175818824024
291.75237793436406
291.77731076146347
291.7966200836404
291.8104829227864
291.81919573694404
291.8228522759231
291.8211006939613
291.8138954136649
291.80124196301773
291.7832637975219
291.75977828525157
291.73046480887473
291.6954330635271
291.65480869991364
291.60883659919125
291.55791472776497
291.5025947438463
291.44332424607614
291.38049221607736
291.3143043055752
291.2471060078934
291.1818938111319
291.1205967783053
291.064578082013
291.0145928435025
290.9711843544902
290.9307574262088
290.88959042684206
290.8470855772891
290.8035469140182
290.7597562819367
290.7162531020415
290.67347607867134
290.6317965189046
290.5914056018245
290.5524332431894
290.51493941925656
290.4789105297452
290.4443021848539
290.4111316624101
290.3792801197446
290.34882553140847
290.3197248901866
290.2919992533618
290.26558779438284
290.24052322182916
290.216642268227
290.193838854055
290.17208628026697
290.1512710979604
290.1312582509509
290.1118203879295
290.09269901601584
290.0737327346906
290.0548336087837
290.0359176104178
290.0168951838456
289.9976300874891
289.9781046836353
289.95817296922394
289.9375949975998
289.9162365288526
289.8940674789982
289.8714852107745
289.84877483023087
289.8257030425686
289.8015496755473
289.77494859424206
289.7466393044558
289.71736999435626
289.6919360407779
289.6775377799716
289.6781920891448
289.6909090585279
289.708600996935
289.7240255435821
289.7322559623232
289.730708333763
289.71923506359894
289.70276732508216
289.68626205112184
289.6725689780911
289.663494231596
289.6600177440521
289.66324702977766
289.67432379997047
289.69406581722615
289.7228143360538
289.7604683586373
289.80617664789037
289.8589135466622
289.9179167713349
289.9824376120988
290.0517654204509
290.1245566272985
290.19990302937975
290.2773534875525
290.35659385822515
290.4372558581897
290.51814457063966
290.59874805753736
290.6788946024417
290.75867494035464
290.8377923019645
290.9150366723613
290.9900103735963
291.06289487062094
291.1113879371935
290.4450915442186
290.48906547966385
290.5341477137253
290.58008228041564
290.6266002494198
290.6734848526287
290.7205138435997
290.7674895175188
290.8142068778577
290.86038609133647
290.90583937798095
290.95033740698744
290.9937794727314
291.0358487098696
291.0763382932778
291.1150574103551
291.15184485236176
291.1864576704164
291.2187143448102
291.2484216062017
291.27537651670576
291.2995053683135
291.3206072135403
291.3386205897826
291.3534172362887
291.3649209723241
291.37305856066433
291.3778838525862
291.3793915664284
291.3776879240126
291.37287884658485
291.36511461026856
291.35461373193516
291.34168098349545
291.3267336690718
291.31010337105994
291.2922292397943
291.27339521676566
291.2539856397286
291.2342402674775
291.21432167564893
291.1943344385615
291.1743608302138
291.15441647944465
291.13459292618563
291.1149410542323
291.09552888310895
291.0762758319038
291.05719102888435
291.03823238595527
291.0194320696808
291.0008222186666
290.98234015786466
290.9639751753573
290.94575649657605
290.92765135333735
290.90963766978814
290.8917176332854
290.873841795723
290.8560583934336
290.8383156626184
290.8206186111668
290.802864548638
290.78509687119623
290.76721315718015
290.7491874241616
290.73099712960186
290.71256923351694
290.69385673019343
290.67479559535957
290.65536543202023
290.6355623171206
290.61530492021296
290.5946100273218
290.5734616914388
290.5518580092161
290.52976849586616
290.5072266625385
290.4841779822666
290.4604276779308
290.43594977380405
290.41080697404243
290.3854305604104
290.3604668505686
290.3368454133637
290.3150784393965
290.29526599833554
290.27711178609707
290.2600111949361
290.24345626033664
290.2268615639825
290.21002610208257
290.1929034409438
290.1757145809226
290.15871158424795
290.1423144055259
290.1268561365372
290.1127892204697
290.1005927131247
290.0906991980247
290.08336545426147
290.07893334955486
290.0775715314278
290.07939505151035
290.0845143555911
290.0929740712454
290.1047816772125
290.1198913516319
290.13821488146255
290.15970021629863
290.1842481530236
290.21163967926987
290.2417593361392
290.2743241724183
290.3092214242245
290.3462431668007
290.3852183979502
290.42593095441833
290.45448230438996
290.5963074531544
290.6038240250321
290.6116174506955
290.6196787083281
290.6279891993426
290.6365149850564
290.6452113806698
290.6539749836266
290.66278024336304
290.67160844568076
290.6803296522906
290.6890194329775
290.69756630269177
290.70592106307475
290.7140809102117
290.72200889995366
290.72962434569706
290.73692245701704
290.7438455975411
290.7503617958863
290.756449828304
290.76203879115883
290.7671119980498
290.7716369592802
290.77559006354727
290.7789587837009
290.78177079233177
290.784102500738
290.7859467125223
290.7874029288387
290.78840740987954
290.7889890054616
290.78927003209395
290.78931347338715
290.78918466870584
290.7889096718621
290.78858410857055
290.78779296548515
290.7865519377178
290.7848964809014
290.78299143930417
290.78081282993685
290.77842727082725
290.77592476379465
290.77326865742754
290.77052225230005
290.7677187348681
290.76486495903805
290.76200029500626
290.75907133361756
290.7561726374225
290.753281108159
290.7504805965266
290.74768178579194
290.74494483585653
290.7422723902294
290.73963261193865
290.7370562715481
290.7344731624026
290.7319410411139
290.7293875975037
290.7268324831506
290.72419976802917
290.7214913007839
290.7187405942409
290.7158638642123
290.71290611241847
290.7097889037958
290.7065680535112
290.70320791683713
290.69968200433266
290.6960023851381
290.69211151283076
290.68803284148856
290.6837875882177
290.6793855623993
290.674847930283
290.6701564946237
290.6651262260471
290.65981726882944
290.654254125294
290.6487264780286
290.64375369560804
290.63977176222534
290.6367783614564
290.6343278304053
290.6320554913635
290.62957129137465
290.6266755958955
290.6232793799135
290.6193736553358
290.6149632624793
290.61014700569746
290.6049263816801
290.5994547512623
290.59387758407166
290.58844359935466
290.5832806829202
290.5785571489428
290.5743253649841
290.5706980948004
290.56771052982407
290.5654124551147
290.56380320638885
290.5628933441955
290.5627102134024
290.56314917089657
290.5642041901582
290.5659386478407
290.5682814296496
290.5712551307272
290.5747831873697
290.57887884656776
290.5835309903601
290.5887076365004
290.59434933634407
290.6003997771547
290.6068967723324
290.61151717341835
297.1011620307004
297.1210402061256
297.1423022318761
297.1648755394128
297.1887272532996
297.21386615338616
297.24018874352555
297.267734881878
297.29637549620395
297.32603201989366
297.3566979537199
297.38818526776805
297.4203371695728
297.45298501430597
297.4860440707499
297.5194290334149
297.55293866737446
297.58640533856556
297.6197007456073
297.6526668439277
297.68525142802366
297.7172614977556
297.7484772961893
297.77883669921334
297.80813883628093
297.8362701689215
297.8631161787301
297.8885826496904
297.91261095227463
297.9350168133516
297.9558356045932
297.9751273972457
297.9930336267832
298.00951108692436
298.02468331287116
298.0385229660993
298.05105233654075
298.0621509956743
298.07170684798075
298.07972149763714
298.0862018926726
298.0911865587914
298.0947615269788
298.09692532362266
298.0978193568352
298.0974046831953
298.0957713595464
298.09289001251125
298.0888742445691
298.0837559739537
298.07756624743985
298.07031796363486
298.0620978314723
298.052871761421
298.0426875266528
298.03159183076997
298.01960821507225
298.0067949635706
297.993132230977
297.9786812449669
297.96342396938644
297.9474616432288
297.93076427881874
297.91340313398484
297.8953399012721
297.8766547502448
297.85733223743426
297.8374040870888
297.8169255669657
297.79584858966297
297.7742118728137
297.75204434705944
297.72936076934155
297.7061767192339
297.6824991411154
297.65836832327886
297.6338656374255
297.60905739911226
297.58401728004725
297.55875023202077
297.53326703492047
297.50759820754723
297.481818557978
297.455946751928
297.4300811049326
297.404292200714
297.3785278829482
297.3528390273335
297.3272171456384
297.3017195447054
297.2765028129819
297.25173615455856
297.2275061431686
297.2038796481796
297.18104444237565
297.1591548345726
297.1384279684356
297.118927663528
297.1006879507274
297.08377686362087
297.06827488653823
297.05428536410716
297.0418962485085
297.03112837308015
297.0221205420233
297.0148094970588
297.0092940850969
297.0055843487806
297.0037601012183
297.0037724726078
297.00568589034594
297.0093933366912
297.0149407096534
297.0223689104059
297.03166038152955
297.0427680858223
297.0557055849387
297.0704926526565
297.0815728634868
292.49455294723134
292.5169779324844
292.540699347989
292.5656072894612
292.5916003288509
292.6185852828192
292.64642967762114
292.6749984393681
292.70415879827135
292.7338498974147
292.763934798678
292.7943252002544
292.8248832265803
292.85547099532636
292.8859548142018
292.9162806399677
292.94625068215345
292.9757723212492
293.00464188681633
293.0328049516315
293.0601724471665
293.0865522168567
293.1118909891506
293.1360056275889
293.1588746093991
293.18031449840583
293.20032568691767
293.2188242014763
293.23572049994584
293.25101754739745
293.26460181794937
293.276653632874
293.2873109569485
293.296675263207
293.30488059836887
293.31205004199944
293.31831951273455
293.323750856873
293.3281729168882
293.3314523265484
293.33361126582156
293.3346753720496
293.3346006396164
293.3334845875874
293.3313290499219
293.3282186020761
293.3241848165537
293.3192862478557
293.31349758372784
293.3069302899959
293.2995712054426
293.29147444635674
293.2826947028494
293.2732039657724
293.26306688937836
293.25234498675877
293.2410167660835
293.22912190371545
293.2166544390991
293.20370141534625
293.190239201859
293.1762827467631
293.16187380949236
293.14696898776225
293.1316237166274
293.11581798229076
293.0995525757526
293.08286891524205
293.065809624258
293.0482678581288
293.0303052971894
293.0119506659411
292.9931874927906
292.9740010194155
292.9544136372564
292.9344327435804
292.91409355531135
292.89341100048375
292.8723795055172
292.8509970187994
292.82933917645124
292.8074517073168
292.78547635745105
292.76350122817706
292.74164423259623
292.719933449458
292.69827266610724
292.6766485596051
292.6549829043022
292.633281126233
292.61164479624165
292.5902036355277
292.5690750128097
292.5484088395426
292.5283045773024
292.508978007263
292.4906511874313
292.47344088024647
292.4574703421103
292.44286986831395
292.42977468539146
292.4182651095189
292.4084080431273
292.4003595084391
292.394094480505
292.38972934554437
292.38728736481954
292.3868393788547
292.38840787025094
292.39198229266725
292.39753797648547
292.4050218530388
292.41441131175213
292.4257503615976
292.4389111162983
292.453882084016
292.4705269929676
292.48881412068806
292.50219661130103
302.79129292646667
302.80679755434306
302.8244305944462
302.84408613463575
302.8656214260991
302.8889683997352
302.9139525725763
302.9404597813748
302.9684074652033
302.9976577840093
303.0280827933697
303.05955639625597
303.09197947919563
303.1252432690042
303.15917290732955
303.193632417885
303.22857805335843
303.263808930639
303.2992421587334
303.33464962153414
303.37000585707335
303.4051486028164
303.43990697821624
303.47415536299303
303.5078366493923
303.5407868954061
303.5728484102574
303.6039805891641
303.63401581898864
303.6628505350322
303.69041260523767
303.7165756204997
303.7413552333834
303.7647013405347
303.7866537735834
303.80720574025963
303.82646946419385
303.844517698135
303.861505930666
303.8773915506142
303.89204367467397
303.90536935863474
303.91722407897225
303.9275981625883
303.93642550661406
303.9436999828271
303.94943204492336
303.9536691773664
303.9563367255991
303.9575408372247
303.9573111736489
303.9556609705492
303.9526596824401
303.94834965754245
303.94278125590085
303.9359956642772
303.9280362038067
303.91896883152987
303.9087970747703
303.8976263407177
303.8854108933722
303.8722413530265
303.85816014128045
303.84315343720795
303.8272975188903
303.8106029282206
303.79312211001
303.7748314841681
303.75581362890307
303.73602763638144
303.71558585210687
303.69443849681363
303.67261401055515
303.650156038141
303.62702481752495
303.60334058430766
303.5790048903428
303.5541539029872
303.5287273347509
303.5027606430185
303.47626679805506
303.44929052372896
303.42183918357193
303.39394563359997
303.36569343840017
303.33711435028465
303.3082750061446
303.27923424586487
303.2499957464254
303.2205903817459
303.19106228189935
303.16148460381305
303.13187399233436
303.1024341939538
303.07315287687163
303.0441669146796
303.0156833279235
302.987793224505
302.96069471649673
302.9345229338672
302.9095194648876
302.885841326644
302.8636663378274
302.84309622729705
302.8243584445697
302.80755451813934
302.79280323190073
302.7802013281736
302.7698745567235
302.7618665779676
302.7562588165622
302.75305522356354
302.75231539137974
302.7539660057215
302.75812786787407
302.76465296890285
302.77357310846133
302.7848109405505
302.79373686965886
299.4406243875832
299.45901424788036
299.47934740416116
299.50157575460895
299.5255608222854
299.551208015711
299.57838540748685
299.60699515777674
299.6369232269467
299.66804528013586
299.70024798866956
299.7333823479455
299.7673996387703
299.80205503935827
299.8372934455744
299.87297563607626
299.90896775143034
299.9451263901651
299.98130770064273
300.0173750219864
300.0531579026588
300.08857178501626
300.1234675746849
300.1577580773353
300.1912476306928
300.22390177512113
300.255595280878
300.28620485416496
300.31563778539066
300.34377927821794
300.3705891744896
300.39599496648066
300.41996990544703
300.4426121237329
300.46392208166776
300.48387149165467
300.50253036766026
300.52001884418195
300.53635168355686
300.55134580932963
300.5648698006112
300.5767221086389
300.5869064504637
300.5953608077843
300.60208578109075
300.60714513636697
300.6105595837205
300.6123113435216
300.61251551457906
300.611141106041
300.60828382465553
300.6039769120287
300.59825593742966
300.59115725440887
300.5828093391628
300.5732094824181
300.5624583855184
300.55051876854105
300.53748855614396
300.5234177041925
300.50830537701574
300.4922075166314
300.4751997170212
300.45730173137576
300.4385388110096
300.4189808720426
300.398652173454
300.37755000075214
300.355742471439
300.3332926868858
300.3101996407764
300.28648322773955
300.26222922112635
300.2374291078628
300.2121084194029
300.18627770248304
300.16004950744656
300.1333374327922
300.1062453486091
300.0787925901873
300.0510165657856
300.0229431453125
299.99458750046443
299.965955619516
299.9371290328041
299.90808075969915
299.87883756879
299.84947571760347
299.8199408668394
299.7903708725351
299.7607704399461
299.7312705054062
299.7019263449733
299.67293118804884
299.6444026941404
299.61646924100586
299.5894014489392
299.56327743987214
299.53828401476375
299.5146832900207
299.49258093028436
299.4721140547236
299.45343617665065
299.4366284001829
299.4218586583814
299.40915486520043
299.3985728055193
299.3902039763039
299.3841251271626
299.38035350562757
299.37888609134166
299.37972272824794
299.3829051767998
299.38839044830263
299.3961796742458
299.4062130610746
299.4185098556716
299.432933297876
299.4439625159953
304.6514766804191
304.66293295521234
304.67635077891987
304.6916283164226
304.70866151366266
304.7273642810419
304.7476730716218
304.7694803369846
304.7927000001306
304.81726982321726
304.84308642939055
304.87006867715735
304.8981367090716
304.9271751466443
304.95711833570255
304.98785554497266
305.01926012859917
305.0512582679432
305.083686467221
305.1164607874654
305.1494488400786
305.1825168294799
305.2155818042416
305.24847303334843
305.28113234282563
305.31342576437964
305.3452446371597
305.37646913143163
305.40699503798925
305.4367303935229
305.4655464279675
305.49340529644735
305.52028265052815
305.54608899029006
305.57093071903915
305.5947820144319
305.6176951518577
305.6397909663903
305.66104123511707
305.68131643516625
305.7004025378321
305.7180644400662
305.7341080856044
305.748497615733
305.76118369284296
305.7721217731708
305.7813906676952
305.7889802061091
305.79489657208205
305.7992624669962
305.80201401169154
305.8032818981287
305.803121617019
305.8015306345673
305.79864844153406
305.79443966862584
305.7889989428708
305.7823607123665
305.77458175211467
305.76566282364865
305.7556884135606
305.7446843204546
305.7326728277365
305.719652985734
305.7057266000633
305.6908751765446
305.6751439396942
305.65853413384895
305.6411185930637
305.62284661713676
305.60382397471597
305.58396693292946
305.5634153877513
305.5420978399295
305.52008695365237
305.4973630481994
305.47396435672
305.449938408566
305.4252888754968
305.3999975847747
305.37415242026105
305.34773122295593
305.32076437583254
305.29330836163655
305.26543151143795
305.2371245589723
305.2084553214219
305.1794600931871
305.1501404708656
305.120560530246
305.0907587114424
305.060806699236
305.0307409818767
305.00074224139877
304.97085615926494
304.9412362971154
304.9120803953279
304.88350293650814
304.85571647929856
304.82887740867665
304.80312784497954
304.77869760410687
304.7556822371343
304.7342081903894
304.714494878183
304.69658665735756
304.6806188585321
304.66662672894495
304.6547602456054
304.6450404424198
304.63744960177286
304.6321040956977
304.6289787372507
304.6280610385136
304.62937076739223
304.63280714486206
304.6383902180906
304.646083896366
304.65247381984926
302.72218380639714
302.73229186821874
302.7442875780827
302.7580958732202
302.7736578500222
302.7909161676773
302.80971829353535
302.8300160392533
302.8517337722156
302.87475299056365
302.8989969838956
302.92441231336744
302.9508691460286
302.9782522677358
303.0064953918139
303.0354634359484
303.0650878883853
303.09522347213544
303.1258074236376
303.156691408204
303.18775559686594
303.21893037466396
303.25011876511854
303.2811820787608
303.31205476892046
303.34260799872396
303.37276567558735
303.40241702939926
303.4315088253963
303.45991550918217
303.4875708330543
303.5143275109153
303.54025186465384
303.56526067947755
303.58930563235094
303.6124357571164
303.6346345709108
303.6559412161821
303.67634889350285
303.6957504788602
303.713991650045
303.73096341105867
303.7465104792181
303.7606268645851
303.77318324219664
303.7841877554175
303.7936671651763
303.8016009526367
303.8079914337222
303.8128601632382
303.8162479558973
303.81815797758804
303.8186773233827
303.81780929941925
303.8155755262778
303.81208101869754
303.8073409648184
303.8013667195906
303.79420937169544
303.7859571534658
303.7765857872882
303.7661466304606
303.75470452601496
303.7422813063347
303.7289095627672
303.7146176070925
303.6994204659336
303.68337525902973
303.6665270918471
303.6488604826742
303.6304607023694
303.61128265183567
303.5914106736645
303.5708420252907
303.5496452175999
303.52777712995896
303.5053192593441
303.4822502375395
303.458641215934
303.43451910208546
303.40987566264573
303.38477053246874
303.3592238247494
303.33324040739524
303.306846919808
303.2800914926437
303.25302828894564
303.2256203107247
303.19796184774293
303.1700665628559
303.1419716861081
303.1137617879794
303.08555970571024
303.0574359358428
303.0295067665028
303.0018875743106
302.9747331119135
302.94817412657136
302.9223555981279
302.89741511811366
302.8735022271894
302.8507658613545
302.8293338225665
302.8092788715841
302.7907434406255
302.7738655548608
302.7586571187675
302.74522537525894
302.73365827445485
302.72400123104
302.7162743851382
302.7105690934911
302.7068691019952
302.7051819948983
302.7055672929211
302.70796575543756
302.7124250352846
302.71884607641005
302.72438268365744
295.0190932882806
295.0643117191966
295.1086296720418
295.1516943148656
295.193462575436
295.2339466442314
295.27305844823474
295.3106347370296
295.3466757953774
295.3811765574299
295.4140754059317
295.44523822213125
295.47413904698
295.5006262457436
295.5247258771985
295.546310658728
295.5652041873281
295.5811092278867
295.59404486930157
295.60400369285696
295.6111340971957
295.61517275716506
295.6160614541026
295.6137934870869
295.60832476696936
295.5996886260035
295.58807664145735
295.5738421425412
295.5570737378109
295.5379068989971
295.5164875764949
295.49370851795925
295.4703827321248
295.4471658671618
295.4244509092231
295.4026243032169
295.3818475275894
295.362826782194
295.34510578905514
295.32778776920276
295.3104179479892
295.2927299886024
295.2746212722106
295.2559853042385
295.23686538035616
295.21729984351254
295.19744493460865
295.17725816565974
295.15683955384617
295.1362456561912
295.11552966012454
295.0947483447569
295.07395645948344
295.0531939793056
295.03254157134074
295.0120457072727
294.99173186006186
294.97160194160114
294.9516474919755
294.93182420399944
294.9120610503052
294.89232750844934
294.8726305578857
294.8528397258166
294.83295218713397
294.81298302254584
294.7928749926331
294.7725549349346
294.7519572197549
294.73105988090884
294.7098311777059
294.68820395656064
294.66618037289334
294.6437445738934
294.62097716216897
294.59780774515866
294.57426494518927
294.5504708919212
294.5263519780744
294.5018732708788
294.4769960780879
294.45184042983516
294.4268917068059
294.4036982208056
294.38362382397503
294.3674036630252
294.3547019546892
294.3445593996929
294.33600642645416
294.3283203052254
294.3210989468798
294.313916016006
294.30698092137146
294.3006788836076
294.2957122950784
294.2932652511521
294.29423336947127
294.29914696812233
294.3082098875356
294.3213107568775
294.33831254723924
294.35899475140315
294.3831266969441
294.41044606833685
294.44055841077727
294.4729314572806
294.50724053327957
294.54332270419184
294.5811184366164
294.6203844668091
294.66073350217255
294.7019566991706
294.74398291315316
294.78679227224995
294.8302314428486
294.8739120250613
294.9176501118157
294.9614036979949
294.99113405681396
