-0.02809839548724823
-0.028261823486025524
-0.02843566813311577
-0.02860231645127646
-0.028759317596880784
-0.028905701146194222
-0.029056286093128672
-0.02919824657948016
-0.029324799992767093
-0.029434334649759048
-0.02953309738771921
-0.02964268759482094
-0.029738861369497188
-0.029819309020273268
-0.029882844837473246
-0.029924708327369008
-0.02993415274683452
-0.02991774710588365
-0.029876160315154145
-0.02981001546374313
-0.02970378524701622
-0.02954997643213585
-0.029367609914870137
-0.029156989080044847
-0.02891953283603684
-0.02866530341498282
-0.02839748024081583
-0.02811167060960151
-0.02781057198548228
-0.02749458756783974
-0.0271657528028067
-0.02682048249227002
-0.026472289099513418
-0.026124550429594752
-0.02577817842969743
-0.025426975835112886
-0.025063540918965857
-0.02470174056023185
-0.02434051945282143
-0.023978131558159966
-0.023744846076825383
-0.023466121757546757
-0.023342507631518936
-0.023107749385403675
-0.022869866870568772
-0.022701031869027197
-0.022495484895238886
-0.0222970301728677
-0.022106229694149285
-0.021922178022358598
-0.021738351837025712
-0.021560300440844747
-0.02138894008609536
-0.021224551435422023
-0.0210660903751433
-0.02091643572782661
-0.020773091157945258
-0.02063594482944536
-0.020504096012453638
-0.020377099413495213
-0.020250424980971318
-0.020126730009550644
-0.020006635518729558
-0.019889803823691477
-0.019777519994618607
-0.019673569344800378
-0.019574327274835143
-0.019479874185518775
-0.019389633527638686
-0.0193023721134319
-0.019215362792827317
-0.01913193334358261
-0.019050846822381
-0.01892499336530387
-0.01872519898953564
-0.01860297901956815
-0.018479120605677413
-0.01773490904917699
-0.017155243854218623
-0.015999438415647844
-0.0157784992391363
-0.015102006083175528
-0.01505309274875988
-0.016133803837150813
-0.016491681438961188
-0.01703628061715891
-0.017632407898026933
-0.01826857147217533
-0.018937645536716306
-0.019475264055363522
-0.01987107374067586
-0.020249080016763107
-0.0206177354065181
-0.020979703976453164
-0.02131296284784032
-0.0216197108276083
-0.021914580870174297
-0.02220154791937414
-0.02248092019026227
-0.022812772478978914
-0.02317193778995384
-0.023540053965020426
-0.023917440311252983
-0.024304471234666253
-0.024692323636950276
-0.025083860434327906
-0.02548179611797503
-0.025886457347158463
-0.026292284763126488
-0.026576034052347233
-0.0268298791484691
-0.027058496813932787
-0.027259662094974307
-0.02743543338215241
-0.027611175814374663
-0.027770164717281942
-0.027908749400575774
-0.028025561793272022
-0.028093066576039223
-0.024684046479431586
-0.0248425805852546
-0.02502305992068705
-0.025204348665265476
-0.025378005591418264
-0.025542268065694845
-0.0256966306477124
-0.025843158552268135
-0.02597860086760906
-0.026100030528296438
-0.0262059624349987
-0.026296388824755275
-0.026370831953218817
-0.02642826010968378
-0.02646776316762577
-0.02649015909125556
-0.026488088916938077
-0.026458062869204404
-0.026400637516371617
-0.02631769114504566
-0.026210161058471338
-0.026069887229609248
-0.02589645420373871
-0.025692231892881317
-0.025459695612398962
-0.025200290158656866
-0.024920895855987238
-0.024625780280358667
-0.024317201333673166
-0.023995567870825036
-0.023660722557554713
-0.023313437129722257
-0.022959396752212737
-0.02260128031170173
-0.02224108594057259
-0.02187979489563909
-0.021517470765761184
-0.021142886909340512
-0.020750262502293847
-0.02034448326084956
-0.019948809087591692
-0.01961719492670714
-0.01934834937793244
-0.01915348228088646
-0.018958741810472156
-0.018772932313148326
-0.018623319303814254
-0.018467658820018815
-0.018309285344592172
-0.01815127917334237
-0.017994337576027492
-0.01783956859282146
-0.017687350868017787
-0.017538481279170213
-0.017392926605433495
-0.017251537583809307
-0.01711413288086248
-0.01698083931175919
-0.01685084917173917
-0.016725004439905853
-0.016601868388050837
-0.016482523881979336
-0.016366658153421
-0.016254003966577075
-0.016145004921213894
-0.016041282675630746
-0.015943757991258307
-0.015850282132462395
-0.015761454023677113
-0.015676942172024113
-0.015594278526949508
-0.015513351207155792
-0.015435017006283675
-0.015358983312636465
-0.015202251981544606
-0.015002991135461472
-0.014836400418970793
-0.014495935138762054
-0.013890511705408148
-0.012998626323065404
-0.012110088268679693
-0.011438224212967255
-0.010960785901277411
-0.011077839162632146
-0.011502256106286031
-0.01195678276345222
-0.012394115339567687
-0.012832469701794441
-0.013284238703275648
-0.013756756949887077
-0.014265296556489013
-0.014808430008178592
-0.015375992744067118
-0.015961294733486547
-0.01654658831813218
-0.017089677583245994
-0.017591053684991427
-0.01806074357448813
-0.018509404031102145
-0.018942367701161915
-0.019361246336415054
-0.019768767357923368
-0.020169327338224456
-0.02056803410902509
-0.020958188986764846
-0.021331282858795774
-0.0216937578092297
-0.022052811888089528
-0.022411895025862247
-0.022752014072832057
-0.023055291802731713
-0.023325428649001393
-0.02356598766137159
-0.023779593867270517
-0.023988238608204725
-0.024191828996901314
-0.024381048470910594
-0.0245539410352812
-0.02466093256341756
-0.004876883267532507
-0.005001060447849221
-0.005120311789656922
-0.00523344912469544
-0.005341578069197275
-0.005443725488741811
-0.005541220530817708
-0.005634446450254058
-0.005722754640891334
-0.005806309373229853
-0.005885020886860784
-0.005958832895354893
-0.006029081790012382
-0.006094435220462665
-0.006155103226852212
-0.006211001941816388
-0.006262233196664078
-0.006307466067165085
-0.006346705964935211
-0.006379223664193659
-0.006405138512120578
-0.0064200229024165304
-0.006423968131425112
-0.006416955899328852
-0.006398530048470155
-0.006368634907101249
-0.006328518034775313
-0.0062794173526699954
-0.006220307631337785
-0.006151809288274353
-0.006074921003937013
-0.005995261778648745
-0.005912933177811196
-0.005829692556767223
-0.005744911877253565
-0.005658053785712414
-0.0055667836552198155
-0.0054658591940390956
-0.005354912658538595
-0.0052329439874240396
-0.005106992568824794
-0.004988889652735399
-0.004885052781340697
-0.004800203435811497
-0.004719810490963351
-0.004647037018506405
-0.0045879260285522135
-0.00453296141429598
-0.004482068432701168
-0.004433384765961084
-0.0043870895019381
-0.004342731778867009
-0.004299805635432109
-0.0042589518965622675
-0.004219067848464633
-0.004180578107087561
-0.0041441478452266265
-0.004108855923634612
-0.004075628506255689
-0.004043536217757656
-0.004012884311080504
-0.003983234965403287
-0.003954704985082911
-0.003927105652877466
-0.003900849112871003
-0.00387517136730964
-0.003850407154069636
-0.0038262408048430744
-0.00380312264252443
-0.0037811820127662374
-0.003759338304426795
-0.0037387947515751304
-0.0037184770122748794
-0.003698821803713551
-0.0036581803532213767
-0.003615386697448226
-0.0035725721688169305
-0.0034933905108334076
-0.0033800276552863485
-0.0032216994112215687
-0.0030558625395148255
-0.0028995743980746447
-0.0027418527942709558
-0.002631908677790756
-0.0025111312118810767
-0.00238270673451837
-0.0022496507850238217
-0.002111971459420594
-0.00197013365197365
-0.0018291622303260257
-0.0017059919651876874
-0.001602188672522652
-0.0015188693653610007
-0.0014561645085433177
-0.0014170672304279924
-0.0014077681200112635
-0.0014284067436000105
-0.0014783789421488889
-0.0015578720779417896
-0.0016628729688331866
-0.0017886593152159269
-0.001934112335696036
-0.0020991988918540204
-0.002283738773834493
-0.0024793801583431457
-0.0026757899843015127
-0.002872677474264738
-0.0030701774722286467
-0.003267703719127415
-0.0034614461741166083
-0.003648930150735272
-0.003829278342608868
-0.004002527024315884
-0.00416812462510011
-0.004326049257773578
-0.004476511632027578
-0.004618694998334869
-0.004753072369686896
-0.004839434745133389
-0.022950132895176764
-0.023111176876819402
-0.023260436843692254
-0.023398542560370574
-0.023526516905694805
-0.023646304889467052
-0.02375609553538992
-0.02385324261979778
-0.023938203196894364
-0.024012618646888667
-0.02407765173932945
-0.024131310933554292
-0.024172531003120702
-0.02420162649755143
-0.024219977225375406
-0.02422712954985246
-0.024221069406588264
-0.024200467819742374
-0.024166594204850986
-0.024120187200595465
-0.024061956865775877
-0.023990416260800958
-0.023903344066252788
-0.023801679574658743
-0.02368600302910783
-0.02355714285874184
-0.02341648182384666
-0.023267986250984068
-0.023113124800606726
-0.022952824458202542
-0.022788429867029756
-0.022627128954712895
-0.022475920335865738
-0.02233694486574139
-0.02221052043147635
-0.022096910282923852
-0.021985692496751464
-0.021844166171645925
-0.021660735116873494
-0.02143599715269001
-0.021172657605467417
-0.02089302234129982
-0.020630653782612966
-0.020433648653483308
-0.02027085604765059
-0.020130055045442925
-0.020040786582542276
-0.019979968723502356
-0.019933050033257668
-0.019892170516989462
-0.01985443740560866
-0.01981800494088495
-0.019781299047399194
-0.019744060319558703
-0.01970598784536002
-0.01966748962217397
-0.019628593388476917
-0.019588624232313057
-0.019548409478834863
-0.019507521710234347
-0.019466108763373374
-0.01942358607553518
-0.019378473291319222
-0.019332078702281437
-0.019283704580080944
-0.01923353125361985
-0.0191808310519854
-0.01912623841358377
-0.01906957261483356
-0.01901077972355898
-0.018950622558966974
-0.018887437772150784
-0.01882253078855201
-0.018754815787316085
-0.01866402858080241
-0.018535287138981973
-0.018384630160531046
-0.018207983137609088
-0.0179685609761753
-0.017662368530270166
-0.0173077711915023
-0.01696128006964188
-0.016650583948573116
-0.016420176839249366
-0.016285069022803106
-0.016235558370940265
-0.01625598650029948
-0.016324343997047977
-0.016420940067024464
-0.016531506848086824
-0.01665711245462669
-0.016799866178270836
-0.016962674334051183
-0.017143282313983606
-0.017340349517160757
-0.017551914338170087
-0.01777778127003158
-0.01801649679353055
-0.01826665391731326
-0.018525172982737818
-0.01878899731918426
-0.01905469962830703
-0.019322107175710063
-0.019590930820874045
-0.019860361478305454
-0.02012808757121174
-0.020391568471006486
-0.020650228595670072
-0.02090530337817489
-0.021157046571450202
-0.021405444218373555
-0.02164800548265054
-0.02188527362503123
-0.022116477062065123
-0.02233521653706325
-0.022536318056347388
-0.022722352276115118
-0.022896687034675522
-0.023009957049275647
-0.016899507790995468
-0.01702963420998332
-0.017136162983950487
-0.0172193328120538
-0.017286568335689156
-0.017342574414458755
-0.017393539662754594
-0.01744288850419491
-0.017490293183971967
-0.017535462476180243
-0.01757842847825337
-0.017618371950578107
-0.01765424274078729
-0.017685365043060394
-0.01771143876118884
-0.017732670753262868
-0.017747328490130096
-0.017751755857356895
-0.01774726174594049
-0.017736115810580957
-0.01771894180877306
-0.01769448729432093
-0.017660055957528516
-0.01761657039925945
-0.01756236920434965
-0.0174982086446623
-0.0174264173703403
-0.017350369831732396
-0.017272529443369145
-0.017195692734694096
-0.017121320051055523
-0.01706703137213219
-0.017047461373672038
-0.017071169099773766
-0.017140796807714232
-0.017256131660417527
-0.017387293990694278
-0.017414185992244636
-0.017369509487996496
-0.017288232268436933
-0.017186069153226093
-0.01707014790190504
-0.016947090360367796
-0.016822730717477842
-0.016701704598519312
-0.016586366288616216
-0.016479331159374548
-0.016380146550018328
-0.016289931176365825
-0.016207843584372064
-0.01613346024397756
-0.0160663561641213
-0.01600478584595047
-0.015949384912230722
-0.015897993780472085
-0.015849926603415006
-0.015804672655185273
-0.01576105389161534
-0.015718953569568227
-0.01567795260026564
-0.01563843853332399
-0.015600739548342254
-0.015565991042624811
-0.015532828451544578
-0.015502468508198773
-0.015474124417956389
-0.01544832847654448
-0.015424557018888289
-0.015402499046012612
-0.015381315336722235
-0.015360657312491354
-0.015340164584792891
-0.015317534128995357
-0.015292557341494505
-0.015253030993862458
-0.015185960008165281
-0.015093074403499013
-0.014969837999347875
-0.014794305083641384
-0.014560531997602879
-0.01427942047472977
-0.01398843816021123
-0.013716045772531464
-0.013505138263183057
-0.013382568542599697
-0.01334148273411246
-0.013357428644648913
-0.013403885938953022
-0.013462042890687453
-0.01352264040152682
-0.013585630843212685
-0.013656265810854306
-0.013738994139615731
-0.013834313218766518
-0.013944913833887766
-0.014071091045326865
-0.01421155018885366
-0.01436621749927749
-0.01453293032110471
-0.014708753268674343
-0.014890780457464368
-0.015075691769428957
-0.015260265008373585
-0.01544447807858003
-0.015626673563827145
-0.015805581397018053
-0.015980113975910478
-0.016149985822690158
-0.016315842885667977
-0.01647812156638491
-0.01663454231123622
-0.01678387216639118
-0.0169269106922434
-0.01706559276247908
-0.017199837988992342
-0.017331523477720982
-0.017459908928058005
-0.017585146568401537
-0.017667610547111478
-0.020214464632806052
-0.02037749268528816
-0.02054073078891297
-0.02070331920448443
-0.020865101453362796
-0.02102547257924353
-0.021183530747103822
-0.02133964436304452
-0.021492482863430296
-0.021642571057417254
-0.02178926482335192
-0.02193200209430769
-0.02207092772237182
-0.022203688770336412
-0.022330814560932027
-0.022450617950182595
-0.022563262407445116
-0.02266795474551376
-0.022764855938738487
-0.022853035214057276
-0.02293221175712135
-0.023001990881220798
-0.023062531443093715
-0.023113424590916427
-0.02315461286758666
-0.023185453342447947
-0.02320608990755501
-0.02321607152389129
-0.02321638905094875
-0.023207093160418378
-0.023188342538750864
-0.023161471218511424
-0.023127551983992602
-0.023087103677575053
-0.023042454199792534
-0.02299496265648451
-0.022945390504931468
-0.022894840460231505
-0.0228407375281545
-0.02278123768451553
-0.022715276997448363
-0.022640939089255
-0.02255781420773141
-0.022466229294802742
-0.022369138222406246
-0.022268222654837796
-0.022166384601772875
-0.022065524177565007
-0.021967720408875152
-0.021874202656558744
-0.021785112121489345
-0.02169945401507464
-0.02161688163296638
-0.02153702117098485
-0.021459344343388916
-0.0213833754333994
-0.021308338749269216
-0.021235030404694898
-0.021163287672663626
-0.02109286992310778
-0.021023803230138038
-0.020955494153769585
-0.020888259880500026
-0.020821119829165066
-0.020753903732368368
-0.020686725449069434
-0.02061955785695611
-0.020552485461675127
-0.020485771478521785
-0.020419720481912696
-0.020354695653896512
-0.020290131986758123
-0.020225417566558428
-0.020159902447925662
-0.02009361720919006
-0.020024801184535635
-0.01995284013062409
-0.019876080676590895
-0.019792826473604072
-0.019701895738875944
-0.019599246082793256
-0.019483253636937807
-0.019354035352246994
-0.019215966621070148
-0.01907594111805918
-0.01894168363846719
-0.018819086268346902
-0.018709264856321087
-0.018613249173010923
-0.018529485406512117
-0.018456601150898568
-0.018393951867993624
-0.01834080019105304
-0.018297039277308046
-0.018262408952748367
-0.018236851703515345
-0.018220515821603184
-0.01821373278048279
-0.018216842241497937
-0.0182307505451356
-0.018256029281575645
-0.018292269683900655
-0.018339914287587602
-0.01839899860278746
-0.018469160883121928
-0.0185502294054931
-0.018640712950037473
-0.018741220921338744
-0.01884896141733193
-0.018964020667049022
-0.019085797737782382
-0.019214390971747954
-0.019349822145230386
-0.01949180850569137
-0.019640347805910556
-0.019795147996610755
-0.01995434449154863
-0.02011639391598653
-0.02022741510025528
-0.01868824922720406
-0.018717808704405193
-0.01874687619824507
-0.01877561340709151
-0.018805143671282006
-0.018833792107951067
-0.018862661407192022
-0.018891517626983413
-0.018920992078036002
-0.018949782398849514
-0.018978710604036487
-0.019006998132142135
-0.019035081426762926
-0.019061815458621543
-0.019088361925744667
-0.01911359661974427
-0.019137535617969013
-0.01916080381273026
-0.019183169799712275
-0.019203540103349407
-0.019223071202156633
-0.01924142216948387
-0.019257586330748953
-0.019271939812498494
-0.01928508207042597
-0.01929578068525633
-0.01930500697567116
-0.01931410934377137
-0.01932257454399929
-0.019330784011409505
-0.01933879806780147
-0.01934767274082087
-0.019356768373952265
-0.019366874699879605
-0.019378034770200142
-0.01939083045548833
-0.019404220108860427
-0.01941199174457552
-0.01941588082042787
-0.019416082631714
-0.019413960333292915
-0.019408687025823688
-0.019401609264168306
-0.019392794357507313
-0.019383018189388514
-0.019372224326269515
-0.01936170224869417
-0.01935007456581682
-0.019338908910780085
-0.01932769869424571
-0.01931620110309644
-0.01930486076756691
-0.019293408061653295
-0.01928201115844255
-0.019270504596220775
-0.01925936012756683
-0.0192478199817973
-0.019236183100358222
-0.019224811852565905
-0.019212824089962683
-0.01920033269826301
-0.019188526290009555
-0.01917638673496112
-0.01916387244911915
-0.019151130835704404
-0.019138430305358157
-0.019125236971679394
-0.019111576960021557
-0.019098322666317957
-0.019084596541956052
-0.019070481028942515
-0.019056045180087793
-0.01904099986816844
-0.019025440337182332
-0.01900893405917022
-0.018990098437113995
-0.018968662480249286
-0.018944816713468794
-0.018916594933760335
-0.018883139100067028
-0.01884414561303935
-0.018800627160195253
-0.01875500541703358
-0.018709929180860053
-0.018665942680860324
-0.018625244447741572
-0.01858685581599335
-0.018551476945194982
-0.01851891163441969
-0.018488915637943398
-0.01846187813932743
-0.0184368443571392
-0.01841497345564814
-0.018395622779194872
-0.018379596249131578
-0.018365942829130077
-0.018355655218017464
-0.018348361640353777
-0.018344609103227633
-0.01834398089927373
-0.018345356436268653
-0.01834926667694895
-0.018355960358795446
-0.01836468227916056
-0.018375260905867434
-0.01838789956710201
-0.01840255332612149
-0.01841891539477462
-0.018436895274362642
-0.01845711934218781
-0.018478550137771953
-0.018501835671395704
-0.018526582944565665
-0.018552768979508975
-0.018580619504000702
-0.0186094219614604
-0.018639275668248634
-0.018669454820960902
-0.01869056970189588
0.02295088979382796
0.022859220551871385
0.022756674987529535
0.022642547843869074
0.02251674416697589
0.022378964367481272
0.02223051512220303
0.022073233089662993
0.021908409486760212
0.021736788080580924
0.021558572632130155
0.021374256816164686
0.021185493165278575
0.020992340027400285
0.020796694337103024
0.020598523575131634
0.020399142122132775
0.020199543898553787
0.020000267374128782
0.019802181601370122
0.019605852948168127
0.019413292789224976
0.01922633408445804
0.019044667361799723
0.018870512744855007
0.01870354661432805
0.01854500340157059
0.018394604945006544
0.01825362897880375
0.01812232666855744
0.018001506401614322
0.017889128770285687
0.017783548685029186
0.017683768986637476
0.017590256539682828
0.017502392688348564
0.017420414451199268
0.017352142061492
0.017296939568467264
0.017253469638319842
0.017222202606350538
0.01720158940020156
0.01719069246900057
0.017188628514802143
0.017194376556681563
0.01720846469931303
0.0172292516527456
0.017256583991777836
0.01729074379248711
0.017331247447854897
0.017378425965743727
0.01743103903792448
0.017489118569055773
0.01755239482990796
0.017620231804210202
0.017692386342787466
0.01776879326774049
0.01784893859171165
0.017933011836929413
0.01802053272355038
0.018110953473846995
0.018204649148153448
0.018301277513283812
0.018400422389410448
0.018502060148665143
0.018606288757939803
0.018712395778355165
0.0188206955043449
0.018931256437841545
0.01904306139855211
0.01915530167580665
0.01926805014910981
0.019382025586781385
0.019496380598625136
0.01961144253371732
0.0197274210641133
0.019843922192285344
0.01996253805918086
0.020082878882238607
0.02020504263390424
0.020329771097439435
0.020456947599663915
0.020587489906087695
0.020719813210671845
0.020851056359397005
0.020979394541140433
0.02110440634493378
0.021226693910404076
0.021346010790911682
0.0214625931714361
0.02157563981433522
0.021683982012720867
0.021787198406810263
0.021884908252892202
0.021976540012212737
0.022062292352569297
0.022141570606029063
0.022214630049740947
0.022280855183927434
0.022339300207648193
0.022390349981093335
0.02243344491641324
0.022469059426806222
0.022496962290973574
0.022517150778390654
0.02252980402804576
0.022534883770049675
0.022533350295934094
0.022524877217412434
0.022508557212202674
0.022484881219444367
0.022453283666997562
0.022413116278491685
0.02236400502199147
0.02230700402626299
0.02224147111507548
0.022167737866796138
0.02208638610826328
0.022026377452714963
0.0016864222820632095
0.001570987513851854
0.0014474532070421191
0.001315999608592308
0.0011764701687154225
0.0010292865307548998
0.0008740466277368357
0.0007113689224204507
0.000541417819692937
0.00036523844851199663
0.0001843907449264667
-1.019431968846396e-06
-0.0001891687402034305
-0.00037891248263521664
-0.0005692853532736963
-0.000760184181610585
-0.0009506319547733826
-0.0011399563051923238
-0.001326554704349703
-0.0015104562354749578
-0.0016910402232046505
-0.0018669967436815787
-0.0020380698294757676
-0.0022027264793629863
-0.00236126716846679
-0.0025126921281084123
-0.002656277329462613
-0.002791945783304795
-0.0029194489433221867
-0.0030383539600427304
-0.0031488426997177926
-0.0032516638651797066
-0.0033484575073283755
-0.003441284262457412
-0.003530220138624412
-0.0036176448909051163
-0.0036993247717595954
-0.003762976857879437
-0.0038117019343718744
-0.0038468382835843387
-0.003869142192559277
-0.003879961737504234
-0.0038804375814905008
-0.003872630131239022
-0.0038572423009041123
-0.003835672237504632
-0.003807501119012062
-0.0037734491174389933
-0.0037345073969236877
-0.003690174761308602
-0.0036408074681912096
-0.0035872401270749922
-0.0035291874915254077
-0.003467262407635606
-0.0034016677012060946
-0.0033320584402289936
-0.0032596053193001346
-0.003183959544003732
-0.003105236252726632
-0.0030237054442283006
-0.002939873580177602
-0.0028536181217902125
-0.0027651544237728555
-0.002674841778250621
-0.0025822132840514203
-0.00248800792684397
-0.00239246612583582
-0.002295270268296295
-0.002196728063555428
-0.002096524989577729
-0.0019957886671116386
-0.0018940727678009247
-0.0017914073164177913
-0.0016878516452519937
-0.0015831605611082453
-0.001477725125444108
-0.0013708905478410295
-0.0012623461974363144
-0.001151962673838083
-0.0010394280269851505
-0.0009236076502479189
-0.0008048914638875675
-0.0006824686871795135
-0.0005574818380783143
-0.00043335527917204606
-0.0003120849864563862
-0.00019371648102765445
-7.819585488786736e-05
3.3942220257094405e-05
0.00014402298800846576
0.00025011438895145466
0.0003525237495219656
0.0004505837634380584
0.0005434748435335959
0.0006302854716847159
0.0007112991371898299
0.0007856574652691836
0.0008530229794768731
0.0009125808685012079
0.0009640847477603769
0.0010073451339321403
0.001041711109232833
0.0010665133720797488
0.0010816243681502707
0.0010862437846268253
0.0010810159765974481
0.0010663310614855864
0.0010429082120766012
0.0010099583357316836
0.0009681610810335751
0.0009163849912513003
0.0008550465950921032
0.0007844751116254631
0.000704824574245485
0.0006156429317625164
0.0005185891783111168
0.00041371796907064835
0.0003016824914706998
0.00022154650531911978
0.017414853434655726
0.01726792301411219
0.017116782175403356
0.016960260253108254
0.016800337526993798
0.01663597649516993
0.016468928973464737
0.016297862626434942
0.016124804227793586
0.015948833420597712
0.015770494916707033
0.015590422053834785
0.015408676436511453
0.01522562843594927
0.015041783969666142
0.014857473679302582
0.014673359352419419
0.014489985918169046
0.014307303874419376
0.014126290580255071
0.013947728450074512
0.013771547287257099
0.013598731232238063
0.013429422676189094
0.013265227853866688
0.013105866581524418
0.012952280228134503
0.012804900103823829
0.012665195955536345
0.012532555154962021
0.01240837803410937
0.012292657639734375
0.012185339586537728
0.012085935901601164
0.01199429252885446
0.011909226693266557
0.011829185521664598
0.011760590622364968
0.011707405817581827
0.011673537240345883
0.011660566672660706
0.011669452420716164
0.011698479387866114
0.01174683442744228
0.011812739794895551
0.011893206229563462
0.011986650155117913
0.012091404572286598
0.01220392790893841
0.012323856683078787
0.012449049320483052
0.012578111415019851
0.012710371145914286
0.012844808742255704
0.012980293317804594
0.013116193589375966
0.013252717772706653
0.013388751074595385
0.013524233225208604
0.013659029397966697
0.013792511210948792
0.013924946584436998
0.0140560343294835
0.01418558138874573
0.014313886684046605
0.014440554238463485
0.014565967995210583
0.014689824079552207
0.01481299350418611
0.01493406872653463
0.015054138222626532
0.015173321908019738
0.015291092011626695
0.01540758757457577
0.015523366014512445
0.015638073693221864
0.015752004567172923
0.015865316198602934
0.01597815136317517
0.01609099737995573
0.016203504638112032
0.01631664494682299
0.0164297436223057
0.016543916810877947
0.01665834542488018
0.01677321840904454
0.01688753911820213
0.01700061007169914
0.017112341234193345
0.01722187300215828
0.01732960891395577
0.01743494711371673
0.017537289394537758
0.017635707495241716
0.017729973526835984
0.017818620152887526
0.017900778117212215
0.01797601981324696
0.018042433733042536
0.018099644625652903
0.018145736833670656
0.018181008715875885
0.018204111707493986
0.018214165799828222
0.018211533301248275
0.0181952202881257
0.018166037915521478
0.01812295565382323
0.018067583189332503
0.017998805748697368
0.01791801044803605
0.017825340842620874
0.017721584409809546
0.01760772087796788
0.017484458846978797
0.017352096607321888
0.017212406679481203
0.017065601819684008
0.01696247442750915
0.020686995701704406
0.020443358303358954
0.020187639001238253
0.01992082801365474
0.01964347675059646
0.019356301513506976
0.01906034547932042
0.01875566856582925
0.018443604149033795
0.018124518793584152
0.017799498134739154
0.017468937821298932
0.01713500052089127
0.0167984219437936
0.01646004917513585
0.016122259068315554
0.01578563691800731
0.015452066093582423
0.015122809158093286
0.014799321306780222
0.014482872361303219
0.014175047891055552
0.013876635215979712
0.013589408932504148
0.013313765681148369
0.013051743128965888
0.012802584494556665
0.012568368604374415
0.012350573774382785
0.01214902191069627
0.011965002660250279
0.011799234991870876
0.01165118604417176
0.01152092673758184
0.011407915237234377
0.011310916806970269
0.011230337399892295
0.01117162076019256
0.011140964582486765
0.011140370966620421
0.01116953603921463
0.01122699055564356
0.011311863237902918
0.011420613914134395
0.01155147556697591
0.011701063072268935
0.011866841072338088
0.01204668180839579
0.0122387894414527
0.012440806502369936
0.012651034276941638
0.012868074618418173
0.013090383779312485
0.013316684352285222
0.013546618516297786
0.01377809825365567
0.01401100267708787
0.014244644307344661
0.014478381158672445
0.014711839537127645
0.014944539096874002
0.0151761991976439
0.01540609523221461
0.015633919511819205
0.015859581395367573
0.016082948213560034
0.01630372219624213
0.016522701050177523
0.01673878838036054
0.016951887264853492
0.017162295210308445
0.017369965385421397
0.01757483385133226
0.017776261642302824
0.017975091740137804
0.018170554225068743
0.018363630904169967
0.018553750021699
0.018741656594329744
0.018926761761678988
0.019108812631689953
0.01928811477761722
0.01946554976374853
0.019640151024770337
0.01981294895755974
0.019983699683192867
0.020152612357739262
0.020319498931064314
0.02048353647759054
0.02064569036006337
0.02080430598868534
0.02095881364438109
0.021108269693591128
0.02125149574300447
0.021387403539803992
0.02151509457991036
0.02163283335692275
0.02174002208669995
0.021834386710040975
0.021915721795641215
0.021982331445150396
0.02203421541789705
0.02206945843214459
0.022088461912391253
0.02209023232935076
0.02207402374149437
0.02203958082139328
0.021987164511069086
0.021915850062230516
0.021825992789878578
0.021716747628844714
0.021588882309146254
0.02144235639708249
0.021278090965254227
0.02109657542298693
0.020898350917435967
0.0206850858784683
0.02045702474844476
0.020294073615752264
0.04688951764984185
0.04674566684797782
0.046595363535850975
0.04643938465977975
0.0462776518076221
0.046110945564020615
0.04593904040609024
0.04576170198885383
0.04558017766890756
0.04539431188154964
0.04520375232526487
0.04500962504024693
0.04481159295705926
0.0446102970853091
0.04440554186036361
0.04419824073939731
0.04398808280079549
0.04377594591363568
0.043562426052454306
0.04334748895811402
0.04313246593100092
0.042917692699900825
0.04270387656342988
0.04249168982743623
0.042282192627757946
0.042076321785423115
0.04187516837897195
0.04167884394622341
0.041489263679191785
0.041307058524420674
0.04113324837739433
0.04096843576566781
0.040812965280589725
0.040666816874931885
0.04052954059030731
0.04040096264069444
0.040281238922140826
0.04017485630703713
0.04008781367036272
0.04002301416540719
0.039982250329085804
0.03996617461893892
0.03997411330729869
0.040004559437180814
0.0400547791581034
0.04012235563092001
0.04020577879722558
0.04030266274755192
0.040409923322767154
0.040526836175091736
0.040651209548985774
0.04078243519665458
0.040917775441233414
0.04105788861116255
0.04120144085958483
0.04134795650134482
0.041496286993995934
0.04164607260042237
0.04179700439706518
0.04194903152174885
0.042101266815680945
0.042253998928890424
0.04240699062189233
0.04255991157954992
0.042711921702883
0.04286406683205132
0.04301603655072898
0.0431673189518809
0.04331782641989117
0.043468029180101335
0.04361774842396925
0.04376633781686439
0.04391442062454307
0.04406197772650185
0.04420842120359471
0.04435425859563618
0.04449959282417729
0.04464449750984368
0.04478901203831406
0.044932674009013976
0.04507646637729458
0.04522046092300069
0.04536502165009886
0.04550965355469872
0.04565460380992475
0.045799319306787975
0.04594362714259824
0.0460870391578544
0.046229339813796684
0.04636992717779442
0.04650863564925133
0.04664453228668463
0.04677753852755722
0.04690591585700513
0.04702939370855352
0.04714704413075076
0.04725775347746343
0.047360031779614356
0.0474532779891639
0.04753707495675592
0.0476094092005067
0.04767023686534907
0.047717964361531216
0.04775274068733618
0.04777396978674982
0.04778106171038779
0.047774322370101326
0.04775290914266774
0.04771771420661344
0.04766902579949921
0.04760673480581729
0.0475316473415407
0.04744425865451272
0.04734576416162116
0.04723607514345529
0.047116469853511624
0.046987774537542965
0.04685033548188297
0.046752200122657045
0.05292820528780125
0.05274100127239109
0.05254210693853971
0.05233123777721793
0.052109774144400656
0.05187750562457856
0.05163510717767783
0.05138364821731613
0.05112311228071294
0.050854633443740464
0.050577635768970446
0.050294642582171284
0.05000465167016563
0.04970956162848546
0.04941008363284375
0.04910743780190582
0.04880155070554145
0.048495116356065425
0.048187710920883836
0.04788144405692385
0.047577546920440666
0.04727638275371691
0.04697904122122987
0.04668705406734378
0.046401410225515916
0.046122331733886565
0.045851181250692645
0.04558880006050474
0.04533663737047793
0.04509471270505106
0.04486434733235909
0.04464690314744727
0.044441926012080836
0.04425052853224867
0.04407189746502485
0.04390621486801872
0.043754374117114525
0.043617714655444374
0.04350267191225464
0.04341076044332371
0.0433442984965894
0.04330354858906433
0.04328770579868498
0.04329657152511441
0.04332732177173946
0.04337974756788608
0.043450539193444694
0.04353964235291009
0.04364417222871555
0.04376323653128048
0.04389514192614442
0.04403766622216512
0.04419109843379784
0.044353904841824915
0.04452443700391717
0.04470220642681829
0.04488636716270848
0.04507629536133383
0.04527118108994679
0.04547022768311981
0.04567367840514472
0.045879470497001834
0.04608850433149299
0.04629989069409664
0.04651288957663362
0.04672754997113898
0.04694334259874798
0.04716000139365418
0.04737670385576056
0.04759433495073191
0.04781158199466403
0.0480290400599792
0.04824576013173649
0.048462103262320526
0.04867742401371488
0.04889238507687302
0.049105860664527407
0.049318184925373355
0.04952970619889533
0.04973979564932707
0.04994844840546795
0.050156026504180704
0.05036283572484317
0.05056748297525086
0.050770926479777975
0.050973323151301236
0.05117441840765064
0.051373521891004026
0.05157093527942063
0.0517657693254105
0.05195752253167514
0.05214558793787262
0.05232950654058971
0.05250839922077419
0.05268035318276097
0.05284542887562976
0.05300224492029353
0.05314934672391697
0.05328556941399522
0.05341019124197078
0.053522216039094676
0.053620175694013866
0.05370370553812495
0.05377137417927001
0.0538230644034117
0.05385765821399174
0.05387539063832207
0.05387538175403336
0.053857573362228094
0.05382176181754553
0.053767332219677916
0.05369581454707045
0.05360609656204461
0.0534991967491715
0.053376497889510426
0.05323711546240716
0.05308251675121142
0.052913618723298854
0.052790946337040706
-0.025156016124008734
-0.025222770250692597
-0.02528850404348996
-0.02535596162876205
-0.025425503330512727
-0.025496416761134413
-0.025566302906005745
-0.025628481346440826
-0.02568043854516861
-0.02572210561085711
-0.025755227689482265
-0.02577757181607511
-0.025788331776003388
-0.02579070159554097
-0.025786151599718202
-0.025777032686314476
-0.02576404313024258
-0.02574952994608905
-0.0257328493958143
-0.025714275719235267
-0.025694117910349337
-0.025671476839107824
-0.02564510938267253
-0.02561515210150423
-0.025580558658373425
-0.02554261872000855
-0.025499563229016677
-0.025450615516622255
-0.02539711536823041
-0.025342234413251043
-0.025288104847032953
-0.025243244155600694
-0.025214967886641387
-0.0252048233849011
-0.025210851250321773
-0.0252311469283187
-0.02526569404419161
-0.025284488158793004
-0.025276972781669023
-0.025251467980845346
-0.025213312475856793
-0.025165247349826596
-0.025109494469488722
-0.025047101882756592
-0.024981825492232834
-0.02491627240335519
-0.02485150547487037
-0.024789830341234022
-0.024732137912941023
-0.024678368146762074
-0.024628138869863918
-0.02458223300266113
-0.024540353518187907
-0.024500854423529176
-0.02446497785552354
-0.02443089933121944
-0.024398299883739892
-0.02436791888161567
-0.024337732185361973
-0.024308780392691583
-0.024280828754263583
-0.024253215000982827
-0.024226468683586598
-0.024199006409269846
-0.024171215762209465
-0.024142075516721533
-0.024111308652733244
-0.024078975331919918
-0.024045443818058287
-0.024010548035855173
-0.023975210737504398
-0.023939416491111615
-0.023902997917551246
-0.023865468771728342
-0.023827512884149412
-0.02378605103818861
-0.02374080615563877
-0.023690366119426893
-0.023633350334161474
-0.023567845957296978
-0.023492861088447132
-0.023405653697491865
-0.0233084885962061
-0.023215724507081214
-0.023153191562452262
-0.02312325935516322
-0.02311316994435554
-0.023113116404873905
-0.02311959230109689
-0.023130443495901466
-0.023144267336334373
-0.02316229168668918
-0.023185183456620705
-0.02321777115772034
-0.02326154065505168
-0.023319824168324184
-0.02339138822793922
-0.0234735002618748
-0.0235613230201128
-0.023652349498974358
-0.023747231008324696
-0.023844436070437375
-0.023943020712346188
-0.02404156704000039
-0.024140380869067824
-0.024237288853020747
-0.024333412946113145
-0.024427948895833877
-0.024522932491939396
-0.024616427651294164
-0.02470741316566085
-0.02479573486924703
-0.02488270923007933
-0.02496751327618586
-0.025048895806715116
-0.02512769953493002
-0.025202737466009373
-0.0252746918190687
-0.025322234989499696
