0.014235296427698205
0.01562504039064263
0.016900300429959235
0.01803809997462893
0.019039913883921195
0.019913064897829364
0.02067288927999423
0.021314726144794936
0.02184459417446546
0.022268953159316617
0.022616212826865434
0.02297345624020954
0.023268226191552163
0.023501637675095197
0.023675725791602435
0.02375761754079574
0.023672224791920434
0.023493598715104636
0.023225525464101206
0.02286751586999188
0.02246010499638426
0.02202608715962659
0.021530793051099464
0.020976301868148417
0.02036073028552339
0.01967106800022128
0.01891017365992218
0.018088145982616342
0.017207460936178896
0.016267866261844423
0.015311026287126979
0.014389541246245837
0.013466682583791975
0.012540018948577716
0.011610919355084222
0.010684432547321201
0.009776928753337374
0.008856395485738026
0.007936788302005289
0.007012731465226913
0.005859466734815114
0.004777987722641008
0.004458788589219723
0.0037399449358677863
0.003012311123588575
0.0023675614194066533
0.0017031512674933393
0.0010529206556601383
0.0004196905252973065
-0.00020090623756725882
-0.0008064894891156432
-0.0013998655535805186
-0.0019808940697891887
-0.0025501373964170494
-0.0031076527372091373
-0.003657632095880023
-0.004197827397904958
-0.004731232152986164
-0.005257487782161122
-0.005773953402231751
-0.006284266040366553
-0.006784716090437968
-0.00727588490666861
-0.0077597037320269
-0.00823367516307974
-0.008698371057063194
-0.009156415547907396
-0.009609111094918752
-0.010055222491134998
-0.010494073344609557
-0.010927568245508716
-0.011356436729814392
-0.011781098699404873
-0.012243406092655864
-0.012772574398155285
-0.01323915890215353
-0.013709289399657832
-0.01648582039793058
-0.01736323023830781
-0.017105779437344273
-0.01729506232796706
-0.016803325681417357
-0.014895619655479718
-0.016611336680500192
-0.01648369009783596
-0.016291089646006562
-0.016052887077630786
-0.015767977929408563
-0.015439308074520834
-0.015223125142685656
-0.01510137124939802
-0.015034359850833793
-0.015027010868451754
-0.01508012315905574
-0.014980975120654159
-0.014759101514615843
-0.014466935626532923
-0.01409538100009551
-0.013633623261015963
-0.013132514751116483
-0.01254638139838249
-0.011861064932671844
-0.011073194713066024
-0.010182007696712528
-0.009090182923455327
-0.007864964228099786
-0.006511405936541942
-0.005031559148644586
-0.003423005262680378
-0.0017336629596035145
1.494101508402919e-05
0.0018264910790895515
0.0036979464630937592
0.005618400258865087
0.007458843401553475
0.00926762032426349
0.01105209035764314
0.01280753384381937
0.013985341238467754
0.010779080098172376
0.012332746393394782
0.013684325746422631
0.014874285326484743
0.01591715951657001
0.016820307958562434
0.017604008354767307
0.01828569821383933
0.01886446750296716
0.0193420382114801
0.019718811428908568
0.020021569697351742
0.020269663672926062
0.02046451140567166
0.020604153746718323
0.02068748341072771
0.020691434763373092
0.020606885603129947
0.020433618620961443
0.02017422833106392
0.019833108434951563
0.019432506999815594
0.01898588114375256
0.018491309374818903
0.01794888581382248
0.017356931609171906
0.01671799985682334
0.016030844319971767
0.015293046673763369
0.014505580592938591
0.01367558721299289
0.012842308850686802
0.012012029333682778
0.011186007607900304
0.010365323208312589
0.009553671090737294
0.008762779215227811
0.007971547031227526
0.007145687152491389
0.006265039430856115
0.005317153801688699
0.004221131780215748
0.0033358747100325175
0.0027487644670995603
0.002183089443891719
0.0016198211871366209
0.0010834554014407124
0.0005405907520373023
-5.131417003544499e-06
-0.00054954937311091
-0.0010872218804254524
-0.0016133418316407351
-0.0021298881768635467
-0.0026361833221228903
-0.0031328866370431176
-0.003627376390973213
-0.004121805649895782
-0.00461477088847408
-0.005103142883553589
-0.005588264357516879
-0.0060684169774802045
-0.0065430441143311145
-0.007010163747344536
-0.007470203441628327
-0.007924119245723425
-0.008370736264478916
-0.008812624407721518
-0.009251835624398266
-0.009688853704004513
-0.010121842414098848
-0.010548711191249366
-0.010968426375672633
-0.011382375231855885
-0.011792323233836947
-0.012271094524934028
-0.012792083966750183
-0.013286708931123867
-0.01446950281218651
-0.016618050937341165
-0.018069836737553278
-0.019050541155893302
-0.019195369967713188
-0.0181816057277069
-0.016871576187691043
-0.016331784941060603
-0.01604866532031093
-0.015817287621563314
-0.015626314151409065
-0.015467289333657845
-0.015360794064953515
-0.015421718932995251
-0.015619492494501553
-0.01591592241815188
-0.016294231210079026
-0.016707198571123648
-0.016990205086902813
-0.017102304657686623
-0.017063149783508643
-0.016884687425182725
-0.01657981784940146
-0.016159423360387427
-0.015619439137816882
-0.014960528730123823
-0.01419084521515436
-0.013267969089020344
-0.012139658146758193
-0.010832907318898246
-0.009370579765656717
-0.007769145001663953
-0.006064750009987525
-0.00427471927099741
-0.0023944296274395543
-0.000432205172672394
0.0016062545684258406
0.0036668644434903583
0.005641918639206166
0.007518899220415739
0.0093139741335823
0.010496914781142879
-0.023672120538436443
-0.02316380601448723
-0.022671712179722168
-0.022200399625327372
-0.021751362959143126
-0.021325541314256277
-0.020922360796771754
-0.020537554943140017
-0.0201740616882914
-0.019830509619343684
-0.019506626171357243
-0.01919731556638931
-0.018898412691572244
-0.01860936448827649
-0.018331801537538037
-0.018065581674106556
-0.01781597473300214
-0.017587893666505577
-0.017380154536969807
-0.01719289187999765
-0.017024047423428786
-0.016875608469707926
-0.016749700443499084
-0.016643470760951327
-0.01656001684405633
-0.01649657506731614
-0.016457823486038387
-0.016443957639841356
-0.016455333140069823
-0.01649244478527907
-0.016552747397166456
-0.01662606231299843
-0.016706712494023387
-0.016795481130549208
-0.016892780799366357
-0.016995087444152866
-0.017097588294545957
-0.017227275880514287
-0.017414408677110138
-0.017667078245421127
-0.017958847043185774
-0.018298486684575135
-0.018607869613136378
-0.018863211942669208
-0.01911164543405287
-0.01935343130294983
-0.019585048560244962
-0.019814533754314613
-0.020043819600935965
-0.020271200338119754
-0.020499519035812645
-0.020728337325211163
-0.020956861873402517
-0.02118584993090904
-0.021415265687735132
-0.02164489431370156
-0.021874643812345176
-0.02210522669732679
-0.022334996766541906
-0.022565722862310105
-0.022796393554502355
-0.02302684071799198
-0.023256438474125354
-0.02348540337934419
-0.02371435009410732
-0.023942326257295452
-0.024171381251189162
-0.024399198901633355
-0.0246285197045062
-0.02485714181627293
-0.025085291365082148
-0.02531309765520263
-0.02554046174825046
-0.025767806220772526
-0.026013856588914117
-0.02626310395155775
-0.02651284942965342
-0.026897996912054935
-0.027406853337272517
-0.0278656553415314
-0.028313254532554386
-0.02861416132002454
-0.028867296697020033
-0.029201706750458568
-0.029560834186815908
-0.029876907476628377
-0.030141573476276554
-0.03035212472246344
-0.0305076859252765
-0.03062729864445768
-0.030760756536104474
-0.03090696340792095
-0.031065411518060377
-0.03123371605700513
-0.03139333989747841
-0.03150342511030217
-0.031556432429043456
-0.031556306690815814
-0.03150279486451193
-0.03139537031050923
-0.031245001292321023
-0.03105129334214652
-0.03081603601039565
-0.03054096087686589
-0.030227139421257227
-0.029880896064041963
-0.029503880312941936
-0.0290961183373203
-0.028657214097160457
-0.028194644824242356
-0.02771889921125258
-0.02723339528722046
-0.02673638562821157
-0.026231363268563047
-0.025719969333831996
-0.025207749990355965
-0.02469447357896598
-0.02418068495902627
-0.023832912629406573
0.010927893659046908
0.011536861917108721
0.012128017571230514
0.01269154545645761
0.013228939685813592
0.013740141639878634
0.014223374852288811
0.014674528648466136
0.01508961872877352
0.015471091184722658
0.015821423715669036
0.016137541583811102
0.016413486157958502
0.016651065747229674
0.016849680089465986
0.017011715686216268
0.017132142340209138
0.017206541348158525
0.01723316092983225
0.01721277934442244
0.01714766347454027
0.01703910466966544
0.016885924863838515
0.016687447813324662
0.016442881136226183
0.01615327195819701
0.015818709997323644
0.015434721900943141
0.014999889223001415
0.01450261241260857
0.013940526471822555
0.013335960450283934
0.012713192757673304
0.012087871105241881
0.011469156960913994
0.010859340362235988
0.010249818416106758
0.009689385918887737
0.009161225960347722
0.008625316640672755
0.00805718107457367
0.007419212127880919
0.006794616120719319
0.006387203441288941
0.00609294412044711
0.005849827439997316
0.005666055536104478
0.005511430978314042
0.005368562070267092
0.005229434496455365
0.005089470432406403
0.004947627105038569
0.004800694092236092
0.004651508129605262
0.004500385585258046
0.004346280880007296
0.004192545821715242
0.004037301344972528
0.0038803671032469865
0.0037245796872673567
0.0035660576965189815
0.003406042962266277
0.0032411966874426996
0.0030729100637552514
0.0029025195734197146
0.0027271271115635928
0.0025478772976064512
0.0023650408609212125
0.0021789051575705804
0.00198922604465878
0.0017977776368095486
0.0016027776639947883
0.0014039306466914515
0.001202411747970266
0.0009791780937937907
0.0007210485379544264
0.00044354004788602785
9.177963183396093e-05
-0.0004962207790651086
-0.0012231386988507918
-0.0019635354501859096
-0.0025370938114253174
-0.0027187936778894626
-0.0024517911095068416
-0.001992204524640728
-0.0015557475688688818
-0.0012503005138359928
-0.0010851897682627502
-0.0010420800814236718
-0.0010954880980890882
-0.0011693568371628545
-0.001207912898020509
-0.0011956779501576858
-0.0011288309627127092
-0.0010087446584205512
-0.0008329620421656622
-0.0005986406351932629
-0.0003069801741733324
4.032700397989518e-05
0.0004385489610548578
0.0008770890542495503
0.0013483141457545542
0.0018494106953085314
0.0023769792741255894
0.0029198939446786524
0.0034634620604980355
0.004008057326273136
0.00455663457256226
0.005111510460858303
0.0056783864609471135
0.006253572355798331
0.006832369609196185
0.007414174028965564
0.008001698815233849
0.008597442866826106
0.009191177214677382
0.009783393422375568
0.010377086348261885
0.010781535110979118
-0.0023612202920315906
-0.0018873578549774461
-0.001413581289738592
-0.0009493435809075067
-0.000503320005118575
-8.179000254192312e-05
0.00030710402160001067
0.0006532820260742265
0.0009552536986387996
0.0012163276979713013
0.0014400128173736814
0.0016207962135142751
0.0017466942806875691
0.0018229020992411734
0.00185531658468095
0.0018514789340529822
0.0018237867227695703
0.0017805680463420363
0.001719544464726165
0.0016373540120798243
0.001530472101005555
0.0013967820935661208
0.0012304813194363268
0.001031470526336582
0.0007987523017475228
0.0005323391443363808
0.00022845330664443168
-0.00011425159091482535
-0.0004973506493490879
-0.000921768352856343
-0.0013986756563567923
-0.0019419089624140525
-0.0025416993427800193
-0.003181418401651809
-0.0038456909089421456
-0.004519151622176774
-0.005104502058443199
-0.005318079577641885
-0.0054284496036512905
-0.0055478059107155996
-0.0056960344279669995
-0.005872948241771687
-0.006077452625131919
-0.006301295496303039
-0.0065321757021681946
-0.006762546280981186
-0.006986874457637401
-0.0072013460216204805
-0.007406953016414646
-0.007602111966156465
-0.007787612001992393
-0.007964502545321455
-0.008130304581818161
-0.0082823351984567
-0.008420872138833694
-0.008546373797102519
-0.008656771675011077
-0.008752616276121327
-0.008835247283209457
-0.008904275713639437
-0.008961411805166769
-0.009010433534658125
-0.009053869249065939
-0.009097513514675358
-0.009141071681903123
-0.009185933463554206
-0.009234064946962217
-0.009282837839947374
-0.009335950494475586
-0.00939175983550734
-0.00945107496101754
-0.009516538468290106
-0.009589748633614167
-0.009670930201599292
-0.009771974146162899
-0.009903421643108489
-0.01006437937155949
-0.010286981847891036
-0.01067601011794574
-0.011194782808313953
-0.011765862248197454
-0.012249846111818773
-0.012452457281686466
-0.012289745521337653
-0.011895002250480817
-0.011432945080644899
-0.011024419811894705
-0.010728790064420806
-0.010568946554404364
-0.010531616948480276
-0.010567215167053305
-0.010629208889492932
-0.010695082628438804
-0.010746121451080125
-0.010774896278111696
-0.010768778321701995
-0.010714555109044436
-0.010595147787379883
-0.010402755303411365
-0.010128781727672268
-0.009780933806412644
-0.009369579826936559
-0.008905134618118477
-0.008396293655451862
-0.0078518348315522
-0.007279233487113168
-0.006688028409204764
-0.006082430639075899
-0.005469435946996405
-0.004853705484438109
-0.00424857984109282
-0.003658374243182123
-0.003083646339187202
-0.002522313114813572
-0.0019745085702349884
-0.0014479140479800878
-0.0009414638332989077
-0.0004504580012197812
-0.000123719780315942
0.006901660140886364
0.0072275766473594
0.007563896817842918
0.007907083253943674
0.00825472457938609
0.008604929474050825
0.008955262964666168
0.009304675539795682
0.00965224550553039
0.00999630401579074
0.010335933102375452
0.010668692829825523
0.010996439503272353
0.011313776648917199
0.01162090466241969
0.011916630484703088
0.0121989701176575
0.012466858752091699
0.012719822292549596
0.012956281429953862
0.013173684310681118
0.013374505757371997
0.013554335006031447
0.01371474345174095
0.013853733443960667
0.013971163834577329
0.014065922631975142
0.014138442793887948
0.014187301829001015
0.014210661186495251
0.01420646467648636
0.014175506718244931
0.0141153290247143
0.014027867993142488
0.013915903542197398
0.013781713229988755
0.013629639001556618
0.013462498420190528
0.013286008449448605
0.01310435463634314
0.012918382448017598
0.012726968347257159
0.012527047305478593
0.012316829305735454
0.012100850625095583
0.011884443409825095
0.011670599736396614
0.011461806013526886
0.011261692606808461
0.0110692813311535
0.010885151240169227
0.010709152271732615
0.010538843931364377
0.010373283830746512
0.010211458291155991
0.010052721695724338
0.009895828944485298
0.009741552699514544
0.009588067129088962
0.009436395005437699
0.009286989812608438
0.009138975339185895
0.008991068213931107
0.00884454624129681
0.00869929422363059
0.008553102383404367
0.008407870038011158
0.008261146948614347
0.008113986050949124
0.007965934924324498
0.007815935932645427
0.00766566369845772
0.0075132039325461935
0.007361505259624705
0.007209082306592517
0.007056701510606595
0.006900470045939467
0.006738909960673485
0.006568853978416565
0.00637893559256003
0.006161786209710876
0.005919092337348686
0.005660274053017693
0.005403163216314048
0.005166844826150457
0.0049579685327677935
0.004780271096319401
0.004631014870975722
0.004501253953670578
0.004388457392935953
0.00428490141603318
0.004190227405100521
0.004100104874832998
0.004012872006017684
0.0039322309263679165
0.003858447044225937
0.003793889409162142
0.0037411444047548855
0.003704118888880795
0.0036854679957257627
0.003685914376951801
0.0037085307062632144
0.00375220365359324
0.003818328871715737
0.0039062384546201586
0.004016737718403301
0.00414910683746896
0.004302122663182038
0.004475682810599348
0.004668634725645493
0.004881877182960395
0.00511077312995394
0.005357037589019689
0.00561592851702288
0.005889653146674334
0.006174663677422847
0.006472955672048045
0.006784261782980559
0.007001854511838218
-0.003518778027105335
-0.003476485584893002
-0.00343281371522498
-0.0033879250877941716
-0.003341249962500255
-0.0032933859540039833
-0.0032456102035917363
-0.0031966208432812433
-0.0031475232025925475
-0.0030972037893034626
-0.003047893829003031
-0.0029990258652178043
-0.002950036081619561
-0.0029020261472766902
-0.0028547138982142977
-0.002809188169789491
-0.002766150998948734
-0.002723475709353636
-0.0026834659173045968
-0.0026444808749387255
-0.002608147640016621
-0.0025741694200939608
-0.002543427704737399
-0.0025153876861835514
-0.002491419869201115
-0.002471221492932689
-0.002455143576069917
-0.0024449711021806036
-0.0024416740981736944
-0.0024448557224550855
-0.0024552261705536173
-0.002472655813581981
-0.002495904922394803
-0.0025239321173669426
-0.0025552559191240544
-0.002589996046016464
-0.0026222443680955186
-0.002640272907175052
-0.002655900777006784
-0.0026725000817707733
-0.0026909006256529257
-0.0027115468673688174
-0.002735569896246283
-0.002759847202422417
-0.002784595171689437
-0.002811011167603787
-0.0028358358763393866
-0.0028601471728704987
-0.0028837140021701325
-0.002908201233678271
-0.002931026409393007
-0.0029538352130787674
-0.0029746083985773123
-0.0029958473250259673
-0.003017540091527104
-0.0030379314837436725
-0.003057969637607842
-0.003076101865795679
-0.003095151667611295
-0.0031129039506261136
-0.003130960306131608
-0.0031482122927881644
-0.0031654512825993924
-0.0031835672439326098
-0.0032012103209080305
-0.00321990478427672
-0.0032381950558521555
-0.003257280770321761
-0.0032757775095766384
-0.0032956053449261107
-0.003315351212679632
-0.0033349365992688
-0.003355888823375525
-0.0033775530121536767
-0.0034009698107210777
-0.0034254689157756485
-0.003453297336570967
-0.0034851801019953744
-0.0035284187290816277
-0.003585120327521091
-0.0036512435236831604
-0.0037187404635295454
-0.0037740153701950455
-0.0038030770168838244
-0.0038058246211208095
-0.0037913468460787983
-0.003769013618467424
-0.003747091594242024
-0.0037301816216487086
-0.003719777274697925
-0.0037157233107607073
-0.003718585539032284
-0.0037273378252118084
-0.0037432781995572918
-0.003763954609811839
-0.0037871404408217546
-0.003811840373638453
-0.0038356449785229875
-0.0038561050478493073
-0.003872897957638379
-0.003885046598622468
-0.003892463375565296
-0.0038945982322833653
-0.0038924266965566128
-0.0038861800070360154
-0.0038750050210806758
-0.0038622603707518482
-0.00384619891417983
-0.0038265162692675703
-0.0038046032384480024
-0.003779027404943977
-0.0037520312165673485
-0.0037215094922939396
-0.0036884369062332757
-0.0036525708893621976
-0.0036140098707836306
-0.0035738916408023665
-0.0035303578125791377
-0.0035001384835582623
-0.06116059180113938
-0.06106638530314919
-0.06096334282575689
-0.06085456332907754
-0.060741333831403815
-0.060621472049869916
-0.06049594532833204
-0.060355595846828626
-0.060204327899130744
-0.06004094352511104
-0.059865507674357644
-0.0596816538578581
-0.0594876053991116
-0.05928723510338818
-0.059081047778860536
-0.058867995115252814
-0.05864883898951328
-0.05842675741936565
-0.05820160934293314
-0.05797639614209614
-0.05774888657796967
-0.05752202246537895
-0.05729673193816886
-0.05707224016648064
-0.05685212273938353
-0.0566365225681419
-0.05642789532128565
-0.05622792843185515
-0.05603509004087644
-0.055853624630812206
-0.055681892604954944
-0.05552001914113754
-0.055367432636250796
-0.055225850812404505
-0.0550941563764262
-0.05497222012022067
-0.05485881419974342
-0.05474826016820428
-0.05464605435929101
-0.05455109366150074
-0.05446440243750007
-0.054386622648272126
-0.05431633151842628
-0.05425206174194449
-0.05419354209894971
-0.05414058916138283
-0.05409342897669546
-0.05405123635376816
-0.054015464268988005
-0.05398811877343525
-0.05396857864543604
-0.053955643680807144
-0.05394998855939882
-0.05395090096206446
-0.05395879342295131
-0.053971688846893746
-0.053989914829568324
-0.05401228331191041
-0.05404047474473361
-0.05407253669660399
-0.054108647341828936
-0.054148514042497174
-0.05419216342739175
-0.054238940792359386
-0.05428836709964693
-0.05434077520044329
-0.05439602798066022
-0.054454770561089556
-0.054514306960423774
-0.05457561193643464
-0.05463610420179747
-0.0546944586368484
-0.05475281470176708
-0.05481125092013761
-0.05486904480676354
-0.0549275736169153
-0.05498533204128359
-0.055042593603208345
-0.05510070004830348
-0.05515983305524712
-0.0552203624718075
-0.0552827091158656
-0.055347035241370995
-0.05541717368632085
-0.05549126966187999
-0.055570293284200524
-0.055655266485263644
-0.05574252481363122
-0.055834466507537046
-0.055927333765661766
-0.05602161721624075
-0.05611560951381271
-0.056208521757913694
-0.05630048461188785
-0.05639024858541606
-0.05647735498960875
-0.056557606544074414
-0.05663360564842676
-0.05670544366656329
-0.05676862194059615
-0.05682385486931502
-0.05686977389563669
-0.056903840585657194
-0.05692640671221637
-0.05693728142767639
-0.056936165157292204
-0.05692554022342661
-0.05690529758421676
-0.05687344162228174
-0.056832245342342325
-0.05677994110084465
-0.05671850524718738
-0.05664949583404496
-0.05657127364229534
-0.056483195920678096
-0.056386051662462536
-0.056275579519179754
-0.056151197208739984
-0.056058151987058165
-0.03110944433599392
-0.03090935900614601
-0.030699551629076154
-0.030481416550476738
-0.03025784759210726
-0.030030324835132523
-0.029798810000446003
-0.02956021898924881
-0.029317910393762848
-0.029072812175071013
-0.02882647779585495
-0.02857842308681678
-0.028328533839081117
-0.028077764157037773
-0.027826566278695265
-0.027576964347584852
-0.027327572302270127
-0.02708142271362735
-0.026839379791867655
-0.026601711413775413
-0.02636965187875941
-0.026143206735266513
-0.02592462382719581
-0.025715822570239983
-0.025514791952853864
-0.02532535502476747
-0.025146535006079673
-0.024981010425983607
-0.024830572689927756
-0.02469275790181648
-0.024572801010469235
-0.024467221871025638
-0.02437638406127263
-0.02430041115285042
-0.024236815471296497
-0.02418568944472949
-0.024136293015744742
-0.024073785074005868
-0.024011242870533803
-0.023955414023676198
-0.02390701538109411
-0.0238662904296732
-0.02383643587885216
-0.02381377916648307
-0.023798341341780094
-0.02378904268388533
-0.023784503186172923
-0.023785297568868147
-0.023792761106987737
-0.023805287379529274
-0.023823981012825117
-0.02384658046196505
-0.023874216700466695
-0.02390623742502058
-0.023942739384422016
-0.023981194782373476
-0.024023047131599418
-0.02406862830729989
-0.024117328605844892
-0.02416742792261626
-0.024219532437344152
-0.024274048099865154
-0.024330408303101316
-0.024388673668378304
-0.02444922295915253
-0.024511498301433246
-0.024575966820492755
-0.0246421614235298
-0.024708704376619026
-0.024777449830267324
-0.02484666950395793
-0.024915969788310267
-0.024986511739342063
-0.025057703655825082
-0.025129355315146856
-0.025203121424409322
-0.02527740267391523
-0.02535369453046526
-0.025432297497260548
-0.025514486806489777
-0.02559854048880617
-0.02568507034269068
-0.025771133292652793
-0.0258593049758824
-0.02594710321237839
-0.026035677940603297
-0.026124971083437115
-0.026215152798387882
-0.026305425011408062
-0.02639676927527508
-0.026488227298047437
-0.026579333011910202
-0.026667818572551617
-0.026752770729970936
-0.026833891968469536
-0.026908800594861462
-0.026975059211460498
-0.02703085964115478
-0.027076741772398633
-0.02711057060176661
-0.027130830993916433
-0.027136729687367075
-0.027127043081308512
-0.02709906263571146
-0.027054993898322922
-0.026992518084447456
-0.026913007376326185
-0.026819205028584696
-0.02670950547387296
-0.026584680778977077
-0.02644253468752779
-0.026287775590942697
-0.026117405462948724
-0.02593310031378384
-0.025735622427730823
-0.025524791451679806
-0.025303032289345814
-0.025069194413467992
-0.024903003672472095
0.034764269988064436
0.034774700677100034
0.03479889282217305
0.034834442038578085
0.034880767013894275
0.03493530995736596
0.03499747676509236
0.03506500128823799
0.0351379909709763
0.03521531133429322
0.035295942804846075
0.03538019900849306
0.035467431010852694
0.03555669046505523
0.035648991388460075
0.0357429942380562
0.035840059890724016
0.03593906177499818
0.03604028951541742
0.0361421647114174
0.036244921392789266
0.03634849152331945
0.036452375034418456
0.03655419127455397
0.03665837089910326
0.036761678441269284
0.03686318577460794
0.03696584960141863
0.03706674521696195
0.03716463811989788
0.03726110107425303
0.037353767811774685
0.03744180856800426
0.03752624661396643
0.03760520892680359
0.03767696139717934
0.0377452700564446
0.03781532622948934
0.037898529989096374
0.03799565472160978
0.03810509266317808
0.03822178167184216
0.038342501719562536
0.038465268518333734
0.038586840017224816
0.03870490191539372
0.03881972211715039
0.03893002826482612
0.039034369257928025
0.03913177807579398
0.03922367386400774
0.03930832225165094
0.0393861085230374
0.03945647998473519
0.03952030984189375
0.039577675222681005
0.0396274062146452
0.03967094659545556
0.039707137291430925
0.03973809355010087
0.0397624507198152
0.039780218089294314
0.03979294752672027
0.03979988563187455
0.03980195689338177
0.039798972628540374
0.0397919433713171
0.0397797227847398
0.039764139281785696
0.03974314478118762
0.039719822571928666
0.03969157415516369
0.039660881670655686
0.03962574268873975
0.03958683825938411
0.03954616022134453
0.039500771585740946
0.03945353089663718
0.03940210545610553
0.039347477467292155
0.039288173543695605
0.03922543525177926
0.03915930224429591
0.03908880080441282
0.039015507393345424
0.03893718119554072
0.038857417801123985
0.03877281353620008
0.03868456064926041
0.03859182646929568
0.03849640033790641
0.038396575283962786
0.038291684113934535
0.03818468686740717
0.03807408541421109
0.037959755708056445
0.03784398254936276
0.037726243716023386
0.03760780069347031
0.03748861934660981
0.03737094137044823
0.03725522465756253
0.03714298531135652
0.03703496036704774
0.03693253357702154
0.036837000368971806
0.036748811067345996
0.03666821898758178
0.036597866051147836
0.03653682159276462
0.03648674506586839
0.036446444532908934
0.036418946524703434
0.036402140483740054
0.03639856467463785
0.03640664770279109
0.03642736450627804
0.03646014555366034
0.03648992345001186
0.04167783864133057
0.04161968776077028
0.04156704313890798
0.04151934205408192
0.04147551460771721
0.041433886011228944
0.041393997266685176
0.041355111373840486
0.04131643891396995
0.0412771712867352
0.04123779236203905
0.041197175478220195
0.04115708371816107
0.04111752140842648
0.041078371595061385
0.041041196536009655
0.04100598842154821
0.040972769910476575
0.040942726707425686
0.04091390379901193
0.040888655727108314
0.04086556153684721
0.04084545840979533
0.040829861179878316
0.04081567509448673
0.04080654871076183
0.04080074103928795
0.04079935832117374
0.040802233700759714
0.04080905111365745
0.040820107493745435
0.04083453522116583
0.04085439822362985
0.04087914114747455
0.04090730894917502
0.040938825861297
0.04097344297092517
0.04102501724348353
0.041100732881631026
0.04119912522514405
0.04131490587416818
0.04144219872755056
0.041579259639334266
0.04172122923725869
0.04186644865401526
0.042015158675367745
0.04216380097155323
0.04231183012252438
0.0424589358224877
0.042602613854893966
0.042744984264925345
0.042884269273831155
0.04301834737688948
0.043147423909022674
0.0432733163116126
0.043392818553224625
0.043509087121255834
0.04361820470463419
0.043723332770564685
0.04382293847191861
0.04391599068412259
0.044004881077985676
0.04408777287792965
0.04416649142649684
0.04423901707734455
0.04430709475938945
0.04437100015747642
0.04443015207884689
0.04448397249061779
0.04453401592245397
0.04458053192502738
0.044621765083491215
0.04465970789739162
0.04469329851498472
0.04472326054883966
0.04474865244774087
0.0447724097944474
0.04479081951964455
0.04480674592503802
0.04481893957687433
0.044828887932568215
0.044835191930774815
0.04483863115005081
0.044839486444172225
0.0448366217945329
0.04483069199651559
0.04482136976530667
0.044807533483794196
0.04478946480637817
0.04476573709923061
0.044736945951948805
0.04470293659445838
0.04466120099339587
0.04461405110395098
0.044561274458549655
0.04450366891867477
0.04444402887484877
0.04437909895389751
0.044313414467122274
0.044247855809014996
0.04418207266333197
0.04411782751175273
0.0440555774185363
0.043995365239870486
0.04393784971118914
0.04388265606756984
0.043829734058785146
0.0437784231926073
0.04373043006645092
0.04368321390364229
0.0436369903002426
0.04359074253503224
0.043545651517163705
0.04350195334933588
0.043460085007183125
0.043420154247080296
0.043384346280384956
0.043351235182467925
0.04333159054940898
0.0009541168014291032
0.0009250340319834013
0.0009062511188169262
0.0008962396963236897
0.0008945599807906873
0.0008992722525940198
0.0009103914009380782
0.0009260235219805248
0.0009460193364015226
0.0009701673235933757
0.0009975834090602176
0.0010280631450844484
0.0010626516608636186
0.0010991078929624405
0.0011398044839844217
0.001183859306983962
0.001230689082256266
0.0012811331563174508
0.0013329154243635396
0.0013869306944946395
0.0014417787132103028
0.0014977006742372253
0.0015538450832000721
0.0016110198751180516
0.0016686058749514892
0.0017283786315728915
0.0017880869351719873
0.0018493591994307795
0.001910965397888
0.0019742261642833503
0.002036961026982994
0.0021012732312121725
0.002165763234874046
0.002228605669547494
0.0022922232826050833
0.00235428942642226
0.002415041821680121
0.0024875180333478256
0.0025763163688127077
0.002681599202488103
0.002800004639300584
0.0029263138461149713
0.00305384313590845
0.0031814641915886665
0.003306977460640404
0.003429642152033841
0.0035496998084537453
0.0036658209734640986
0.0037770289512065645
0.003885930645995128
0.00398870120385512
0.004086679910659583
0.0041807307973592035
0.004269091296664408
0.004353001207667961
0.004430505505316076
0.004502686283902285
0.004569052957226378
0.0046310289426207
0.004685748921940801
0.004736005981803779
0.004780135895952067
0.004818792568235153
0.004851534545096353
0.0048791188234265665
0.004901702261152081
0.004919096365633752
0.004931877829149455
0.004938992523142099
0.004941801558959146
0.004941139356948306
0.004934506165110444
0.004924436534981903
0.004909657198269836
0.004890927617196786
0.004868427343030624
0.0048408236403435926
0.004810666860892396
0.004775441131406841
0.004736346500602015
0.004692196752848418
0.0046433851431707225
0.004589070101652954
0.0045309680237977145
0.004469631882442204
0.004403451760900697
0.004333960143889182
0.004260016381883424
0.004180935500229976
0.004099150244378981
0.004012426913534759
0.003921486958729573
0.003824993391942332
0.003725476990838434
0.0036196856256552608
0.003509776899105983
0.0033977210757952033
0.0032820191188942627
0.0031645628237503493
0.0030443482533287075
0.0029236512159352543
0.0028032706640792634
0.00268388460413627
0.002566235679346361
0.002452246617826427
0.0023414736385152166
0.0022359124245081526
0.0021343970618428786
0.0020404575324703446
0.0019528550339853131
0.0018699319889892655
0.0017962050489319522
0.0017309366315606599
0.0016733936865755588
0.0016250038566517219
0.0015842153580547542
0.001553863437090125
0.0015324564424486768
0.0015249923963551464
0.0021521994486021667
0.00211543965630976
0.0020843982861755385
0.002059781597446068
0.0020392936071201525
0.0020234161124608008
0.0020088693037589463
0.0019966031218874324
0.001985769624997277
0.0019742817702164063
0.0019630900802739804
0.0019518188118023496
0.0019402766898491497
0.001928100419983315
0.001915622161401475
0.0019022436467883623
0.0018900760368628824
0.0018779998242531451
0.0018658339123137655
0.001854524496557832
0.0018435674165601297
0.0018331621447339103
0.0018248922860867017
0.0018165050844974578
0.0018092123810141633
0.0018027488784035923
0.0017990191179714022
0.0017960836830844937
0.0017951553697361645
0.0017955463776196084
0.0017992715583658406
0.0018023453259399446
0.0018085333858657356
0.0018157351975543164
0.0018241289506885979
0.00183549668940661
0.001847102538576877
0.001867678315983633
0.0019015367557850295
0.0019495946808287768
0.002009014881640875
0.002078914635620993
0.0021536027265754805
0.0022336135929215736
0.002316330051682517
0.002401143279859262
0.002487621156637685
0.0025746596821175863
0.0026619487527296606
0.0027484076655050985
0.0028356503512220322
0.002922049005914171
0.003007096589517887
0.0030906897842031314
0.0031726194788611224
0.0032538682690574855
0.003332402626032279
0.0034093163841523383
0.00348290026269032
0.0035552528959131133
0.003623942590419778
0.003690228795436846
0.0037540292407915806
0.0038147653378031777
0.0038721121041174612
0.003926824492591824
0.003977623990087929
0.004025266465953735
0.004069771560748977
0.004110410934623905
0.0041486895064875105
0.004182633832366311
0.004213701555841236
0.004240641036705526
0.004264885151127902
0.004285290994525913
0.004302015676566096
0.004315764047492635
0.004325638120442493
0.004331552079855664
0.004335504470750531
0.00433521617700499
0.004331262634670235
0.004323354015151622
0.004312287067141353
0.004297228793349996
0.004278785535022412
0.004255549397921727
0.004228530503497704
0.004197086138973902
0.0041598579515293825
0.004118001050957374
0.004071480988541636
0.004020240562921272
0.0039656520212651885
0.003907583639408927
0.003847230220272835
0.0037846419159245906
0.003720595185115001
0.003655885799747937
0.0035916388481162884
0.003528492077298549
0.003466171523663711
0.0034048765687863664
0.00334467381633028
0.0032875585077891223
0.00323127257949866
0.003177413707252292
0.003125690797305236
0.0030756438804514508
0.0030270663408728526
0.002981051632929305
0.0029378527068378932
0.002897137930133839
0.0028609653222000826
0.0028281441405261535
0.002800571662582313
0.002777745057036985
0.0027664317004611628
0.009756884779929345
0.009939083868754622
0.010105631297099913
0.01024706387253842
0.010363300980728763
0.010460225700326124
0.010541579516163154
0.01062305304245887
0.010710924379896037
0.01080858630060859
0.010914823988535246
0.011033567985231845
0.011161380353139657
0.011293654838236307
0.011424794371895409
0.011550979946229674
0.011669308061437714
0.011775063031705292
0.011870747579962983
0.01195395209846836
0.012029092167572569
0.012088402204055894
0.01212970282685491
0.012152977145536334
0.01215759811756146
0.012143807016047593
0.01211452885236197
0.012075785038834485
0.012025653026775615
0.011960929852397337
0.011878910292740193
0.011776294933850354
0.011649292596114332
0.011502412165068731
0.011343213783871492
0.011179983860737727
0.011015746707712125
0.01090770931541656
0.01086051362118103
0.010838945756817953
0.010825005671677166
0.010807097804060172
0.01077792029918925
0.010733466528369201
0.010678960149540563
0.010615886265747476
0.01054966514305728
0.010481517316015713
0.010412990434271992
0.010344458162205696
0.010277496167425744
0.01021237876746194
0.010148601541155907
0.010086612407110625
0.01002579576401842
0.009965181663454345
0.009906101577254483
0.00984761303619006
0.009788533874277352
0.009728942438256737
0.009668205253973957
0.009605194238996275
0.00954257216031535
0.009478128124180606
0.00941333015598808
0.00934925339324437
0.009285447545947628
0.00922063103737469
0.009154612468721002
0.009087106542370427
0.009017831096077079
0.00894559420795784
0.008871372380623403
0.008796621792352103
0.008721341731073739
0.008644638909417374
0.008564165166936352
0.008480286185702499
0.008386385589181755
0.008277396963103116
0.008146876548242421
0.007994037070940405
0.007833874850672804
0.007660038717174022
0.007416579607371439
0.007161446349332044
0.006972739798933683
0.006863208037496608
0.006812113755845007
0.0067944906264922125
0.00678896769738148
0.006778939065923228
0.0067584163368022655
0.00673218390471384
0.006706011866133872
0.006690815348029942
0.006690317314273724
0.006715600739931195
0.006774001189191336
0.006869002046874119
0.006993992275973903
0.007145541857394323
0.0073211427701907195
0.00751107802795761
0.007713410613541479
0.0079217609667805
0.008132810722327691
0.008344739597065396
0.00855776595940259
0.008767452331890038
0.008972238789602963
0.00917251666690553
0.009372991233501132
0.009574335540321463
0.009781280777043738
0.009995375773743237
0.010215133497430995
0.010439380367796494
0.01059345223063967
