-0.07185691479893026
-0.0743841198474203
-0.07505935406845489
-0.07565279425963346
-0.07636342423227443
-0.07705677687525625
-0.0755201276365633
-0.0731531496618273
-0.07042877098419452
-0.0674864483488724
-0.06431508987966499
-0.06103515600838576
-0.05743704408507443
-0.053523083593892046
-0.049279654840838544
-0.044738012537899455
-0.04014136585465804
-0.035553570019228646
-0.030925058595444133
-0.02628145045569372
-0.021251648483307822
-0.015691141281880705
-0.010013014123473352
-0.004203733152267655
0.0017098849995387335
0.007233853823138248
0.012054813306742103
0.0167285100501146
0.021305837792344955
0.025756499619605657
0.02880253352879861
0.030163286925980453
0.030869842311692142
0.031067262916429826
0.03088074506234548
0.03040338961723944
0.029597148727226394
0.02827024378916036
0.026945157220219344
0.025425988550403355
0.03843654175007196
0.0469351826835054
0.046846441745812664
0.04921614623184119
0.05157216905863939
0.04435296176426349
0.0428701826526748
0.04121140349128927
0.03932173141575749
0.037238115431133305
0.03516792381665467
0.03299730782547165
0.03069781853412523
0.02831087778951139
0.025840274256446843
0.023304395134955542
0.020684591116752627
0.018054372132927213
0.015395165091164974
0.012726177706594934
0.010041346841013002
0.007324882451790122
0.004580988811198558
0.0018136694860148822
-0.0009765284898571303
-0.0037393869549741977
-0.006559298102213746
-0.009420396761495217
-0.012319648461279217
-0.015295170628549093
-0.01851763179292744
-0.021779340351239674
-0.02510291802200035
-0.021812131289436643
-0.0076990410073290915
-0.0037950062579225354
0.0005412785932509893
0.021345776097236847
0.006243531745775803
-0.07429225613176808
-0.08759751904073979
-0.09559640735054385
-0.07952656043983504
-0.0734720950404712
-0.06177544409653014
-0.041245455161283535
-0.01894206789576722
0.004227274282932978
0.028012006781823993
0.04274366413342728
0.04744383849160754
0.04959608052754591
0.049862674307478726
0.048497450029451994
0.044607347124847714
0.03817797175914568
0.03039751153334696
0.021500049301902923
0.011628181816967077
0.0057396609681145926
0.0015858091010313043
-0.00257323536686793
-0.006730209052792119
-0.01081129272404621
-0.01584208079870967
-0.021073956351235195
-0.026116441315143665
-0.03094300208245563
-0.035505259575168494
-0.04007664444191695
-0.04436679310561837
-0.04816769368715997
-0.05158309246588803
-0.05483867620890239
-0.05875929159972096
-0.06235021186346512
-0.0657937800364996
-0.0691938338749139
-0.07151070579131838
-0.019476436923064677
-0.019990094178912347
-0.019579529537009643
-0.01910772539335542
-0.018730260093568225
-0.01856239921995606
-0.018283423652334842
-0.017742648400658888
-0.017089394670353374
-0.016368915952439046
-0.015602910340262685
-0.014508142285863654
-0.012772248862180272
-0.010500176673583331
-0.007816626304033193
-0.004791085659720993
-0.0016540980381468892
0.0013575728776795955
0.004250857538202152
0.007011745498166838
0.00967570526385041
0.012411120263991278
0.01530356163719604
0.018315453923020888
0.02142495270563243
0.02458780691117814
0.027545798022509494
0.030265001877977805
0.032812885012269526
0.035257069276813845
0.03741910461820815
0.03879460631250447
0.039436934677015575
0.03952675494246501
0.0391707594633816
0.03837348004550017
0.0371394443111729
0.035523713333567505
0.03343356914577905
0.031050774927502953
0.030860920572133514
0.038785412392466
0.04595140123007501
0.05078460639240451
0.05528929689558343
0.05753978589599441
0.054128528387211335
0.05120845774922642
0.04857592187471025
0.04603984061939805
0.04357793062923794
0.0411551763829015
0.03873177035287494
0.036305313781066106
0.03387033556573188
0.03139688223780912
0.028857565889374548
0.026289315713706532
0.023720053239272492
0.021136549773524912
0.018559982092292496
0.016019860654194567
0.013523041151855422
0.011029812740021122
0.008548607457150725
0.006014558141293528
0.0033599617936847475
0.0006376377302399073
-0.002169907474001653
-0.005023575986315631
-0.00791740890451545
-0.010880503599940364
-0.01389644364240801
-0.016931669114179888
-0.008584671483007676
0.005723607385233502
0.015455595935879425
0.02829651213769244
0.04679144729083314
0.02872144482679006
-0.0018022029351936419
-0.022689954569644562
-0.03117965123664916
-0.03092432614187415
-0.030010559943124154
-0.024964461406118365
-0.01732870671760377
-0.008223213653160245
0.0018998662774192775
0.011396760811463949
0.018132748954552445
0.023989676519041558
0.029153136678063945
0.033420358711746756
0.03725409502031351
0.04007175554889366
0.04074214652637048
0.039459793991089544
0.036605941288642536
0.0325640501399239
0.028169911288446998
0.023679008062298595
0.01914762275242041
0.01458158360154223
0.01004739678356493
0.005562529506722437
0.0013403567022515915
-0.002564420776850354
-0.0061651475090701196
-0.009220377458525586
-0.010903514644574175
-0.011831136865573282
-0.012454882480527557
-0.012836698786724806
-0.01389204076166786
-0.0157337566928388
-0.017607311455928903
-0.019376465113645318
-0.02052497265112451
-0.000279206468084505
0.0010493630385543294
0.00229195764983729
0.0034276779296684608
0.004457536838584756
0.0053544512222793985
0.0061329716271999474
0.00685243588889628
0.00747659758020606
0.008004638115160348
0.008469368384021687
0.008955218421426023
0.00950963139260332
0.010118956542544182
0.010816418100259028
0.011570944907827898
0.012303684080113977
0.012953661671720242
0.013529057742779373
0.014019462422808047
0.014446626331480408
0.01484353901196756
0.015227524805146409
0.015622886148317706
0.016008600747141267
0.016412135405259043
0.016800743027410622
0.017178642689719956
0.017536175747095793
0.017857767937448837
0.01812231475059021
0.01830183605537272
0.018414242758548065
0.01845511038392869
0.018435331547394306
0.01835108956767985
0.01824827083578451
0.018167335466554295
0.017884696693437566
0.01750205953015088
0.017438245471554467
0.01885086975431358
0.020353207668356757
0.02162154829995495
0.022987962216467348
0.023742559510936338
0.02291222676634975
0.021759032786494197
0.020391504524334653
0.018852523394711187
0.017199146879395506
0.0154390661844167
0.013605200220133822
0.011719171764289263
0.009786631613120525
0.007811007473696318
0.005795760935060563
0.0037769395318673978
0.0017495763774953022
-0.0003011353208366715
-0.0023622309715890257
-0.004493731303307784
-0.0066443791688968155
-0.008827413885487183
-0.011066339355290862
-0.013299000256025723
-0.01556458149266563
-0.01782355629714704
-0.020091433400126504
-0.022354180276040067
-0.024631572075640266
-0.02692348990013489
-0.02921255644861572
-0.03146607161270875
-0.030682647216934186
-0.02960710743950112
-0.028308438947262215
-0.025875808646578406
-0.022479832266454208
-0.02304240324500257
-0.024409944158628624
-0.025404387572986416
-0.026052375303836015
-0.026376281486322428
-0.026977508148624978
-0.027599681838474947
-0.028148928191582698
-0.028685476872613018
-0.029174099300753147
-0.029718594509371123
-0.030396926285282594
-0.031160888901856153
-0.03199346036317008
-0.032874712175083844
-0.03369813231723373
-0.03421431160687515
-0.034436407172211976
-0.03433619125373778
-0.03391128276481514
-0.033180254599531125
-0.03218067898579165
-0.03092586601818663
-0.029433579188922802
-0.027668852214804817
-0.02572449658160215
-0.023738286713043167
-0.02173058220969572
-0.01968338500379107
-0.017617359050162262
-0.015569247347498627
-0.013600564142643781
-0.011735439241912043
-0.009944512338531733
-0.008267051121619455
-0.006644613258136709
-0.005094938263035361
-0.0036176861997257166
-0.0022082376651536752
-0.00127815491633264
-0.039561293978964907
-0.037735564648496686
-0.035980356614842945
-0.03444580508626511
-0.033104350775742364
-0.031916391334094386
-0.030713689975370603
-0.029405288116306435
-0.02807154364783751
-0.02677693187691257
-0.025533547987744386
-0.024398060806336587
-0.023474014545450072
-0.02277874593065461
-0.022269958634300382
-0.021962050740141358
-0.02181100635406795
-0.021842727721730036
-0.022063481072959454
-0.02248221189122996
-0.023104562853637243
-0.023926968269580764
-0.024904734099070045
-0.026033652241061037
-0.027313811735013474
-0.028775173556854834
-0.030385184881665108
-0.0321179714171868
-0.0339910474696805
-0.03591317052602864
-0.03796031267242024
-0.040200708845045056
-0.04255762944362214
-0.04502408116031518
-0.04751721105583333
-0.04994754925554473
-0.0517421374910402
-0.05210573530366841
-0.050575149284766
-0.04698869232677307
-0.04134121522493069
-0.0325347196088502
-0.021378443070480903
-0.010322772463595776
0.0008254890006553213
0.011231463161627233
0.015829667372708047
0.017200628974452455
0.01715964948635176
0.016519453864590843
0.015684837420430846
0.014756111504664228
0.013811499848977796
0.01289197250615396
0.012015075628350748
0.011195280592044114
0.010386828583367527
0.009550286815019616
0.008718248340064426
0.007883047411991488
0.007017996599144023
0.006131900527190301
0.005196515753457407
0.004208476875601693
0.0032023701197041853
0.0021280146756498504
0.0009528846366025623
-0.0003239879636412788
-0.0017197719147815855
-0.003202493826709404
-0.004782907626445779
-0.006487495160568264
-0.008296624570798859
-0.010187850177638923
-0.009172200357007658
-0.003354823196016769
0.005155027724455068
0.014847294531163919
0.025725838443788857
0.034411251653387646
0.03875937756717894
0.03995104624789493
0.03946174427320664
0.03749370709677464
0.03424886005168736
0.02990284673318229
0.02470279101025412
0.018952485342739495
0.012853864741546907
0.006509644603521143
2.3735360802773145e-05
-0.0064008243375172
-0.012633749677793384
-0.018609804744011856
-0.024258844294128713
-0.02948621604457057
-0.03418454000777515
-0.0383119760836542
-0.04186652563905319
-0.04481060185616294
-0.047212246927432616
-0.04909920079326314
-0.05052756067255733
-0.051516631395830265
-0.052096567408472017
-0.052302872692570376
-0.05219418337414074
-0.0517669971689038
-0.05109065846534854
-0.05018168501189268
-0.04910510891457825
-0.047895418492492826
-0.046567877552463395
-0.04515617809189639
-0.043640179186767075
-0.042095626621831285
-0.040567106386542505
-0.039050522246233156
-0.038043893865440534
-0.0006645233859298421
5.567069356101625e-05
0.0006113469273225312
0.00101242995481026
0.0013255502438438997
0.00155254832378039
0.0018189574120568775
0.0022020339912930116
0.0026651770876708184
0.0031506785563211502
0.003654948196403348
0.0041025258597443695
0.004412129107977313
0.004572680831064379
0.004563804139684354
0.0043689872290255186
0.004016947729490894
0.0035394837549935143
0.0029668105257338426
0.002255103368577568
0.0014621371421929842
0.000619660784759124
-0.0002559852797852613
-0.0011381983532303115
-0.002055909706342624
-0.003023011650447804
-0.00414890504823909
-0.005495639853680706
-0.007040506549274709
-0.008763299695175312
-0.010709018541210907
-0.012980626558618499
-0.015630735918151388
-0.018630565793106946
-0.021900433978947267
-0.025400316264914086
-0.028831813326021933
-0.030729547257050006
-0.031487279659852395
-0.03177553431623431
-0.03182879837279454
-0.03161864402513852
-0.03100129665071238
-0.02990246634691461
-0.028343700728341595
-0.02635417060920633
-0.024058106944469502
-0.021635790676682407
-0.019177935729837548
-0.016741138476596112
-0.014369949122780076
-0.012092361333952762
-0.009899115882933898
-0.007845123386526247
-0.005939916788227356
-0.004244545343939974
-0.002765965847404339
-0.001540805565840259
-0.0005650697220309931
0.0001536612383988964
0.0006751755497035172
0.0010687148426447176
0.0013703227429572432
0.001614063766877297
0.0018566778403694795
0.002109116108127921
0.0023677218579179747
0.002667383475767426
0.0029886998952748786
0.0033477461485252784
0.003746827039245901
0.004173742230644667
0.004644092963743601
0.005185341560516447
0.0074757549111272616
0.013094016632373846
0.02167984583151562
0.0324637472666962
0.04507895481440092
0.05691198291902771
0.06562437893706091
0.07101341473461771
0.07387842818116441
0.07476070691004555
0.07401438076838797
0.0719238838105931
0.06878557272923227
0.06488780573322997
0.06041087441299511
0.0554396835549522
0.05018228465416275
0.044906126735651225
0.03976744756511755
0.03483333890038015
0.030172350448581183
0.02577868441731392
0.02170715639342477
0.018034003520184756
0.014828844083332371
0.012193217758479433
0.010142965767973494
0.008699029773707349
0.007823294012122287
0.007492471496791178
0.007631583271591578
0.008153822426308063
0.008947247660497903
0.009993816423631443
0.011229417574990103
0.012616120150486005
0.014185321299978902
0.01591250006733319
0.01773162909313196
0.0196234325885185
0.021522612818328513
0.023380173946711286
0.02507856231280018
0.02657693627149445
0.027471548045099395
0.02232285398861813
0.02142441854579498
0.02055821543716093
0.019714369560323783
0.018903514017047703
0.018071228032290068
0.017241909768283433
0.01640660062503919
0.015584956861325357
0.014776707469849675
0.013998170417730821
0.013280329898685175
0.01261277181745091
0.011977651708608218
0.011350973701112762
0.010748902878613404
0.010148117012809927
0.009546018517190774
0.008937138063863665
0.008326354298598956
0.0077192896929014964
0.007082504353969405
0.006433757735114764
0.005766981606098539
0.005088238926677854
0.004378110339530786
0.0036543688011963856
0.0029222715980840117
0.0021597150598571323
0.0013665471220405314
0.0005338458244780801
-0.00032895296293302897
-0.0012318650400669684
-0.0021706142236787166
-0.003138820767569782
-0.004120360038269275
-0.005086494343290238
-0.005998828974173882
-0.006778618033888127
-0.007312359328478669
-0.007524864287855906
-0.007309279743499105
-0.006560415058158657
-0.005227174535620783
-0.003299409272600863
-0.0007912256530088548
0.002152857780464014
0.005188218611632372
0.00804740021001103
0.01060528563041477
0.012826654947615297
0.014714638515303245
0.016353431124934748
0.017754129591569325
0.0189786955174442
0.020051182586329475
0.02100027547467621
0.021858796459660764
0.02267058876819976
0.023422941447762996
0.024155147009421257
0.024861303826845746
0.025549513998951362
0.02621466137693714
0.026883646205283416
0.02750918491184901
0.028126687574826163
0.02870102985249721
0.029210682504270113
0.029664614321982044
0.030059399459375163
0.030382323534669922
0.030659239046629146
0.030865886550906337
0.031036482850925654
0.031281560639784205
0.031834710124943
0.03287199247043769
0.03451172644681476
0.036749254209905005
0.0394381822481375
0.04232152687063781
0.04517106242108898
0.04778841635277441
0.050092734716824225
0.0519973087067385
0.053480327741464655
0.054523718628078005
0.05514075689205188
0.055317883275136454
0.05509553947382036
0.05449182033900775
0.053552242440919995
0.05235473491889254
0.05093812778198757
0.0493604382439303
0.04765151838475576
0.04585956399771889
0.04402546397865943
0.04218810204682949
0.040352167622497076
0.03855646207593934
0.03678287650797748
0.03507302477891846
0.03339380493685993
0.03177755794682551
0.030222246517105887
0.028723859797182758
0.027279762957628045
0.02591962647743306
0.02463527264836147
0.023413672370801074
0.022283295600466116
0.021224305661408722
0.02023038910937506
0.01931450277342189
0.01845151216227963
0.017640572830366786
0.017105488447320856
-0.008141718253278382
-0.008330354785890047
-0.008528867086474016
-0.008738623244031938
-0.008943864533084666
-0.009152428842084554
-0.00937706363067843
-0.009602933366884728
-0.00982795333793808
-0.010043472082018291
-0.010264443913597907
-0.01048604898590907
-0.010714068619626222
-0.010949841213162812
-0.011194797378898468
-0.011462790316104832
-0.01172642923932736
-0.012016177567720974
-0.012310299769410187
-0.012617443262531421
-0.012931219575558952
-0.013260171257526088
-0.013602123055733193
-0.013952836165473432
-0.014315037907299955
-0.014694639234004991
-0.015098585498802608
-0.015540650213000527
-0.01603447773451793
-0.01659998370735759
-0.01722447299910399
-0.01789439229709648
-0.018599151461084155
-0.019326836758407087
-0.02004700172769191
-0.02077262635382553
-0.02149065924746637
-0.02210043811263721
-0.02261538803716344
-0.02308953119140222
-0.02349475818475927
-0.023856504843362072
-0.02412555296088609
-0.0243109362388818
-0.02440571606610437
-0.024429012129272176
-0.02441480687077311
-0.02440742196349709
-0.02441164321648035
-0.024411849615263135
-0.02438988549346144
-0.024381934934236536
-0.02434510447505122
-0.024287788684198616
-0.024218549834898753
-0.024121811125140995
-0.024015601597281097
-0.02385090360453604
-0.023697591274720587
-0.02349933578399761
-0.023291421353025768
-0.023066700021140224
-0.022831104690815448
-0.02259059743732118
-0.02233983023353124
-0.02209033086201765
-0.021838770369666024
-0.02158718419909306
-0.021330817688833898
-0.021064543253664098
-0.020807616424971257
-0.020560982340616492
-0.02032469346294927
-0.020084369775637746
-0.019760517054464247
-0.019192063392217917
-0.018347742508904266
-0.01728900362173068
-0.016042254233153464
-0.01471092263664765
-0.013489396374249351
-0.0124146461900675
-0.011465670214302975
-0.01059605739211323
-0.009819652795494568
-0.009159318040645332
-0.008635758106280544
-0.008268679208395531
-0.008044124740466353
-0.007939484275344983
-0.007962663280677396
-0.008031721665352416
-0.008146636560744854
-0.008306207155207097
-0.00847813403403979
-0.008689414536454242
-0.008905386281020212
-0.009152186598368379
-0.00940634278225061
-0.009661466679248616
-0.009910181251304342
-0.01014205776371283
-0.010374482535493279
-0.010588999605174199
-0.010785608584956438
-0.010979670853462131
-0.011148066093483885
-0.011331992392754153
-0.011499032590353914
-0.01166234929074489
-0.01183666193451717
-0.011982352647304743
-0.012156463821345203
-0.012317611146518467
-0.012459122992742789
-0.012599097449303773
-0.012714389703023162
-0.012825984065533128
-0.012891288033075859
-0.03192944097887558
-0.033277546933751796
-0.03453612450361637
-0.03569905553414765
-0.03676277992686757
-0.03775643613214866
-0.038650516515568036
-0.039358085841734954
-0.03992318518573969
-0.04038005309319428
-0.04069197074193287
-0.04087448622797725
-0.04093441173459027
-0.04087947336863192
-0.040687872942088095
-0.0403774079094442
-0.03995322055704062
-0.03940829342864201
-0.038754771492551694
-0.03799086536803891
-0.03713416060217108
-0.036177190632526765
-0.035136724220379355
-0.03401294904610865
-0.03280025072591814
-0.03149842308081156
-0.030152986772824096
-0.02872193391999925
-0.02721619780541374
-0.02566136022653739
-0.02403732250831927
-0.022383502880775175
-0.020703207414743702
-0.019038046878028122
-0.017353614047740308
-0.0156821570851938
-0.014001524907745588
-0.012372784016514399
-0.010784280702169148
-0.009204859946931526
-0.007628942812801992
-0.006032476047224485
-0.004386482762903354
-0.0026836592319986917
-0.0009861882574519318
0.000754416998592565
0.0024639794324881766
0.004125826118039242
0.005717594370219049
0.007171791238930268
0.008524843474622224
0.009767024661911516
0.010901016290513883
0.011939081353161437
0.012872466481805286
0.013744479954045548
0.014516939000206593
0.01521930694790224
0.01584949169858521
0.01639752642879849
0.01690574833502766
0.01731568419121599
0.017687771717456294
0.017995159370678925
0.018258457167635262
0.0184738628118749
0.018638546949842866
0.018750493822602635
0.0188208251083804
0.01889254515885255
0.01900525688744374
0.019136405359437367
0.019309177123424736
0.019506915621637356
0.019709700189478093
0.019930863493679396
0.020180681639988873
0.020399626812768006
0.02056141743003697
0.02066338083639216
0.020686510651275965
0.020666664169476125
0.020636200546044044
0.02053761857525072
0.020316120358382355
0.020011550296019424
0.01960044384633608
0.0191117466858137
0.018517102230377343
0.017850408548683312
0.01708851079594348
0.01621574125610584
0.015261369957390627
0.014215380686156381
0.013087654503650433
0.011864515182195199
0.010594578348916
0.009252963633087958
0.007900163492245286
0.006610607699815981
0.005376116177953716
0.004244085443938255
0.003117292244471173
0.0020214990277672355
0.0009724111227970432
-4.514575801755485e-05
-0.0010293611717716504
-0.002040138214497556
-0.003025083455576791
-0.003974913634058926
-0.004917014709695346
-0.005818309772910361
-0.006697548033489298
-0.007537754537737818
-0.008335729174132637
-0.009074798977806858
-0.009767652594738899
-0.01037696559292354
-0.010760945205987903
-0.01580880302798074
-0.017581684851157447
-0.019299628845936483
-0.02095005626174013
-0.022552683070745642
-0.024099580777581567
-0.025575153564898714
-0.026878394101371824
-0.028058087209973936
-0.029100871148887833
-0.030071528436705457
-0.030920950959648724
-0.03164362908341224
-0.03226241718226226
-0.03275582254966211
-0.03311502632399656
-0.03336073787174832
-0.03350209580281926
-0.03350603219329558
-0.03342099178820424
-0.03318704209156866
-0.03286302751116721
-0.03242847656249181
-0.03186854152246215
-0.031213100618062442
-0.030434783930086754
-0.029561237113245223
-0.028589900000587594
-0.02750255502935055
-0.026352315098571583
-0.025096065026607477
-0.02378847638313566
-0.02245772556451331
-0.021123052241047928
-0.019804347282467976
-0.018504655436985772
-0.017228920351211693
-0.01597739031768646
-0.014781366623316573
-0.013612431573562282
-0.012458260952559233
-0.011290505175351172
-0.010059463287238413
-0.00873265534411791
-0.007329195009137822
-0.005864583729171787
-0.004358525283119681
-0.0028119253122655358
-0.001277621709379299
0.00022378189107036711
0.0017195781264257922
0.0031757004595664258
0.004600762411389261
0.005994050557963768
0.0073365123702453915
0.008630337258440436
0.009885125982703781
0.011086422320949451
0.012224947106874955
0.013321804245885397
0.01436806781503875
0.015379638484030386
0.016339315849385083
0.017265221784652632
0.018173798143762968
0.0190395160347828
0.01987046223129004
0.020675259772588068
0.021458493321474672
0.022222547956052382
0.022996961278084593
0.023782539479074005
0.024566355451886557
0.02536093639755308
0.026145267070684854
0.026986263169887018
0.027867647382070627
0.02881204680008383
0.029791004530625498
0.030823180568401814
0.03184167450992331
0.03283182921350361
0.033883905568510474
0.03488255170609356
0.035833957824078964
0.036728956954421535
0.037564937313957034
0.03836046119887029
0.03912852857512823
0.03986672504489923
0.04056233066594962
0.04119782952917302
0.04176652741445238
0.042278461982026484
0.0426819925770336
0.04302542453400067
0.043269896078848166
0.04342682487222859
0.043513437974619526
0.043552189503085266
0.043531418220513006
0.04348673021490799
0.04330844058250974
0.04299673565113912
0.042572420405707904
0.0420962692466531
0.04151194544292254
0.040809778710201666
0.04001102775354731
0.03913476671608295
0.03822156198690259
0.03726150766809881
0.03628121705598357
0.035285264816262076
0.034252003378558785
0.033214117144728016
0.032176601494853296
0.03113478271359632
0.030430508003451668
-0.016109644945269886
-0.01633500571245661
-0.016534643245048462
-0.016676807482105396
-0.016797751249875845
-0.016884358115009147
-0.016915222015239418
-0.016936044756697965
-0.016906846691711545
-0.01687019636008186
-0.016792388704271313
-0.0166726414397113
-0.01654517085670139
-0.016374769321969348
-0.016193924907611196
-0.01597516206116549
-0.015705600622331665
-0.015422681460091951
-0.01511780244839875
-0.01478093114483283
-0.014433125298444125
-0.014060047738623606
-0.013672113644146177
-0.013271169209416426
-0.01286820836907686
-0.012439735031244155
-0.012004410222116776
-0.011572281096498013
-0.011110699316314377
-0.010658166987007767
-0.010188673812561803
-0.0097139188966651
-0.009213899032295171
-0.008708327780452038
-0.00820638612857273
-0.007690521266382931
-0.007174302719341715
-0.006638060771660867
-0.0060796618737704875
-0.005504264062191862
-0.004929872908560485
-0.004311904074983577
-0.003664791365836659
-0.0029629052848675836
-0.002186097333404455
-0.001347618770746401
-0.00044540496898096626
0.00047997089692799523
0.001413187836414412
0.002304375386209956
0.003166523919039175
0.003966381761089328
0.00469618597923293
0.005354992950350467
0.00593162651101424
0.006439834340792511
0.006875172441335846
0.00722337858147277
0.007518574738517045
0.007753063533477999
0.00790605495895193
0.008012031811326944
0.00805016953682563
0.008041398279774037
0.007989707886377167
0.00787348822153906
0.007725741736930304
0.007530024376282284
0.0072817202450422966
0.0069950959480870635
0.006677536157360857
0.006320294434689556
0.005917056121696831
0.0054949387013442895
0.005031810637884917
0.0045430746725681065
0.004031286507558347
0.003533410765403982
0.003060892726065928
0.0026097186126906907
0.0022031911831536773
0.0018256966220585793
0.0014972742602410256
0.0012011727443047978
0.0009500084847299958
0.0007169164093874746
0.0004929215646738304
0.0002974854545111317
0.00011072811153616086
-7.937022503393694e-05
-0.0002648819351830647
-0.00045861035004445976
-0.0006450737683748337
-0.0008672858898003804
-0.0010826148848616282
-0.0013050274858404291
-0.0015332706598076263
-0.001782992995414195
-0.0020199721680259335
-0.0022439123366765094
-0.0024882736353876345
-0.0027128494426783838
-0.0029257910773190657
-0.0031043135321865596
-0.003266732433979885
-0.003402383406351133
-0.003502985268741336
-0.0035853248462324938
-0.0036409614919702617
-0.003664305758216925
-0.0036665373265592624
-0.0036495493414663914
-0.0035815431408065417
-0.0035037093665505553
-0.0033886612184796405
-0.003250604363177634
-0.003078056556135163
-0.002880822969651995
-0.002722924165941215
-0.030516287955847397
-0.029233999772334814
-0.02783688901921421
-0.02632340545137025
-0.02467974946869884
-0.022960764366896657
-0.021131154790443217
-0.01922127779586785
-0.017261935686858264
-0.015215555211285222
-0.013129828291600414
-0.010995615696985121
-0.008837596350288674
-0.00665136531748666
-0.004435999049103842
-0.00220281731611421
2.3228860160033348e-05
0.0022515102879778195
0.004454150124724176
0.006627041335269424
0.008733578039316448
0.010762498543156588
0.01273057986620269
0.014615931028114404
0.016396594203060205
0.01809605581055657
0.01968419528997077
0.021170513139558162
0.022543849120795302
0.02381369149923303
0.024964828073361194
0.026026394238654816
0.026980037835809715
0.027822149092662916
0.028595840824997703
0.029279637671771705
0.02987761130954808
0.03044875018147141
0.030936495407938344
0.03135041224125886
0.03168192178878262
0.031964397709889916
0.03222157615382547
0.032489642874393654
0.0327392970899139
0.03301075832390577
0.03326610086048193
0.033483734838505495
0.03364863422586214
0.033744450722554664
0.033745385312248063
0.03364156285961036
0.033430769793576356
0.03312164291438234
0.03269812360494129
0.03218283334723582
0.03155944814873546
0.030859570791188215
0.03005411373647247
0.029190543030472662
0.028223651185138837
0.027197077989350855
0.026109200671290238
0.024959262853106717
0.023760191811078808
0.022498992216957708
0.021194347076644984
0.019838579915695546
0.01845311482600795
0.01701169170961721
0.01554363518905166
0.014046412912137794
0.012512123739274704
0.010948649889015788
0.009356891664929295
0.0077406914679718965
0.0061107726844272315
0.0044661542189460566
0.0028112206716460297
0.0011416420388126525
-0.0005049559917939334
-0.002148253806860685
-0.003776247779707528
-0.005380482874800118
-0.006949422224737347
-0.008492180890076155
-0.00997769524855322
-0.011431052528995844
-0.012831533677975683
-0.014191268016176095
-0.01549928362834013
-0.016765063080422193
-0.017974472330451543
-0.019143549343988847
-0.020260300460621355
-0.021339171109770644
-0.02233908623647881
-0.023296524134983138
-0.024141596095860154
-0.02493272904310678
-0.025625968596350586
-0.02621717340601782
-0.02671114392497687
-0.02708089921039733
-0.027340046336120836
-0.027463856162122966
-0.02747733933126483
-0.027362442268449614
-0.02710891690702572
-0.026742689870680975
-0.026257293996863326
-0.025640336336126585
-0.024880595845528222
-0.024007496826933653
-0.022988876019725168
-0.021834820934473385
-0.02056665223531835
-0.019160224643274507
-0.018143006906723
-0.0328637767893694
-0.03306178846044216
-0.03316415530005598
-0.03315840961635052
-0.03304676216219554
-0.032822723248905
-0.032495877406608704
-0.032079550060476504
-0.03156466844470365
-0.030969002070542526
-0.03026337285006751
-0.029475775864992133
-0.028632273690401593
-0.027680895603000216
-0.026661881644826867
-0.025559785767570422
-0.024397122687518723
-0.023153083750896756
-0.021861267451866777
-0.020516721606611766
-0.01910884215822772
-0.01766936275961632
-0.01619773038942899
-0.014703184859840974
-0.01318370307287517
-0.011648469467568147
-0.010088850986773713
-0.008531961799490078
-0.006970540507818777
-0.005411904669483544
-0.0038383330788016663
-0.0022634127360940727
-0.0007197905740108605
0.0008464631236966088
0.002379240917363275
0.0039036261578787885
0.005429400323402427
0.006940895345636476
0.008442007400134332
0.009923615859436893
0.011378295237291216
0.012814958750944752
0.01428032546653054
0.015789087192364867
0.01735296503662523
0.01897346051330509
0.020640506109315105
0.022296947325771335
0.023888995638154244
0.025394048361342313
0.026769870506205475
0.027999196982823746
0.029073385268365934
0.029986932057993722
0.030735214357832778
0.0313294377364257
0.031763919918869274
0.03204557380003259
0.03216604202475155
0.032178190255117915
0.03205440982951017
0.03179445123151063
0.03141191737099844
0.030916753519713975
0.03031758597904137
0.029615399690818493
0.028823046247324027
0.02792713489068754
0.0269442636102871
0.025877669546850564
0.024735240306106136
0.02351926364113397
0.02222797193954762
0.020867698067092568
0.01944237113402403
0.017960461076619263
0.016438935885832145
0.014900570355343359
0.01335248532466583
0.011822191142361032
0.010322725487217061
0.008847759566802317
0.007411881257499334
0.005989860472557698
0.004614930849339899
0.0032556975884440774
0.001914645919756269
0.0005918394873335339
-0.0007138829074097652
-0.002011118069277615
-0.0033015208033436018
-0.004587192878945862
-0.0058702472473630965
-0.007141768006263477
-0.00842191691328786
-0.009697269309404594
-0.010963573950833964
-0.012234223128068948
-0.013474049447443648
-0.014703830593020115
-0.015905719747376135
-0.017097042496212904
-0.018247005340778003
-0.019361838587377243
-0.020443062800592274
-0.021461928910216862
-0.02242264383951816
-0.023350078539099903
-0.024201911329268404
-0.024981725155558396
-0.02569068182411315
-0.026319230074575803
-0.02687234427134822
-0.027342605272846796
-0.027725426675666263
-0.028005244852832838
-0.028196305774410405
-0.028282369194428964
-0.028285412275898966
-0.018797688488048914
-0.018825190719630777
-0.018778397270120782
-0.018650168353094056
-0.018463253856052304
-0.018184030616284052
-0.01785649672361251
-0.017465314043905243
-0.017021316581439
-0.01652770848775836
-0.01595910159972916
-0.015358510459364944
-0.014707540156021187
-0.01401872710508288
-0.013278884841751116
-0.012509022590517836
-0.011680870666474472
-0.01082577128958854
-0.0099397154034166
-0.009026416970936623
-0.008097617740550811
-0.0071758636186775035
-0.006232991123515665
-0.005273394429767161
-0.004325231253928275
-0.003371868636496788
-0.002413737700241215
-0.0014530896093717567
-0.0005038163426138074
0.0004397688195452639
0.00138741866640287
0.0023373693896709276
0.0032668831063049964
0.004202923027732743
0.005147077489083712
0.0060832508687878335
0.007018226544091597
0.007976772567102495
0.008920484847471691
0.009855608352633197
0.010768093453411166
0.01165226930493478
0.012555606068887266
0.013459686106094156
0.014409094110434199
0.015386937570405781
0.016388913919175043
0.017420652325180728
0.01840913114524049
0.01937680402143236
0.02029760243900097
0.021129591603744568
0.02189776430573322
0.02257116294173061
0.023152697258476594
0.02365638368315191
0.02406488877487097
0.024374598966252662
0.02462408155007442
0.02475986476031206
0.024821374498453397
0.024806309814946803
0.024711913373949092
0.024532107971063026
0.024288514872009632
0.02397663469827375
0.023594199842848357
0.023145682096095084
0.022616199990458517
0.022029033274034587
0.02137280279500412
0.02067060786166806
0.019894178051950248
0.019068595115352725
0.018187829682788
0.017261807774946892
0.01627524314849431
0.015259969217619797
0.014200641917313647
0.01312876451386391
0.012028188664183048
0.010926486973347997
0.009816661515439699
0.008700838100129667
0.00758984849046705
0.006497378180092587
0.005415585186035719
0.0043310829680220184
0.003274730044619408
0.0022220333187671845
0.0011755995749044793
0.00014294405945623848
-0.0008737763849635137
-0.0018844376416870567
-0.0028824986318516967
-0.0038671537202682143
-0.004808858138589851
-0.00574628885886387
-0.006658462584038209
-0.007528917315294096
-0.008363333475066027
-0.009156121273433222
-0.009918343095003461
-0.010626220908753809
-0.011294426252795309
-0.011897012885537536
-0.01245748859309535
-0.012964366516624973
-0.013419602409453906
-0.01382615206616853
-0.014161717783152141
-0.014441330475816498
-0.014659319924866444
-0.014817389043051703
-0.01491139365708377
-0.014929474888764425
-0.014877757630297918
-0.014757699103094993
-0.01462508425559762
0.010666637309458235
0.010939325849344927
0.011134524254782242
0.011234459424890262
0.011220958141690919
0.011114214088838779
0.01095601608664048
0.010774738882151039
0.010565873054185417
0.010337721608869442
0.010069229330104708
0.00972930718444315
0.00930274506921493
0.008796232945165015
0.008202909815331299
0.007534638192076408
0.006810714481135909
0.0060310928433464535
0.005168502507428865
0.004234670559085107
0.003201257206709019
0.002049195745625867
0.0008010974128238683
-0.0005639568708958767
-0.0020216157643775587
-0.0035585433079668542
-0.0051483943682925715
-0.006751728861722405
-0.008355749130438177
-0.009968031428816868
-0.011617075566295711
-0.013310292606669797
-0.01503034257780877
-0.016765742805709555
-0.01845660797354572
-0.020079261931516972
-0.02160570758752094
-0.022851016219772185
-0.023757651532984123
-0.0243594083674149
-0.024741290272386703
-0.024885053021094
-0.02479105631267563
-0.024376513024103184
-0.023650458590193553
-0.02261089888026106
-0.02132574079836141
-0.019927244093197072
-0.01851963741332595
-0.017157817976780117
-0.015881537649768365
-0.014717671717075276
-0.013644246384774142
-0.012645026925452555
-0.011706711143541274
-0.010828136837262267
-0.00997197241417829
-0.009172281227687273
-0.008378525832807996
-0.007634415662429857
-0.0069039288033730635
-0.0062098480734143315
-0.0055426500784580696
-0.00487912214660753
-0.004233454028799508
-0.00360750351197719
-0.002985422858690275
-0.0023955068355487833
-0.0018164689279046137
-0.0012867581489724679
-0.0007931829859935376
-0.0003152090205951747
0.00013241617355578476
0.000539538733952743
0.0009596464836050343
0.0015231444163350703
0.0024451089673416253
0.00389098318387979
0.005938803551300007
0.008500334751128177
0.011414146992294092
0.014449438578056242
0.017368228854633717
0.019949061056782333
0.02193376582818252
0.023272213336542724
0.024064472642580447
0.024389462405591922
0.024353173285044234
0.023947862103479396
0.02324830317297311
0.02222959329538016
0.02087060277242665
0.019209109128081377
0.01731287131865701
0.015270986477315302
0.013115549069029094
0.010961693352032582
0.008937315661918849
0.007028117473226737
0.005273140911992193
0.0037698571879149203
0.0025664917422555072
0.0016927573774299992
0.0011525010293918225
0.0008919108934258224
0.0009084299576469736
0.00115139702575336
0.001602801992902285
0.0022430946738830103
0.0030724777757831574
0.004037353834979975
0.005139409883484114
0.00630370027366036
0.007544742986973839
0.008811947227022887
0.01006169787173296
0.011281383830713703
0.012065039152512617
