0.06275865047149579
0.05901849586809269
0.05481811390078986
0.05046342635123705
0.04598782477702317
0.04145841890924332
0.03706486337137061
0.032588181217547356
0.028125953859885464
0.02371219970249171
0.019377538210578634
0.015122941987657155
0.011041014384865296
0.0071605231807405295
0.003498015134082482
9.110669761463054e-06
-0.0034569613553382416
-0.006847316913699083
-0.01015919471809966
-0.013403730347842726
-0.0166147245090846
-0.01982234030137186
-0.022960831156847623
-0.02602747557113577
-0.029018238760174696
-0.031832737000006564
-0.034358794320481376
-0.03673618176505036
-0.03898313706677925
-0.041101070108088236
-0.04302279950202419
-0.04453507182982002
-0.04587039004059098
-0.047081823496447246
-0.04820182211653681
-0.04916109922621212
-0.04996342232369124
-0.05072373545392783
-0.05135143301529211
-0.051945674336962934
-0.055700290198957926
-0.05842555509809409
-0.05852848981660937
-0.05954965663107743
-0.06054968889108799
-0.05979025309609723
-0.05995942747117908
-0.06005186280831076
-0.06004877409108884
-0.059975249654162406
-0.05977163975932117
-0.05949580175818523
-0.05915672040674771
-0.058766491852852695
-0.05831935335320307
-0.057760766928709205
-0.05714869233110687
-0.05648076756773388
-0.05577217257158722
-0.05503166072005886
-0.05429310192340801
-0.053514299015924124
-0.05270235956566531
-0.051861805723550515
-0.050997810150047965
-0.050133647269021496
-0.04926692385788494
-0.04840208233105791
-0.047531597214994885
-0.046672946673590794
-0.04584656411041169
-0.045025488568354026
-0.04421755834657121
-0.044577322727709895
-0.04680454992668173
-0.04717296522507085
-0.04763219355051969
-0.05399766649179958
-0.05103564498805428
-0.03364424638653411
-0.030195084156346086
-0.03524070511649714
-0.027698873345737004
-0.01679557492556042
-0.012503671547001693
-0.010123772462294406
-0.008089930520681226
-0.006262547618474199
-0.004618881553447443
-0.001198846363752805
0.0043022113667113065
0.010163490182000261
0.016195472828077123
0.022325258430729914
0.027959282240976355
0.03326786658209821
0.03829050732604211
0.042972874273080934
0.0472752395312659
0.050957017967329356
0.05418729832552621
0.05713604709933846
0.05980852483038905
0.06219628255731063
0.06462204378596884
0.06683613996247376
0.06876368069742818
0.07041184208824762
0.07179770649094727
0.07281731115519821
0.07331416410936727
0.07333508548042911
0.07290790123833982
0.07205222125403635
0.0709331078027896
0.06932185186662475
0.06728357999616687
0.06485603922124886
0.06299759976860934
0.08179581195367568
0.07768288377419398
0.0736512375897478
0.06943946240724315
0.06507454503694403
0.060586559339084814
0.05602041533031001
0.051393069237610854
0.046757905282877675
0.0421523130782325
0.03762256491521117
0.033317503194481464
0.029338897168829443
0.025657362941632234
0.022253692753052515
0.01910181442204274
0.01597044662710713
0.012796216665679446
0.00962054107715185
0.006474794638842942
0.0033895637994325657
0.0004007473077212548
-0.0024642168624513473
-0.005222729516092394
-0.007896683035974458
-0.010481571285803137
-0.01289204890085203
-0.015113622422537379
-0.0171695378104275
-0.019083040872575896
-0.020841964363470317
-0.022285003927809452
-0.023432729266026547
-0.024353026537071255
-0.0251036520696337
-0.025712747752089943
-0.026196194769988825
-0.026681755659763967
-0.02709135188734417
-0.02728758244459541
-0.027790005324486035
-0.029887352269630393
-0.03144832481784482
-0.03210086684804542
-0.03257283633310893
-0.032598221322433
-0.031570924392298604
-0.03057797358131364
-0.029581253767276126
-0.028567921918604647
-0.027507533159253708
-0.026391129654777943
-0.025218273690764192
-0.02399570807542311
-0.022732061894577327
-0.021468865699698997
-0.020224142618846756
-0.018973971011781384
-0.017720518249058653
-0.01645180370059637
-0.015154595146422499
-0.013836343292433308
-0.012509754058697716
-0.011170004670491845
-0.009822739652890105
-0.008517037763294604
-0.007244848582972542
-0.005998758856931205
-0.004763675159884152
-0.0035370751613385725
-0.002292185457154962
-0.00104240249353113
0.0001751713916825117
0.0013693834113819863
0.0005194048574962481
-0.0014522771854998265
-0.002671962663932996
-0.0053998087417499495
-0.010411257934378321
-0.007370155199019028
-0.0014042090731237458
0.002204734786091046
0.0005084656811355175
0.0048432703827372995
0.011944624039273707
0.01807132687622862
0.023253472809775237
0.027871786704863875
0.032109132034660835
0.03641866893974259
0.04131944433559875
0.046080057759474144
0.05060173116186079
0.055009651265264414
0.059142774904024635
0.06273846063660274
0.06605427648674236
0.06915305400987304
0.07199242259003777
0.07463914421187041
0.07742290057025858
0.08033731966382794
0.08326981435661227
0.08615074844038409
0.08893864653172102
0.0915914899620998
0.09403038192098533
0.09622489676455849
0.09816577066832277
0.09954276823209031
0.09994984588220103
0.09956334424276903
0.0985685198334336
0.097013206499662
0.09493494788380209
0.09228370134556413
0.08910637380341475
0.08545742390802527
0.08273173452202846
0.0056033131054117795
0.005100217456662209
0.004533321025902432
0.003913065388217295
0.0032440432847032283
0.0025265056338778123
0.0017827280333560346
0.0010340372453102298
0.0002802947324109663
-0.0004839766000806954
-0.001251491880258046
-0.0019887098393345654
-0.002665019510935778
-0.003288498564390803
-0.0038538046145199095
-0.004368111861446004
-0.004859806968405662
-0.005336553174158738
-0.005807121600782615
-0.006264481977501446
-0.006717659181005651
-0.007160485968576937
-0.0075935145220443635
-0.008016145998554665
-0.008426517584326176
-0.008830713093708685
-0.009213681222631314
-0.009564209608742038
-0.009879239476065995
-0.010172281249339854
-0.010438540374682368
-0.010715791381582868
-0.010997686849725593
-0.011288160260215755
-0.011580147603924755
-0.011882655401956817
-0.012217794273859856
-0.012717018942989461
-0.013129363753865995
-0.013427912286066086
-0.013741764057154921
-0.014343686286103278
-0.014863483653644774
-0.01523694954073026
-0.015583709631560751
-0.01579487153001844
-0.01570821286690676
-0.015543980799587331
-0.015333559257815049
-0.015078297232175637
-0.014793733234991321
-0.014473591700248865
-0.014125357356228632
-0.013746552210807849
-0.01334090862939271
-0.01292629522157663
-0.012495483141748224
-0.012054953640507024
-0.011605963265161048
-0.01115695539085622
-0.010687235329739938
-0.010205049948447148
-0.009698264979029553
-0.009177649718344677
-0.008636351410381556
-0.008089913250162633
-0.007534231100501077
-0.006969539541354638
-0.006407181782367181
-0.005832983745464527
-0.005254331902844088
-0.004667652952814776
-0.004077020675338775
-0.003496221858161723
-0.003434107624603065
-0.003435210320277427
-0.0034645761706077667
-0.0038650539986746627
-0.004588566503137791
-0.004457184858597096
-0.0041430545387859605
-0.003996349340967269
-0.004076568817314385
-0.0035356054523549567
-0.0030634237973612226
-0.0027628718416647575
-0.0026161066585157038
-0.002617469159339859
-0.0027665820589148587
-0.0030139821309079157
-0.003213634185407162
-0.0033292220930120804
-0.003361577324420965
-0.0033001068429341115
-0.0031624455478810563
-0.0029607537063718135
-0.002681501764721791
-0.0023290195972433046
-0.0019004118359679922
-0.0013883417484136678
-0.0007996721057115576
-0.00014003951807655513
0.0005907586361716002
0.0013941650599347726
0.0022150926046649016
0.00299426152018384
0.003719407430763662
0.004386221910652629
0.004996217379591426
0.005531779052488711
0.005969480904699853
0.006294616679369313
0.0065174608446649665
0.006633147367252792
0.0066479150566405775
0.006561311984101482
0.006371666737912169
0.00607444650789529
0.0058169322948001985
-0.011423305390549815
-0.012036872313206035
-0.012724320460615939
-0.013386709911878061
-0.014017468829337427
-0.014616507344342916
-0.01518494501273967
-0.015734450953361588
-0.016296014171420105
-0.016886999683889497
-0.01749001437207138
-0.018130836540141276
-0.018800364058263103
-0.019482671686621513
-0.02015861042757911
-0.020822198187562677
-0.0214271389932306
-0.021955909524406732
-0.022397719298419033
-0.0227621926396603
-0.023048703570379872
-0.023309764913291637
-0.023552025883601328
-0.02378390237411772
-0.023988462913190265
-0.024165782184409946
-0.024275260709188097
-0.024332451026396994
-0.024298559020957795
-0.024124136746833034
-0.023810322480975112
-0.023395458274215162
-0.022866825758631585
-0.022218414329039683
-0.021456895738170546
-0.020605300723598195
-0.019751908049534077
-0.01908792750828883
-0.018707037091729453
-0.01851793830937754
-0.018506893848470832
-0.01902002603828144
-0.019871885315864812
-0.020386878557500022
-0.020732321055537416
-0.020850978526964794
-0.019902461823728044
-0.01835393644661256
-0.016541438465493694
-0.014600874301448715
-0.012622437054108869
-0.010651729353650434
-0.008710158091933774
-0.006803712634559885
-0.004928580600960853
-0.0030909498387835296
-0.0012935322636315704
0.00044506277838658634
0.00213125775118294
0.003772272316261854
0.00535744170567037
0.006863189023702906
0.008291990750126573
0.00964843128154156
0.01094585329190174
0.012171509866001384
0.013312137593715686
0.014372614085915723
0.015350462297932195
0.01625179476446651
0.017067538296796754
0.017791122201431867
0.01841877447871407
0.018953404033143554
0.01887750713504503
0.017843085371177556
0.016223735873336132
0.014202768151565294
0.01156533614948449
0.009095582891291924
0.00734923509351868
0.006071645443522166
0.003594808181505292
0.0006710559704995593
-0.00183494302525234
-0.003777347632141316
-0.005121352847944163
-0.005956965676261206
-0.006388136644439911
-0.0065182763600401625
-0.006497671743728285
-0.0064169691299610235
-0.00631279050883709
-0.006186720249650162
-0.006024324597450884
-0.0058485820500757246
-0.005679339959135797
-0.00552942489984335
-0.005411104662950119
-0.005337134190175855
-0.0053332372670466584
-0.0053834604384914875
-0.005497111221101901
-0.0056686567192375205
-0.00586939609885832
-0.006051945573698237
-0.006205583711845256
-0.006330721424751216
-0.006444471187597573
-0.00657176488759051
-0.006741403316625772
-0.0069600360640502375
-0.00722663600004969
-0.007546047407185137
-0.00791666747094788
-0.008313310631728328
-0.008720530356201633
-0.00914389070236986
-0.009432765533072887
-0.027275114041736038
-0.027601955007602617
-0.02797361110964562
-0.028394390568903666
-0.028859702009947766
-0.029366515621704663
-0.02986198493071096
-0.030275259462983754
-0.03058722340605492
-0.030813677777531162
-0.030975151473002956
-0.031109165836977065
-0.03126988988703062
-0.03145445975018799
-0.03165648360968109
-0.031865336100026474
-0.032048921022729715
-0.032172027580183456
-0.03222525587750274
-0.03220741138106424
-0.032120543429793834
-0.03198885802235512
-0.0318002273276408
-0.031582527328968615
-0.031329560124688405
-0.031055093568203806
-0.030743961052755037
-0.030401905666441548
-0.030019496369618412
-0.029573137231209124
-0.02900563974121756
-0.028261385333161016
-0.027280091803200957
-0.026037649873321047
-0.024510195582502933
-0.022705339971492468
-0.020697425323174666
-0.019243044108193625
-0.01842681177621291
-0.01801323807458957
-0.017798529271669833
-0.017669762787847633
-0.01761571987014536
-0.017617518585555127
-0.017649372663502094
-0.01769481181013438
-0.017733849563452135
-0.017731771907572344
-0.01766822871686051
-0.017528534014577452
-0.017312234196032023
-0.01702703127689278
-0.016657692691946367
-0.01620028564160575
-0.015649503487733248
-0.015007843036472178
-0.014281016577747505
-0.01346913121537171
-0.012575108197950505
-0.011616404596209244
-0.01058724823509895
-0.009519031182539182
-0.008439701149410235
-0.007363824229088007
-0.006307898434010779
-0.00527451750578875
-0.004277693385226704
-0.003329161150062077
-0.0024312738149728334
-0.0015961408921884674
-0.0008265159601829411
-0.00014643839567031155
0.00044192631521001194
0.0009356242633513656
0.0010325477482044261
0.0004395114681100515
-0.0007948879802183589
-0.0025889727051419836
-0.005009093129153578
-0.007506437577815061
-0.00955659463134128
-0.011136099723160512
-0.013301553441376245
-0.01598313485772671
-0.018688584844423286
-0.021048446195273327
-0.022843784136212505
-0.024061573438555466
-0.024734542069434803
-0.024958062960251267
-0.024873311945141703
-0.024628619500727773
-0.02428619809815891
-0.0239136847383458
-0.02352518877813444
-0.02313866999302029
-0.022774726577184372
-0.022453004393741333
-0.022194481712313814
-0.022022282502775783
-0.021937461294765946
-0.021933565072046184
-0.022002698482698875
-0.02213837975488987
-0.022340611466516558
-0.022639407588705293
-0.02303139763253155
-0.023494216572215836
-0.024011156732293263
-0.024544886206205752
-0.02507881103318195
-0.025600665753361777
-0.026107380200716398
-0.026599691925964952
-0.027073680081094675
-0.027490816999726414
-0.027845440382824292
-0.028131226430430985
-0.028287055322557937
-0.0018580825882241571
-0.0024622463077102635
-0.0030635098904886818
-0.0036780297215196797
-0.004311377041337364
-0.0049640561548789435
-0.005642325296282828
-0.006333275219183374
-0.007036297288414914
-0.007734150146437769
-0.008421677723901566
-0.009094476872851835
-0.009747525666650665
-0.010390325083742703
-0.011020450983562748
-0.011637996018154979
-0.012236104165908451
-0.012832074472907814
-0.01339732013357742
-0.013938017969192841
-0.014448540082731722
-0.014923209347692009
-0.015363384925411817
-0.01577398767087972
-0.016146974970964317
-0.016491017879672602
-0.016801629961306568
-0.01707974051031715
-0.017320782802171687
-0.017522029979722856
-0.017673698358389448
-0.017770417458865467
-0.017812339568749055
-0.017797929818715738
-0.017723533537639002
-0.017604762785288657
-0.017432376270200327
-0.01721731298685774
-0.01696862364852774
-0.01672895926039182
-0.016507644409517713
-0.016324530863472953
-0.016182788396678974
-0.016087565603624177
-0.016038076068959857
-0.01601058407894256
-0.015990471166469247
-0.015921047198916176
-0.0157575047587064
-0.015489635737381966
-0.01510588071913858
-0.01462075604860963
-0.014049077351243786
-0.013389970504641146
-0.012662716969306743
-0.011869396696088115
-0.011024876396413745
-0.010136439460053525
-0.009208996172279726
-0.008253574373061708
-0.007275040125947326
-0.006278072616296716
-0.00525832219476134
-0.004232651019539843
-0.0032121645709923797
-0.0021829447060936207
-0.0011477087694678407
-0.00012108620942641893
0.0008991614331217177
0.0019155763369281846
0.0029255311328492068
0.003921784228861417
0.0048950984148945845
0.005834283759041872
0.006745890688751371
0.007591395105086744
0.008344107485060493
0.008969174841314998
0.009449075851730496
0.00976868222857147
0.009953235017619376
0.010042678121055117
0.01007284416407049
0.01002283326062752
0.009893146059200456
0.009692377008056783
0.009446109368130465
0.009179688255566858
0.008905846872895208
0.008650439710067456
0.008426210565366469
0.00822899363359103
0.008067798806024836
0.00793351422258093
0.007816456992238447
0.007715414399852586
0.007621776759955576
0.007509853126123006
0.0073841934530910576
0.007245778144385056
0.007075640760738064
0.006882507695011835
0.006653071878941002
0.006397584953999431
0.0060979983008812065
0.0057683981507155365
0.005404179683367581
0.005001321214565355
0.004568929980125256
0.00409867446162217
0.0035950927140133925
0.0030661300099647025
0.002513369089849694
0.00193955952352742
0.0013574128940181667
0.0007633704078131669
0.00016051196135667177
-0.0004408821381595233
-0.0008434118460645107
-0.022096001783494294
-0.022201033019608997
-0.022309745854334498
-0.022424276276773677
-0.022548060425177038
-0.022664742538883693
-0.022788325374542864
-0.022912041588754054
-0.023028708545906305
-0.023142259325032274
-0.023250087128252207
-0.023361979830234587
-0.023473972671712466
-0.023581502434490347
-0.023690356117098285
-0.023800671873040472
-0.023907240801682158
-0.024012221288180594
-0.0241096440173433
-0.024208661824594073
-0.02430294339754462
-0.02439265297257701
-0.024477135951175375
-0.024560089202962224
-0.02464188966013553
-0.024723918887836316
-0.024795059788902483
-0.024854848800806673
-0.024905079239354377
-0.024935304648564135
-0.024953216181742194
-0.024944518847003765
-0.02492084484613174
-0.0248756436863996
-0.02479928026715115
-0.024695916454687963
-0.024585506910885513
-0.024530925483113943
-0.02451483621376126
-0.024508325843853495
-0.02450924047266764
-0.024505011569663542
-0.02450992607978257
-0.024518313874936897
-0.02452862325405315
-0.02454104868101016
-0.024545107456365758
-0.024534071515290294
-0.024501860745840088
-0.024455847653791166
-0.024391097643251997
-0.024310022167360505
-0.024211693496377765
-0.02409137775606368
-0.02395701374372188
-0.02380183221089983
-0.023635052983754623
-0.023447418863945208
-0.023248569578489333
-0.023038319096333144
-0.022815497113757667
-0.022583186177629493
-0.022343559736377493
-0.02210065207267706
-0.021851192678151474
-0.02159558401350114
-0.02134172531410516
-0.02108587405259716
-0.02082835672739608
-0.020569545910729882
-0.02030970883883171
-0.020052108642670628
-0.01979921126216306
-0.01955094065318244
-0.01932690323067972
-0.019152000638598163
-0.019024866901872044
-0.018949133275091772
-0.018928048745862278
-0.01893642169490993
-0.01894630430362605
-0.018944252541214315
-0.01899247563160061
-0.01909409267383586
-0.01923421306146864
-0.019380531506487123
-0.01950212119595847
-0.019582346789093725
-0.019615457522553368
-0.01961762316041906
-0.01959700515927531
-0.01958190765301207
-0.019577392247825478
-0.019590877015088406
-0.01962624704064292
-0.019676310035659523
-0.019730179355859318
-0.019788578596871238
-0.019857227711409027
-0.019925431205151316
-0.0200025423629823
-0.020078631184755356
-0.020155696545741415
-0.020234572577286513
-0.020315452960919984
-0.02040203463242138
-0.020485269916494495
-0.02056879071428659
-0.020657343765093
-0.020743958637914003
-0.020839200172895336
-0.02093243411173409
-0.0210424946204927
-0.0211481457539208
-0.0212623451463073
-0.021374831215954935
-0.021474300173107884
-0.02157678429141831
-0.021641910198934463
-0.0162789198706782
-0.016225133228038494
-0.016146709770513534
-0.016025091305316878
-0.01586591071164485
-0.01565805934176197
-0.015423123176579357
-0.015158051613220036
-0.014866657154663936
-0.014547980750537232
-0.01419727998848569
-0.013825350880733821
-0.013420227738618333
-0.012987208821667562
-0.012533185513060456
-0.012058021264136165
-0.011573390419543786
-0.011086354471665739
-0.010597371745200448
-0.010113865657847885
-0.009636536325882477
-0.009172672371252504
-0.008731509741784885
-0.008309478026397173
-0.0079117817082417
-0.00753899037743918
-0.007188414789402022
-0.006870241608613287
-0.006575580878414562
-0.006316470769573693
-0.006086519565333002
-0.005892993896566026
-0.005729357410374013
-0.005582850130106654
-0.005460333386694394
-0.005358266813531774
-0.005279343286790978
-0.005292966081709625
-0.005371418330890729
-0.0054806603411164
-0.005615615561471309
-0.005773496465973636
-0.005962709225902906
-0.006187183301758668
-0.0064335543420517526
-0.006695087585770718
-0.006977509456242989
-0.007259764738671344
-0.00753725233879969
-0.007812939796855945
-0.008074521269620927
-0.008323253854193023
-0.008572690115393966
-0.008806617535848583
-0.009034057455065463
-0.00925136978157307
-0.009467026292630057
-0.009671489668267941
-0.009869538399145979
-0.010054988898518281
-0.010237906759635589
-0.010419541025343352
-0.01058574179716917
-0.010754790638719734
-0.010911159665577074
-0.011067368210518765
-0.011212261384580188
-0.011357404726590657
-0.011495167136735424
-0.011636676914747162
-0.011790325218885275
-0.011960286885816311
-0.012143350648897554
-0.012324664924392456
-0.01251690586245895
-0.012716593856297712
-0.012922228822467755
-0.013118844882650351
-0.01330274283019918
-0.013476237487506525
-0.013622331933485585
-0.01377116774979943
-0.013908208628936327
-0.014033181531537993
-0.014147605540702072
-0.014248567308019534
-0.014331278570058278
-0.014397868429051856
-0.014456651974925431
-0.014513834553890742
-0.014559165035237282
-0.014604777636944588
-0.014645419487635003
-0.014674740330565341
-0.014690970539010152
-0.014701789207176656
-0.014706431162100141
-0.014701756458879792
-0.01470611655185645
-0.014723984772610077
-0.014769618896617405
-0.014836187900029373
-0.01491049140373599
-0.014994733703905569
-0.015087774681096162
-0.015180278201687257
-0.015268846299464556
-0.01534402154020479
-0.015423055150616457
-0.015492913161915506
-0.015559189710562223
-0.015621812914873405
-0.015679911961769637
-0.015723581633902157
-0.015757266732639733
-0.01578590909682591
-0.015790457975695643
-0.01578763867457743
-0.015772755193384922
0.047148414108496135
0.046683557095220075
0.046202903732834644
0.04572490676462724
0.04524752156420466
0.044774755532712575
0.04430535097357487
0.04382836916641338
0.04335764861515401
0.04290044621325432
0.04245443982461615
0.04202984474248798
0.041629508860479364
0.04126444032490429
0.0409200849034377
0.04060907292365767
0.04032678598934829
0.040062001555436134
0.03982118379357691
0.03959079596919975
0.039385385259803965
0.039193498396744686
0.039030859223860924
0.03888290424205462
0.03876671476466803
0.038671800891641926
0.038602444674688
0.03856857841043665
0.03856045390807971
0.03858450418226448
0.038648251370121726
0.0387446953463099
0.03887983298529295
0.039047257393809834
0.039246919848092095
0.03949182707022585
0.03974363745867871
0.039898681526497816
0.04000177370832455
0.040099017723426236
0.040202536134687994
0.040307062424747186
0.04039765524768626
0.040478355961990085
0.0405499796677578
0.04061167433203377
0.040673970389341715
0.040740436313066196
0.04080503874094046
0.04087968289319206
0.04096559051506263
0.04105532225538813
0.04115768574642407
0.0412723448014976
0.04139605921780115
0.0415376819299364
0.04167826891495308
0.04184112297086024
0.042011108210662645
0.042191471922419156
0.0423840916657503
0.042576135574389586
0.04278272600310654
0.04299526144707704
0.04320982987927461
0.04342136972939906
0.043643875726759054
0.04385794446853811
0.04407628945255811
0.044285577837715286
0.044491646056933315
0.04469048458336488
0.04487467302240175
0.04505408062697593
0.04521836276393266
0.04536873987737289
0.045498790237740734
0.045605850995069364
0.04569450694002375
0.04576927021790372
0.04583500620648743
0.045891547694279604
0.04592560068279896
0.04593799844295476
0.04593489660623516
0.045924738405121165
0.04590457680846194
0.04587389603113102
0.04583305131764404
0.045777103253060725
0.04571641947686955
0.04564373175697414
0.04555999414088291
0.04546642978185983
0.04536252824897077
0.045254993856134594
0.04512852905943426
0.04499742770902734
0.04483959735602322
0.04466914889555715
0.04447178375490471
0.04425040299262383
0.04401315859123983
0.04377478200351551
0.04351458246731071
0.04323324015851076
0.042935151648552564
0.042631403992670014
0.04231771973884613
0.041981711930908945
0.04162789650639873
0.04125580939040546
0.04086833011761363
0.04046234876794805
0.04004356475529916
0.03961233264461061
0.03917984931358393
0.03873796858844354
0.03843600119162116
0.0018591916498193464
0.0012643760456724626
0.0006720204616931794
8.919137541900679e-05
-0.00046725970863507866
-0.0010044922852229933
-0.001516406112522565
-0.0019967728574466635
-0.0024448746775220555
-0.002851020741716378
-0.0032204774719283096
-0.0035442618574823806
-0.0038194106310312434
-0.004047333906670029
-0.00422278425334672
-0.0043402204911428535
-0.004400895274363983
-0.004409766614848829
-0.004349862317938118
-0.004235575646086289
-0.004052281362756931
-0.0038063871125706495
-0.0035006587812525325
-0.0031366032824704485
-0.002710713534319195
-0.002228534680817453
-0.0016915135424515068
-0.0011045743224716385
-0.00047223844929002173
0.00020565347472666375
0.0009310563488749593
0.001695120614411497
0.002487788936607452
0.003319283044092724
0.00416800739377499
0.005044459023470802
0.005935762336456522
0.006804261447111731
0.007618731517354496
0.00837156151622965
0.009057498923020045
0.00967769438228138
0.010231128246085255
0.010722282477788937
0.011152870866996598
0.011537202898164421
0.011869331886202148
0.01216585517502983
0.012432120323339391
0.012673103933276298
0.012898402291142788
0.013109981870261056
0.013309262091448448
0.013495695202935424
0.013679737534574042
0.013851428436044977
0.014018782590759202
0.014177254843650663
0.014331020194649418
0.014471722881947504
0.014606922258548859
0.014734659961805452
0.014852464894208888
0.01496457020800711
0.015066693664750498
0.015156178203628164
0.015236013262740695
0.015309216205674138
0.015369304834603432
0.015420478965681206
0.01545970459631483
0.015489383152607835
0.015512491507536003
0.015516549513793023
0.015520234582360865
0.015509477890638322
0.015482692093190586
0.015445788646077926
0.015390533047426975
0.015313563376099472
0.015216214059252272
0.01509291753543355
0.014952136000360657
0.01478543105444047
0.014599519161757156
0.014386937264725383
0.014151210170943417
0.013898553849565006
0.01363191841443973
0.013348577723632805
0.013050074111795753
0.012744624733889686
0.012428743137786318
0.012102319956871322
0.011764240341719885
0.011413953281817567
0.01104954247569341
0.010671471258241817
0.010280349634566642
0.009859974912980648
0.009422001629493389
0.008958838914896565
0.008468550309655246
0.007957804044292147
0.007415000340796755
0.006850822349994936
0.006261836200030877
0.005644746774762166
0.005010740792033723
0.004357392080022897
0.003683540144736991
0.0030009653692430094
0.0023023300306558654
0.001591998270131895
0.0008862758964913872
0.00017491749846370132
-0.0005324993251620573
-0.0012338102272109043
-0.001704533320402772
-0.007968055258109329
-0.007586153515183384
-0.007172934768170395
-0.006719160554476459
-0.006227619293248541
-0.00569587937636162
-0.005132575047332386
-0.004538443848488063
-0.003906456932329625
-0.0032448285330380637
-0.0025492131486890717
-0.0018317457071622464
-0.0010865595113148973
-0.00032003845584911884
0.0004678468364638311
0.0012762795170815021
0.0020968167208338206
0.002928282409945996
0.0037591603207119094
0.0045954959806781825
0.0054234169198918115
0.006236818442095712
0.007037605821832372
0.007814762071966977
0.008571541123805591
0.009291748624673956
0.00997875105067786
0.010631134541444437
0.011242555777849616
0.011815043093787662
0.012342152187792067
0.012830781228639433
0.013264716819870924
0.013661404294309506
0.014013210352440453
0.01431612925040647
0.014569889007731741
0.014752864190127678
0.014818743239946967
0.014764177428682482
0.01460737946021504
0.014351032469271519
0.01400517338381725
0.013580938383348859
0.013086533321534486
0.012536451472441923
0.011949372661046094
0.0113211540834404
0.010684651890768162
0.010028718988855498
0.009376441825526929
0.008726685551064806
0.008087376094726057
0.007454041335624444
0.006837371435098991
0.006231148050742716
0.005646238630556658
0.005085346009538087
0.004531790964086011
0.00399718650917043
0.0034791772625302293
0.0029754719242341627
0.0024879201012385963
0.0020191371942008068
0.0015608659977498474
0.0011140202336025681
0.0006788915020167773
0.0002589969035480799
-0.00015411302228178896
-0.0005548868084152626
-0.0009413452033059462
-0.0013196452260088598
-0.0016908563246988426
-0.0020480261100235776
-0.002399892119190805
-0.002744313935291893
-0.0030800718993193857
-0.0034044305825076202
-0.0037216489204064686
-0.004044557565818919
-0.004353769092234606
-0.004665744759501201
-0.004974107845231722
-0.005283707849592111
-0.005594740605532651
-0.005901510364759446
-0.006216260388960558
-0.00652973283875227
-0.006845014636542092
-0.007157838674876778
-0.0074742553495688625
-0.007790609756598914
-0.008102158097178624
-0.008418891008921773
-0.008722919522244138
-0.009026759129605388
-0.00932477895997933
-0.009618202427062973
-0.009902536383892494
-0.010180714952208283
-0.010457128502571932
-0.01072212153736527
-0.010979829755465222
-0.011221667782326646
-0.011455002018719474
-0.011664025131397578
-0.01185614232112947
-0.012024352697449524
-0.01215667213035376
-0.012261988122564862
-0.012328946569144362
-0.012357156519177
-0.012343300357188683
-0.012287304524405044
-0.012184005404503387
-0.01203719151730132
-0.011841854182386464
-0.011604386860059539
-0.011411811361079724
-0.0030637610742673
-0.00342030230066171
-0.003778172410856003
-0.004131418620365322
-0.004475719086900841
-0.004816161469945365
-0.005148723730138415
-0.00546845730340824
-0.0057694058685677585
-0.0060557093114139565
-0.00631343204625857
-0.006559456049031432
-0.006767473090971734
-0.006944911908360737
-0.007089685487414436
-0.007196406187950279
-0.007254495462439413
-0.007275461943326506
-0.007241230869445293
-0.007161337174840609
-0.007028439300856519
-0.0068476560321762345
-0.0066200495893037874
-0.00634689294464387
-0.006028164337537041
-0.005665753958841441
-0.00526946290641659
-0.004836389583215242
-0.004368714751083114
-0.0038721920164807026
-0.003352606904890804
-0.0028081948299307387
-0.0022452546523905716
-0.0016673464037398672
-0.0010760344250753655
-0.00048066840544525686
0.00011593550490590637
0.0006860909177737191
0.0011794808858472028
0.0016009237473764793
0.0019452289258940346
0.002217164731082914
0.002420855947673313
0.0025587863361401326
0.002633879390115691
0.0026637303454290534
0.0026459306233517148
0.002605536088970028
0.002546365446523263
0.0024849431747755273
0.002420652313487059
0.0023591184040032626
0.0023100089375386523
0.0022761510571777882
0.002253296562361297
0.0022406824836398703
0.002243653804902368
0.0022604954268983504
0.0022874728341533554
0.002323989400713423
0.0023739463699878833
0.0024305473619910603
0.0024976786221637677
0.0025744958594877266
0.002650501340995702
0.0027386444468648604
0.0028276671989930424
0.002920921325348467
0.0030167599331425306
0.003119298989155908
0.003218506631144902
0.0033231623993806958
0.003429033816002331
0.0035275116704376053
0.0036394349223034996
0.003744660949656581
0.0038465576912446653
0.00393660905304712
0.004020756729588417
0.004091598971369686
0.004147912335117729
0.004181973163990038
0.004213355173573283
0.004216097122527559
0.004204968994861014
0.0041822573099799115
0.004134613328610529
0.004076452012529689
0.003998720397118222
0.003912734549092843
0.0038152954825752842
0.003706534749872666
0.0035875540308094827
0.003454516273698677
0.0033077569344302318
0.003149995652781472
0.0029812741613232698
0.0027892971739002623
0.002585386400938464
0.002359344478437423
0.002118129456961175
0.0018580012950965244
0.0015805465946893051
0.0012812863716726373
0.0009699161005597362
0.0006383016426719635
0.0002987051844926744
-6.139123100577191e-05
-0.00043475357220496865
-0.0008192786335575158
-0.0012166870737230888
-0.0016201626628564534
-0.0020274077607656867
-0.0024441326383084993
-0.002861394595308495
-0.003284916102425469
-0.003703825290159246
-0.004126676258839931
-0.004408324750792683
-0.00952926043460008
-0.009435885808341487
-0.009336902278787869
-0.009217934158945836
-0.009085007588118421
-0.008934511482474502
-0.008769589540613843
-0.008576918271793549
-0.008368494125560422
-0.008141207523579634
-0.007887912415479849
-0.0076108139313936065
-0.007312510183486255
-0.00698820304315836
-0.0066408501980469
-0.006269531818409188
-0.0058647087785710155
-0.0054377576504258725
-0.004993879389381138
-0.004529182798033819
-0.004039036677879872
-0.0035340665466359776
-0.003014196132216378
-0.0024871649328735766
-0.0019474010839686492
-0.0014000072334921325
-0.0008504440742162599
-0.0002991706332519088
0.00025301829997958326
0.0007991574825432947
0.0013438355168278698
0.0018843135249657654
0.0024137429695932112
0.002933231844329955
0.003438799890422902
0.003935051153036848
0.004410168967955486
0.0048522223727141475
0.005226192034422086
0.005507961466143346
0.0057104701971099625
0.005834163108522324
0.00587315503543074
0.005841590636722367
0.005736864377295548
0.005575904387282926
0.005366392548671695
0.005112575362466899
0.0048330040981456514
0.004534080170268022
0.004223858863169612
0.003897948020603077
0.003573613932765003
0.00324590096753015
0.002924853172476154
0.002602633967918953
0.0022900800233252275
0.0019853748434430734
0.001680512344085413
0.0013878969657409872
0.0010907155058727267
0.0008056772609050826
0.0005269395351163451
0.00025626594998457553
-1.1683966678106077e-05
-0.00027899924592853593
-0.0005402001867809644
-0.0007977922230755541
-0.0010461005877205269
-0.001299640525502408
-0.0015437199365371697
-0.0017858480662655924
-0.00202438157010429
-0.0022631070764564916
-0.00249387509867925
-0.0027238964942472893
-0.002945637549945175
-0.0031710747640193914
-0.003397721690709213
-0.0036179822171700424
-0.003847994688328852
-0.004073761991610457
-0.004298972924868408
-0.004534374111010469
-0.004772895369763926
-0.005014215348162634
-0.005264874623688412
-0.005508139418795596
-0.005762471865980034
-0.006019057728891761
-0.006273048991550716
-0.006529993503242221
-0.006783949650214266
-0.0070423154009824455
-0.007295909978963598
-0.0075406737820998306
-0.00778526448328022
-0.008031994335431137
-0.008266007292540749
-0.008502236744534772
-0.008735299499698252
-0.008959357018209513
-0.00918073730742801
-0.009390128275617334
-0.009591682112292783
-0.009780485755397738
-0.009949038708913433
-0.01011193501812538
-0.010260397371994972
-0.010388569481529596
-0.010504625564174568
-0.010600422128161403
-0.010684879573362994
-0.010755326304587058
-0.010805912690773644
-0.010835608214408364
-0.010854953953225402
-0.010854747521680842
-0.010840792562195231
0.007589434610091437
0.006981778075883814
0.006410767066114043
0.005887548771535894
0.005407078568715286
0.004964597353342608
0.004546774064218039
0.00414317390375344
0.0037625936092803383
0.0033864664091010402
0.0030300641613652066
0.0026833546147106997
0.0023502064710466558
0.002042506455664009
0.0017532583879272122
0.0014995375792825102
0.001293652238763555
0.001140649259192367
0.0010331475335478494
0.0009765010031487698
0.0009585688984227223
0.0009926188926366766
0.0010990817812566397
0.0012804184341833023
0.0015457477090290335
0.0019020189769824757
0.0023027949262187926
0.00274191987192065
0.003231240230486898
0.003780996049456451
0.004387981597276846
0.005055634143893618
0.00578923953538994
0.006575430777601384
0.007413685170613525
0.008299670246811438
0.0092299427923131
0.01007875436937418
0.010784005217474413
0.011423946902903702
0.012036874923325516
0.012608693478378783
0.013103461000101005
0.013510431303070326
0.013827961913207329
0.01406592133247538
0.014244412245106584
0.014389332874754725
0.0145294947361882
0.01468116390275852
0.014860701092964064
0.015058722188823715
0.015293888929360835
0.01556323866487259
0.015867689251150494
0.01620684944923974
0.0165697187873717
0.016957439665625153
0.017373754539368756
0.017802914299990688
0.018248746414900516
0.01870151008455601
0.019162117880273218
0.019626133644649758
0.020093093184339043
0.020564689800519034
0.021035857771187494
0.02150163662883949
0.0219626060414908
0.022416688938954366
0.022862247679271388
0.023285705269407063
0.023698091242017365
0.024096475326115047
0.024476604123089687
0.024815644530097183
0.025080103825475306
0.025233830793673796
0.025254706820401592
0.02514550693057691
0.02491991630062067
0.024609855062235165
0.024269251933290138
0.023997155718882317
0.02386540842234685
0.023896181381743715
0.02397707598980336
0.024033126115004612
0.024042029022266202
0.02400258963771246
0.023881864079406276
0.023656016943951724
0.02334273495791456
0.023024333781134394
0.02271661114442977
0.022427256677313684
0.022166337420278896
0.021922221160306794
0.021633760635687282
0.02128513938975825
0.020843364507434188
0.02033544993123781
0.019763149083822013
0.019149649338815102
0.018529330099787886
0.017913535508856947
0.01728537409939276
0.016650318083816982
0.016009476477524962
0.015359235044642434
0.014684210734352375
0.013998630255980068
0.013309074405549286
0.01261551413589976
0.011933268514414685
0.011264724134568893
0.010609846967491822
0.009962282194623907
0.009517533702601486
