295.1584138862671
295.34898708679486
295.53223558395433
295.70881455937655
295.87854904638084
296.0404855515424
296.1894746032056
296.32809554287206
296.4562987188471
296.57410499166775
296.68012655435047
296.7698880688217
296.84673658444643
296.91073599309743
296.96204524260645
297.00024492431504
297.02395336150596
297.03378068672225
297.0299666273899
297.0127040778246
296.98086416176625
296.93380055407374
296.87320492747983
296.79943822834235
296.71281871516703
296.61489527259573
296.50717957518464
296.38939523194875
296.26190836693274
296.1250248390293
295.9874020487462
295.85170259024045
295.71473246896994
295.5768615281455
295.4383854764541
295.30218751685777
295.16793459174806
295.035151813195
294.9032462670002
294.7719545812161
294.6514541030817
294.5299156059616
294.39696957143525
294.2713341634026
294.1472732388851
294.01797201890224
293.89424673439936
293.77190260037247
293.6508567261898
293.53117978358557
293.4127548735188
293.29570553603554
293.18004931100364
293.0657154149946
292.95280281538544
292.8413394199195
292.7312994252082
292.62267335417243
292.51546928948153
292.4096020322139
292.30501719956794
292.2016779306777
292.09958216976156
291.9987013840995
291.89901324998743
291.8005912111373
291.7033159829292
291.60723420521975
291.5122963798847
291.4184297557137
291.32544702721117
291.23351179995007
291.1425413426545
291.0572968740337
290.98069290985774
290.8975570932071
290.81557990838104
290.7692242246237
290.6861331627147
290.56406201695046
290.4974013540877
290.47807787682626
290.4711460967304
290.5487302741857
290.5749759545214
290.61155390766
290.65336777728464
290.69881507915045
290.7469604209382
290.79592563264816
290.8452188336801
290.897018886515
290.95168805881036
291.0093818444397
291.07971518833824
291.1611044401035
291.2521566098673
291.35321701501255
291.4646587463345
291.5865289172115
291.71897557209707
291.8616219835771
292.0145801026791
292.1779265833456
292.34595730778324
292.5219371550155
292.70624925922965
292.89877070757905
293.09911508030785
293.30260015692994
293.5108377638414
293.72353916417325
293.9403742952158
294.1597329615179
294.3709289577508
294.5792866882577
294.7845047644858
294.98632496748496
295.12152140953464
295.3570064261967
295.54025336373957
295.71512638605174
295.88181643702524
296.04064039526526
296.1918048616088
296.3344336347686
296.4676646918433
296.59124322610154
296.70498590917896
296.808827532566
296.9012046481985
296.9805416453864
297.04682008239047
297.10037018910873
297.14137607885556
297.16909811177226
297.18329819252085
297.18422474544843
297.17213959753667
297.1473019645424
297.10936725577807
297.0584954614827
296.9949015997464
296.9188220523315
296.8307386534879
296.7325556475718
296.62545147963164
296.50954803831513
296.38488351468885
296.2528846605719
296.1197443123881
295.98736005643025
295.855752564977
295.72482916721543
295.59492167241854
295.46687322376374
295.33977812909734
295.2136694568228
295.0866672126013
294.96149390886376
294.8427813053348
294.72285077744544
294.60005710105514
294.47853647418697
294.3573308471683
294.23397116953555
294.1127787360455
293.9935543739324
293.876116571623
293.7604399474811
293.6462703249834
293.53359958611384
293.4223589470998
293.312501934917
293.204108424096
293.0972026815385
292.99176491067743
292.88772200378037
292.78505011076203
292.6836618232874
292.5834376474715
292.48440200267703
292.3865061978571
292.2897909269882
292.1942261315931
292.0998416671322
292.0066378417075
291.9145840167573
291.82359679644446
291.7336153794304
291.6444312593323
291.5560748655846
291.46856936225333
291.3900199443329
291.31643818593795
291.24029970931707
291.1740989722992
291.1224979253097
291.04840603980193
290.9651826606159
290.9283594776868
290.9131120063601
290.9679792131109
291.0540380232021
291.1242988563734
291.18259490874595
291.23473758535044
291.28320276842345
291.3280561617809
291.37040870408845
291.4144777642792
291.4611785229101
291.5105995565813
291.5638958408125
291.6242884431705
291.69402614245524
291.7741563380197
291.86474243216463
291.96625755704287
292.07935985450763
292.20365154216495
292.3388881090502
292.48490446768676
292.6414231985151
292.80776843127154
292.9831094886385
293.166816639587
293.35841554878783
293.55671505009536
293.7598876727197
293.96693771253126
294.17716460728076
294.39016875087634
294.60017719231894
294.80383576334765
295.0022190577229
295.19565785335703
295.32446236181573
299.052719322909
299.12492327852
299.19560772877253
299.2646999782262
299.33213304982235
299.39787970003067
299.46179002886817
299.5237233449026
299.583607676145
299.641389397369
299.69696553840123
299.7500069038733
299.80023800034184
299.847572847573
299.8918865168647
299.9330712912718
299.9708183254168
300.0049340520508
300.0353077657136
300.0618709165629
300.08447519895174
300.10289488760554
300.11710645452894
300.12703842130327
300.1326259004755
300.13383527789284
300.1306200857504
300.12296233874525
300.1109329388504
300.0945431739593
300.07427944986136
300.0522466708633
300.02871272580336
300.00386009688924
299.9778024518138
299.95065617042343
299.9225254905729
299.8916483351912
299.8584975321171
299.8222052742015
299.78443469426134
299.74625706778664
299.70648014625345
299.6648613196482
299.62228901876176
299.57850488983433
299.5328468765734
299.4863578562584
299.439177920322
299.39140194582205
299.3431165638162
299.2944070227475
299.24536908856163
299.1960101095096
299.1463888260106
299.0965643560109
299.0465384559531
298.99632798423255
298.9459775435643
298.8955381754915
298.84496903548876
298.79429540398735
298.7435478775243
298.69271741656974
298.641853745991
298.59098930435977
298.5401409968476
298.48932314815505
298.43860680862736
298.38792196912885
298.3372584071827
298.28665383321606
298.23607427047637
298.1855608416768
298.1372271481736
298.08924570891065
298.0414853537184
297.99599178741
297.9525233013536
297.9070399865528
297.86158145995273
297.8247017102151
297.7878005048338
297.7553485524194
297.7227757817561
297.69290393731586
297.66630244360084
297.643044504832
297.6231757645603
297.60680522245605
297.5944723854889
297.58630307381964
297.5823768655852
297.5827468717587
297.58845116315985
297.60151638037973
297.6218654225434
297.64954669403795
297.6845085279253
297.72597673786254
297.7729233638706
297.8251969710951
297.88271011053183
297.94543828103923
298.0120288083189
298.0809612868952
298.1521300684644
298.2254775246654
298.3008993109384
298.37756170125374
298.4546295850687
298.53199029808707
298.60951636684445
298.6871502850967
298.76439602272484
298.84079280551003
298.9162374952015
298.99069804676225
299.0406948223645
295.2922628276864
295.3860143981194
295.4748762750639
295.55911046011136
295.6390205214367
295.71501878614663
295.7862683287843
295.8513566241946
295.91036004989894
295.9636215403156
296.01144498813534
296.05298534295434
296.0870927296155
296.1139041621739
296.1338303828791
296.1472571857606
296.1537319706867
296.1526594850231
296.1441144287963
296.12822360119486
296.1051436916744
296.07422859430176
296.03495013993034
295.9873754561992
295.931791876138
295.86844284769654
295.79797142242484
295.7212922559376
295.639152897012
295.55195186294554
295.4602838159109
295.36799190820466
295.2788037014054
295.1944485496545
295.1156713441237
295.04285765602197
294.9766599287791
294.91458172118905
294.85547206007027
294.79932007965516
294.7461445232097
294.69685816014584
294.65001043234344
294.6020094102238
294.5542363184697
294.5067846457506
294.4561680103876
294.40432918267487
294.35252577821433
294.3013360148959
294.25100348179683
294.2014780749154
294.15271938043895
294.10469397224233
294.05737566947295
294.0106581569448
293.9643985945261
293.9184566524087
293.872819221468
293.82744135161147
293.782252470114
293.7370783819802
293.691818568895
293.6464685717764
293.600997011872
293.5554277198619
293.50956032996993
293.46335635431575
293.41684771297656
293.37004250289846
293.32286885853136
293.27525847339047
293.227221515049
293.17874389749244
293.13194451818
293.0882061325885
293.04593909463
293.00471535957894
292.9662569798639
292.9279288832878
292.8872686698108
292.84972479352
292.8190665417673
292.80521291007983
292.80803988083954
292.8201753566035
292.83544285537187
292.84819297696146
292.8547208716724
292.8540079561112
292.8530486506012
292.858201836134
292.8723804961204
292.89680697745825
292.93163985440884
292.9768407387525
293.03224446456153
293.0974874396153
293.1720704228628
293.2549638660111
293.344800532184
293.44045244937996
293.54121326083947
293.64663372223293
293.7559626056985
293.8677535080658
293.9812461404854
294.09615641719523
294.21252466358726
294.32947024480825
294.44520697959825
294.55942115339
294.6723466051979
294.78423274002984
294.89426969916497
295.000816833111
295.1037792498162
295.2035241312285
295.26970571810676
296.3713928924037
296.4516015653786
296.52775382549146
296.599731895068
296.66790545888097
296.7326558089005
296.79375842302784
296.85004870918567
296.90128262379125
296.94765090687764
296.98951104282037
297.02646306311885
297.05771871818956
297.0831748623931
297.10301089490025
297.117421778529
297.1261345257394
297.12839949141534
297.124190283958
297.1136305870438
297.09696418174934
297.0739195019842
297.0441511073646
297.0077143883715
296.96473207947844
296.9154972114615
296.8606665522189
296.80111250925364
296.7376161572706
296.67072981261396
296.601224787327
296.5332781292399
296.47125853946477
296.41764877034115
296.37396966207496
296.340716714261
296.3148950360532
296.2769490920306
296.22870464579796
296.1748019028908
296.11771452978235
296.05929793809395
296.0009365328007
295.94339107198806
295.88711039720476
295.83225632913644
295.77892856847814
295.7269931745175
295.6764999488956
295.62728807026207
295.5793749784716
295.5326433001406
295.4870631751618
295.4424597474443
295.3987898737914
295.35600125752444
295.3140232923188
295.2727581314365
295.2321205903886
295.19208683079336
295.1526040876049
295.1137276186263
295.07538110128945
295.0375468556514
295.0001488868616
294.9631655276137
294.92660714143403
294.89038836394866
294.8544900724341
294.818815784302
294.78329183273684
294.7477972505356
294.71221134197515
294.6765208159441
294.6418621921956
294.6093619525426
294.5787357237524
294.54984224693163
294.5235538927627
294.4982380040216
294.47164748689073
294.4467646142742
294.4264494207637
294.41731225015155
294.4219694649021
294.4361183890691
294.45258621794994
294.4651733825477
294.4701743401112
294.46646050604113
294.4590432057625
294.45311688649355
294.45185541745826
294.45703377894426
294.4697111855148
294.4908463720551
294.5213295988796
294.5614742496962
294.61126315743957
294.66997954428444
294.73633568543045
294.8089960058645
294.88709215815885
294.9698775868261
295.0566806560803
295.14598024985935
295.23698480380415
295.3292615900057
295.4227729861775
295.5173098708384
295.6117604770308
295.70557109864455
295.79863471721114
295.89104464837845
295.98223947698625
296.0707765359173
296.15627444484375
296.2388959630002
296.29362197980424
294.9330863809226
294.9900233455706
295.04799451616225
295.10671663258114
295.16593753921404
295.2254154482709
295.28492382847423
295.3442459739653
295.40307985639544
295.4611155086862
295.51814946019977
295.5739166403849
295.62823117287047
295.6808842283067
295.7315735389801
295.78012165236504
295.8263579489036
295.8700184093849
295.91085018585676
295.94868150127587
295.98329090850683
296.0144958412708
296.0421921201237
296.0662076241203
296.0864223350834
296.1027088677527
296.1149945359464
296.1232652371723
296.12753257075764
296.1279511759763
296.1246890187708
296.1179008350867
296.1079214665077
296.0951559463256
296.0800865598787
296.06316514866677
296.0448210876939
296.0253821059688
296.0050592328773
295.98389477134816
295.9619378592632
295.93926295642916
295.91608277188084
295.892475900447
295.86852541382933
295.84419503240923
295.81948902869755
295.7942459949002
295.7683436968416
295.74177809057016
295.71457943692815
295.6868133790148
295.6585219715808
295.6297772116629
295.60063952692843
295.571153594197
295.541363055761
295.51128551054995
295.48096211576967
295.45043652183847
295.419694288823
295.3887606570597
295.3576369770779
295.3263417393374
295.2948109840665
295.2631247856416
295.2312039149713
295.1991214885362
295.1668001076042
295.1342588167592
295.1015204990429
295.06852851275755
295.0352902571403
295.0017348608983
294.96790390946
294.9338247531329
294.8996505863644
294.8655258394201
294.8315139404065
294.7977165785985
294.76420222056686
294.73083681421804
294.6977641683161
294.665322947358
294.63438244427505
294.60582682550984
294.5799411795801
294.55652129553977
294.5351216215794
294.5150781178459
294.4957839265979
294.476939814367
294.4585906408484
294.44102357966824
294.4244412166462
294.40932573656534
294.3960290960646
294.38501732249836
294.376691047339
294.3714857664424
294.3696729231622
294.3715131844836
294.37718630736174
294.38675854530055
294.4003326498721
294.41789548004056
294.4393713802406
294.4647135694093
294.4937191959359
294.5263014779052
294.5622766240682
294.60151079629543
294.6437514969603
294.68879564088684
294.73643880047484
294.78648632224775
294.83860960041216
294.89251495373304
294.9300609611658
295.5603259142946
295.57120685857547
295.58239326944863
295.5938880574948
295.605610101506
295.6175604045638
295.6296969226859
295.6418834527568
295.6541469292761
295.6663759675501
295.67854595055087
295.6906484884332
295.7025727182742
295.71425698568225
295.7257066513677
295.7368587773913
295.7476984874488
295.7581107657893
295.76809792469277
295.77755156686607
295.7865080968421
295.7948571477207
295.8025743527738
295.809604674542
295.81594341075976
295.82154285683396
295.82650714347267
295.8310278531999
295.8351446208218
295.8389718784074
295.84248756406237
295.84571942561683
295.84877031057823
295.85168087597816
295.85453512819595
295.85734787996705
295.86007205449147
295.8612936797037
295.8613851233514
295.86068668369154
295.8594208242095
295.85760107249826
295.85542206463
295.8528508035954
295.84993120390146
295.84673342926413
295.8432387077681
295.83941695615295
295.8353296936733
295.8310061094356
295.82643884514897
295.8216431947626
295.81669159533755
295.81152755554825
295.806238261664
295.8007774032813
295.7951439257646
295.7893238418932
295.78335925904065
295.77721998587623
295.77091039333095
295.76444221419797
295.7577834577437
295.7509784259479
295.7439856468592
295.7368256138671
295.72948610628254
295.72194303065805
295.7142104063193
295.7063245778954
295.69821033742824
295.68990305250975
295.68139201354404
295.6726610875115
295.66384100711144
295.6549348469805
295.64604261445197
295.6371597337458
295.62826029288897
295.6193733626881
295.61035704414076
295.60132228527453
295.59254749330177
295.5843315860794
295.5768706391495
295.569989495724
295.56339975164974
295.55689309033045
295.55026087672417
295.54342352310226
295.5364220513887
295.5293375532953
295.5222928705168
295.5153748887374
295.5086719928834
295.50230021550743
295.49650315379085
295.4913847953263
295.48705624867165
295.48354190086275
295.4809050632854
295.47915421959055
295.4783199778932
295.4784020418121
295.47937227490985
295.48121768075043
295.48391121713445
295.487379499404
295.49167439425196
295.4967400173011
295.5025257868159
295.5090032966482
295.51613788069363
295.52389552612334
295.53229152262406
295.5412036190926
295.5505924202767
295.56042890412976
295.5673787859657
304.18600387971674
304.2076473562471
304.23122505089225
304.2567277210704
304.2841426122827
304.3133991228672
304.34439569743694
304.3767901960182
304.4105590003689
304.44557185944825
304.4817879927945
304.5191187113867
304.5572846994648
304.5961959542089
304.6357209267102
304.6757271288889
304.71591946361144
304.75616071577156
304.7962612692165
304.83610951487753
304.87553813749474
304.91433122224066
304.952215412822
304.9890448124832
305.0246718566508
305.05895445242953
305.09174905581887
305.1229667157491
305.1524404325762
305.1800633707716
305.2057602508086
305.2297180735562
305.2520776467709
305.2728805091908
305.2922189401333
305.3100781009468
305.3264226263154
305.3405071326929
305.3524155915825
305.3621989418499
305.3699004038356
305.3756453781955
305.3795340692518
305.3816031956026
305.38198223692086
305.3806464482254
305.3777487890762
305.3732384070332
305.3672988731105
305.3601013435142
305.35164424424386
305.341962456604
305.3311449234899
305.3191753970987
305.30612250380165
305.29202142477646
305.27688513612316
305.260754011926
305.24367147242083
305.22566170275365
305.2067281459772
305.1869489532563
305.1663312248039
305.1449140790133
305.12266701608553
305.099690590656
305.0759744329382
305.051570130816
305.02644184729076
305.0005970543693
304.9739652985138
304.9465585707143
304.91845529607446
304.8896566087855
304.86020199040985
304.83016007600236
304.79954934245546
304.7684241451475
304.7368880830872
304.7049876520678
304.6727165228066
304.6401355977066
304.60728971173245
304.5743592402204
304.5415220673885
304.50897685446546
304.4767100259495
304.4446869990651
304.41291669043534
304.38137416078564
304.3502887547963
304.3198341624599
304.29009621224486
304.26120865166257
304.23332939948403
304.20663059812205
304.1812339078481
304.1572622138574
304.1348278698653
304.11391045707774
304.0946134006852
304.07702529844886
304.0611270151403
304.04696727668284
304.0346670325649
304.02420579981754
304.0157565971586
304.0093272874979
304.00499869629203
304.002753892084
304.0026539934259
304.0046303749128
304.00883990348666
304.0152634866302
304.02387008602284
304.0346356963253
304.0474695155858
304.06240614463434
304.07372008982054
298.43182474606755
298.45478804077953
298.47937382420446
298.50543422416695
298.53297950044134
298.5618903671009
298.59206005699946
298.6231493470784
298.6551198333135
298.68795183194544
298.72148049446565
298.75559428875295
298.7901255438569
298.8248771097619
298.8597287265012
298.89464840799764
298.9293388720978
298.9637138436259
298.99755077338693
299.0307506601173
299.06321427203875
299.09471402330144
299.1252094707855
299.1544979590365
299.18250393562494
299.2090732706101
299.23414817094545
299.2576903723419
299.27961610124873
299.299835336882
299.3183747996465
299.3353557782232
299.3510052220333
299.3655025906944
299.3789436729759
299.3915227190342
299.4030083517015
299.4123376181615
299.419798534141
299.4255059486769
299.42957029716104
299.43208786885504
299.4332020318697
299.43294130882316
299.4313476455081
299.4284913792026
299.4243874042202
299.419111364298
299.41270479154923
299.40526160736556
299.3967930741573
299.3873243595812
299.3769320018769
299.36561989722077
299.3534205652764
299.34034506117746
299.32642827626063
299.3117378040935
299.2962355956156
299.2800009451055
299.2630277792224
299.24534144816465
299.2270092258549
299.2079666454541
299.1883249389811
299.1680392390769
299.1471401390084
299.12568254618475
299.10365623602644
299.0810122894858
299.0577839041518
299.03396896018796
299.0096194437402
298.98471993627845
298.95926033694104
298.93333771793095
298.90695669081464
298.880141847766
298.852916229516
298.8253079629431
298.79727427722963
298.7689342752694
298.74032177070865
298.71163787692456
298.68309017058215
298.6548347170268
298.6267876136249
298.5989264040247
298.57116086497234
298.5434909538747
298.51605215397814
298.4889882707427
298.46242348264104
298.4364824786643
298.41130012528686
298.38707409996346
298.3639748153394
298.3420831897094
298.32160206049537
298.30265347263844
298.2853156647522
298.2696867964121
298.25580160602516
298.24374976495983
298.2336094812843
298.2254108332251
298.2192538570913
298.21535444586476
298.2136438245826
298.2141509390819
298.21678601835026
298.2216351727597
298.22857017499615
298.2376755115042
298.24885821013953
298.26202354567005
298.2771262408198
298.2941003787073
298.3066588062063
306.37754834228605
306.40070010952564
306.4261584052289
306.45384333064413
306.4835759345521
306.51535140807806
306.54896799182035
306.5843256280332
306.6213383524577
306.65985776804047
306.6997694664854
306.74091549545346
306.7831870925315
306.8264608082668
306.8705481992252
306.9152943637137
306.9605842066772
307.00623277542655
307.0521266451929
307.0980590689912
307.1439241978193
307.1895274205239
307.23472171617834
307.2793718613866
307.3232336796089
307.36623421057374
307.4081796123392
307.4488863188083
307.48822930741693
307.52608415294395
307.5622963851051
307.59677331855346
307.6295268094757
307.66050220414206
307.6897792645652
307.7174463094837
307.74352851405126
307.7677912624059
307.789907584764
307.8096093784749
307.8267382799417
307.8412733262333
307.853216855413
307.8625961082126
307.86949549118305
307.87403705146306
307.87625676532156
307.87629444635644
307.87417959231857
307.87006899398176
307.86400729866335
307.85607878861964
307.8464269617539
307.8351119868988
307.82222252271055
307.80782085262535
307.7920170625735
307.77486708440915
307.75642828838687
307.7368009669389
307.71599128769
307.69411372003754
307.67117926049787
307.64724786366895
307.6223724276182
307.59657638311796
307.56992404802713
307.5424236058739
307.5141224881505
307.4850864810918
307.45530950054666
307.4248509367219
307.3936791742062
307.3618998331228
307.32948679657386
307.2964858918569
307.2629189106488
307.22883373927544
307.19426192411674
307.1592071513035
307.1237480076252
307.08785946507385
307.05157832720926
307.01497528831084
306.97809512783914
306.94107853784766
306.9038991746878
306.86675695027265
306.82965693647964
306.7926580400699
306.7557716875775
306.71912915448576
306.68282701892923
306.64700234785056
306.611710014505
306.57717646573275
306.54353310467144
306.5109985986949
306.4797723708171
306.4500495578788
306.4220667532652
306.3959909543652
306.3720270622421
306.35031245442474
306.33107237682367
306.31437624734934
306.3003488044195
306.2891231383362
306.2807262214047
306.27525386488765
306.2727244925576
306.27315413199733
306.2765008875723
306.28275496308044
306.29191154109947
306.30384873313363
306.3185253696314
306.3358283847143
306.3490230382467
302.0726554735799
302.1026528426791
302.1351622079349
302.1701119049458
302.20735461796744
302.24680947836106
302.2883063444118
302.3317592305373
302.37702200500155
302.4239559741975
302.4724095169637
302.52223556134203
302.5732684212865
302.6252382061671
302.67803026719855
302.73140698259465
302.78517846247036
302.83915970484566
302.89309080551556
302.9468432198379
303.00011097030455
303.0527937585703
303.1046275014017
303.1554698437905
303.20513185240014
303.2534112189062
303.30019931261836
303.3452603097569
303.3884377277211
303.4295944035647
303.4686158273749
303.5054281957983
303.53994423666006
303.5722643479611
303.6024411684955
303.630481737111
303.6564447664989
303.67988092564735
303.7003247454721
303.7175098736944
303.7313876149274
303.7419789365335
303.74933188793784
303.7536500559038
303.7550221559768
303.753592574174
303.74958890215004
303.7430690409863
303.7341988857544
303.72311210824836
303.70991200694357
303.6947274155879
303.67774138393895
303.659013440042
303.6386778975318
303.6168559334364
303.59363005491605
303.5690889280698
303.54331089673883
303.51638727558804
303.4884154902409
303.45939413616816
303.42946533323203
303.3986406118714
303.36700449763924
303.3346043000175
303.30147991960354
303.2676484214562
303.23322244299726
303.19821363826253
303.16263794184175
303.1265611012264
303.09003531271054
303.05306112104176
303.0156669650159
302.9779167036221
302.93979020713897
302.90135001580967
302.862592731871
302.8235828092621
302.78431135399836
302.7448736900626
302.7052057694694
302.66535808420366
302.62539136151617
302.58530566909207
302.5451293380465
302.504945078522
302.46475411954236
302.42470819215464
302.38481558266557
302.3453118297922
302.306362772887
302.2681595149991
302.23089728017976
302.19475036738027
302.1600025045008
302.1268680833725
302.09549214265303
302.06617213492035
302.0390808994277
302.0143382745221
301.9921557474448
301.9726671200956
301.9560258384736
301.9423270088226
301.9316489303547
301.9240703695423
301.9196639115713
301.91851710416086
301.92063628967605
301.9260209571748
301.93467801663047
301.94655228799076
301.961588237457
301.97970392558165
302.00082570811145
302.0248169063558
302.04271935842456
306.84549354160237
306.8653188448066
306.88731269828327
306.9113545019157
306.9373554319552
306.96524366770865
306.99493666423416
307.0263313808567
307.05935289984296
307.09393174814113
307.1299728976671
307.1674063823389
307.2061038506988
307.24599436535556
307.2869515780969
307.32885770679167
307.3716349462512
307.41509916261407
307.45918916483515
307.5037328205925
307.5486040231117
307.5936540437125
307.63873167256975
307.6836523502495
307.7283151232451
307.7724922287655
307.81606013554705
307.8588372153932
307.9006806807043
307.9413929843459
307.98084777673097
308.01890263789056
308.05557679284146
308.0908247986337
308.1246663957729
308.1571465600879
308.1883313448134
308.21778899703446
308.24514639964457
308.2700480548603
308.2922430539612
308.3115866027274
308.3280738261884
308.3417319604484
308.35265449879626
308.3608786052066
308.3665170293882
308.36968188752456
308.3704435640858
308.3689044611458
308.3651605141402
308.3593689795409
308.35159329930167
308.34196017250815
308.3305840491526
308.31755772352005
308.302957310006
308.28690891641276
308.26944239794244
308.2506762277885
308.23065734100953
308.2094722440184
308.18717968259244
308.1638120576313
308.13946370515293
308.11413034958343
308.0878860993586
308.06075268412445
308.0328173897155
308.00405049678346
307.9745115240805
307.94423279684673
307.9132614423033
307.88161052529273
307.84933038426277
307.81641476974255
307.78293846179577
307.7488780045687
307.7143557004282
307.6793138326387
307.6438618766935
307.607986248996
307.5717186740196
307.5351182530864
307.4982046019809
307.46104182333187
307.42369769198876
307.38622333040007
307.3486671675831
307.3110276576415
307.2734356180592
307.23595724579457
307.198714833356
307.1618366182964
307.12553529165154
307.08997031875964
307.05528658589054
307.02175247067447
306.98956638723064
306.95895239060224
306.93009739139336
306.9032196546503
306.8784708576366
306.8559893693017
306.83595830251585
306.81849171682063
306.8036877443249
306.7915837794897
306.7822677870301
306.77577053375273
306.7721239507916
306.7712710409807
306.7732004421598
306.77787673822667
306.78527505402525
306.79527559676524
306.8077491673309
306.82271093821237
306.8341790903099
306.7333531646784
306.75134852547995
306.7716205449092
306.79402835751597
306.818576790099
306.84515904224463
306.87369136506004
306.9040940877073
306.93623116433463
306.97009710341126
307.0055397784379
307.0424775805143
307.08081152713225
307.1203682502343
307.1610658010487
307.202738130373
307.24525553017503
307.28845414869596
307.33224727859107
307.3764106188521
307.4208088128258
307.465340383822
307.5098116710417
307.55410463548236
307.59809546204417
307.6416300774491
307.6845118212011
307.726673846277
307.7679499290345
307.8082092072099
307.84729105846003
307.88511012611855
307.9216137762739
307.95674212673924
307.9904666176425
308.02278966682667
308.05371583035804
308.0829756211243
308.11020825905956
308.13515224107255
308.1575982817244
308.177417253859
308.1946035391129
308.20915820557246
308.22109894580757
308.2304570348564
308.2373736585391
308.2418395403538
308.24398772478946
308.2438755759944
308.24157051391757
308.2371704221715
308.2307983043698
308.2225495404678
308.212446654402
308.20064301288005
308.18723669664456
308.17224587685695
308.1558070017669
308.1379690014654
308.11880990969314
308.0984053566345
308.07680867826286
308.0540864811501
308.0303315800809
308.0055446235728
307.9798030992203
307.95316257674995
307.92567631915875
307.8973795101009
307.86831216016685
307.83850417777154
307.8080257023025
307.7768963677843
307.7451489993489
307.71280958848143
307.6799398324354
307.6465201932341
307.61264584638246
307.5783496141317
307.5435781319355
307.5084465323685
307.47294931047145
307.43715589594154
307.4010331281474
307.36464277843925
307.32804269187875
307.29125732976456
307.2543651062061
307.21740193970373
307.1804872561598
307.14369356448674
307.10719072014973
307.071101157433
307.0355590586564
307.00073626715505
306.96679071269966
306.933932248331
306.90230946304797
306.8721216625165
306.84350400218705
306.8166710030015
306.79175928795985
306.7689107453373
306.74829166154393
306.7299938636477
306.71409938844437
306.70072507554835
306.68993391258067
306.6818002795738
306.6763528464744
306.6735886168602
306.67355389135093
306.67618690635453
306.68148762665
306.6893946050146
306.6998695809574
306.71282714732666
306.72300909231035
300.02600430038996
300.08060891904455
300.1344768554187
300.1875683342683
300.23985880447873
300.29123613091895
300.34134358753533
300.38930611520675
300.43489229812997
300.47802226516774
300.518717465665
300.55663120269804
300.59126393072233
300.62261421243363
300.6508872172776
300.6761214779488
300.6981615533011
300.716798328544
300.73196617139325
300.74371751143667
300.75209858632326
300.7569447520641
300.75821939742286
300.7559157516738
300.7499093688586
300.7401600108697
300.7267592699991
300.7098681210851
300.68973299030273
300.6666478949914
300.64107295914374
300.61451550564
300.5884556065883
300.56362971714805
300.54027204246864
300.5185507498718
300.4986191191262
300.4785430846724
300.45693580932056
300.4339612350641
300.40966435350435
300.3841429514206
300.35768287615264
300.330447676333
300.30257013155097
300.2741850843763
300.24538164329584
300.2161320652571
300.18655324637945
300.1566268066934
300.12641065558324
300.0959672401675
300.0653547109007
300.03457815016907
300.0037488290808
299.97290307274824
299.9419916563581
299.9111120785971
299.8802688558824
299.8494182595519
299.81857300212505
299.78772584084163
299.75685779735386
299.725909987661
299.69487214425743
299.6637393851453
299.6324745997342
299.6010628171419
299.569489948596
299.5377330231626
299.5058179001828
299.47370810661494
299.4413762303138
299.4087683111601
299.3759933729187
299.34301347001565
299.31000487317095
299.2771494611495
299.24454355199066
299.21222207884915
299.1802202456604
299.1485341432834
299.11735199639224
299.08959601804617
299.06956707339134
299.05720495098336
299.04957922811934
299.044461341389
299.0406281359573
299.03744327413057
299.0345695298025
299.0317478021909
299.0295837309452
299.02881616736954
299.03044529697047
299.03585436065305
299.04607177286226
299.0612503443766
299.08118161893236
299.10551740139556
299.1341294945404
299.16671853931786
299.2028740190696
299.2424942013346
299.28502752910015
299.329775363911
299.37642924058014
299.42482481920655
299.47485393319135
299.52636536699157
299.5788746078795
299.6321557745811
299.68606059033584
299.74055951778297
299.7953154180776
299.84984490875297
299.90398212209357
299.95776640491937
299.99413785422763
