295.626118672081
295.8913900293863
296.14360150947005
296.3832090167894
296.6103978040864
296.82394798534136
297.0150327317783
297.1890686627149
297.34697650859255
297.4891548564016
297.61499084000076
297.7207428621139
297.8084420715247
297.8784242942245
297.93095764657016
297.96466171617277
297.97576910177236
297.9674544155682
297.93996580892207
297.89370814972807
297.8265407134882
297.736781651334
297.6279111725931
297.50045453164904
297.35481852622905
297.19392414850324
297.02065196849355
296.8334113610762
296.6327306807858
296.41888249745824
296.2072006348898
296.0049411041969
295.8027365572299
295.6005632160721
295.3985742699632
295.2008206138126
295.0069519743253
294.8151602934553
294.62565133174013
294.43802262584677
294.2353270329405
294.041077257805
293.8462375571747
293.6584581651378
293.47315849700516
293.28168468690444
293.0975591464738
292.9153220025758
292.73489963974345
292.55631860956925
292.3796782725428
292.2049346397601
292.0320621438579
291.8610854797988
291.6919592439862
291.5246293539807
291.3591513102628
291.1955234791049
291.033635060559
290.87355844134987
290.71507593846087
290.5583893608076
290.40340959908474
290.2501080960984
290.09851823114104
289.94870381195926
289.8004384492054
289.6538048336524
289.5087284347051
289.3650730880079
289.2227315198552
289.0817641405671
288.9421215457433
288.80973784973173
288.6884841975055
288.5593923707465
288.43198812761085
288.33034232399496
288.24694846003644
288.24679557404005
288.18755590862406
288.11504959192047
288.17278168547284
288.3254633832608
288.3716933715551
288.41095652389174
288.4528987150739
288.49715800478066
288.5429090566118
288.6131207430232
288.7094097665888
288.8149178208474
288.9283378396061
289.0491571919275
289.18374228140516
289.3325365852742
289.4940823577575
289.6688574069112
289.8573017983513
290.0560207297074
290.2682692342608
290.4955785027483
290.73814837591027
290.9960407557633
291.268887298275
291.5554662197974
291.8549348051867
292.1670976755544
292.4912227001018
292.8140604172823
293.13929000375384
293.4670871954075
293.79721131447997
294.1286263767025
294.44924847481354
294.7633433789698
295.0715201173249
295.3737226604545
295.5757828874077
295.6507476263797
295.9099956071505
296.15281324202084
296.3801661739235
296.5932557915437
296.79289022640586
296.9783687141827
297.14831756410763
297.3025875045595
297.4414595764891
297.5651274402985
297.67179829857264
297.7606654115105
297.83217919767577
297.8867811063059
297.92481557016384
297.94482217068617
297.9460834232792
297.92895209297683
297.8939314925393
297.84128544523645
297.7704571842352
297.68174579092
297.57556192438966
297.4522992223803
297.3125148132871
297.1597349748014
296.99529093433097
296.81909053146614
296.6308880005927
296.4330351307606
296.23667568110943
296.04424014030326
295.8550810038544
295.6686002769942
295.48520692058577
295.3063944891684
295.12863634489906
294.9506876269642
294.7737494474853
294.5960019951084
294.41128841781534
294.22614841503747
294.0412112941306
293.8592670533432
293.67846193013867
293.495599715201
293.3159054943248
293.13907338026917
292.9648038620855
292.79280732187914
292.62295917829266
292.45525809210193
292.289679006039
292.1261430998514
291.96469006044487
291.80512882553757
291.6474370738978
291.49159652081397
291.337511273425
291.18514340567145
291.03452185782413
290.885629173498
290.7384288704494
290.59289795607197
290.44899725531315
290.3064751121199
290.1653580291354
290.02569845977337
289.88738032451266
289.7502339755813
289.61426469811374
289.4794825473119
289.3459149768862
289.22373445436784
289.1081205806565
288.98953328486476
288.8778298299243
288.7778243610107
288.72227080580626
288.67872238741893
288.6389965242448
288.636447132644
288.7654803721275
288.9305200519727
289.0664313561073
289.1765264926528
289.2706531661628
289.35407622297333
289.4282425842347
289.4908341750042
289.54858573827624
289.606480328142
289.6667362232618
289.73495902965965
289.8246698200544
289.9368526316986
290.06887358692995
290.219167428553
290.38651825571395
290.57108228725633
290.77292851408566
290.9917897582431
291.22705802038087
291.47845935580415
291.7457484902304
292.0275800002017
292.3228117351394
292.6305566232766
292.9470193685487
293.2665637512221
293.5874791958786
293.90888547507353
294.23055498204604
294.5442005526147
294.8448406426528
295.1346095928647
295.4149073271541
295.6005191451389
296.2089298566237
296.31447424965205
296.41772694339767
296.51842535459747
296.6166023026131
296.71208534061395
296.8047917277322
296.8945379033691
296.98112581027704
297.0645315332649
297.14460631125195
297.2212101806297
297.29421767967733
297.36350717662594
297.4289185287132
297.49030118295116
297.54718435623187
297.59919866204706
297.6461631554242
297.6879907723969
297.72448739181965
297.7549793865829
297.77918866623713
297.7971467741739
297.808730225579
297.81391228434944
297.8127488827221
297.80533806707973
297.79166246812156
297.7718022237734
297.7464068090343
297.71822574094756
297.68786330157945
297.6556368289799
297.62164758660055
297.58609310346117
297.5491010363501
297.5081016322166
297.46284886353124
297.4143171972114
297.3632042356406
297.3085202221611
297.251338693016
297.1918740131529
297.1309573856661
297.0681609972001
297.0026889827596
296.9359371156048
296.86805567139464
296.799180710775
296.7294397423085
296.6589663769541
296.58779159377707
296.51605003172983
296.44376886073303
296.37094862141305
296.29772446099065
296.22410315912816
296.15011179198865
296.07581574673986
296.0011971741842
295.92635103635223
295.85127620456774
295.7759911372453
295.70051526513237
295.6248409449636
295.549050324028
295.4730922508684
295.3969952809283
295.3208246258239
295.24453444203397
295.1682291421866
295.09183271352947
295.0154323001696
294.941744236653
294.86833396589293
294.79517692683316
294.72361493787747
294.65365685056946
294.58950894447383
294.52754025546443
294.46926407388264
294.4144287890766
294.3683491940371
294.3213397472656
294.276150828114
294.2335659095738
294.19369031476396
294.15659225024126
294.12325664301153
294.09716464564434
294.0788578030599
294.0685972242601
294.06641688692935
294.07321053770454
294.09067974756005
294.1189645894415
294.1579068573497
294.2074631444521
294.26683053149407
294.3344564584278
294.4101438277878
294.4938099452055
294.58530072674034
294.6828123107241
294.7839168188678
294.88842914707976
294.9962025760453
295.10718278497234
295.22000463301526
295.333284673242
295.44675518881866
295.5602303688746
295.67364039374024
295.78630544284545
295.8976599832104
296.007528751107
296.1157744394166
296.188423101963
298.8571956462151
298.98851361782044
299.1134313002685
299.2313754860627
299.3429062790507
299.44862153733175
299.547594877873
299.63814692482293
299.7202986140209
299.79460884756656
299.8615533236408
299.92004881251347
299.96868506718425
300.0077215368314
300.0375796520341
300.0587874893539
300.0702567992384
300.07090453763567
300.0609644263288
300.04064532725505
300.01020065886763
299.96914344513687
299.91683706257817
299.8534000993588
299.7791314620879
299.6943711433419
299.59973921528496
299.49625617156715
299.3847654506644
299.2656836700406
299.13982458671944
299.0125167454689
298.8891065407709
298.77211484084205
298.6627166295328
298.5616083728394
298.4696081699717
298.3837357373665
298.3020038457302
298.2243187865001
298.1506041694229
298.0783742026099
298.00598305082417
297.9322003354636
297.8587914615904
297.78573360818564
297.7089316280416
297.63064896079214
297.5525899389252
297.47546069003124
297.39949852474047
297.32468030090996
297.25094987835496
297.1782904035331
297.1066305526087
297.0359954279693
296.9662004872504
296.8970838928069
296.8286561632559
296.7607146081537
296.6932838933436
296.6260746534139
296.5590048314683
296.49209453992034
296.4252851196583
296.35854032762103
296.2917241065838
296.22471399212145
296.1575867809295
296.09034765166825
296.022987184355
295.9553492725676
295.88745343254453
295.81933796669045
295.75367595454713
295.69206216961203
295.63261881687015
295.5742258588457
295.51768030813787
295.4650622260662
295.41672022742586
295.37261369694863
295.33617328917273
295.3223797412562
295.3302524086337
295.3508658133264
295.3757619316838
295.39755048208997
295.4114383916076
295.4160627897377
295.4209786545255
295.4347063906172
295.4612238019781
295.5017849454645
295.55648749558924
295.625170529257
295.70760989187886
295.80316951649064
295.91085702486157
296.02945908707835
296.156984576481
296.29201553144617
296.43377520349753
296.5816647340393
296.7345833694453
296.89009780675383
297.0470664337367
297.20540203280825
297.36515423708397
297.52580994411215
297.6855950675495
297.8438967995818
298.0007793453646
298.1565200327912
298.30946278184774
298.4571265884792
298.5996098340906
298.7376682988354
298.8293613714117
300.3649125104114
300.4697814550763
300.56820593018034
300.66027494559233
300.7466965766311
300.82822525831926
300.9047189235786
300.97492283900976
301.0385401661472
301.09591044186726
301.14737067681426
301.19243428509645
301.2299134503786
301.25961819331684
301.2819518927404
301.29732545940277
301.3053204364925
301.30498629228043
301.2962210117929
301.27938820039714
301.2547072090122
301.2220669049613
301.1809323489836
301.1313926763257
301.07354333638796
301.0077849962614
300.9347599944662
300.85539504678536
300.7705987487333
300.68116299376186
300.58799242752383
300.4966383904818
300.4132865698315
300.34177743575754
300.2839769147432
300.24057192199
300.20767890468784
300.16111939008846
300.0999291075363
300.0305778001105
299.95756095184385
299.88355200416737
299.81016003348526
299.73814153976934
299.66800753343864
299.5999525630346
299.53398123218807
299.47000460312717
299.40788841518685
299.34749646080394
299.28875207483935
299.23155468731346
299.17573304846655
299.12125053082815
299.06800420887936
299.0158527237661
298.9647083227512
298.91446762187695
298.8649879314306
298.8161384874179
298.76788912492344
298.7200460359025
298.6725012874825
298.6250367334169
298.5776004516286
298.53011554737077
298.4824505191469
298.4345979961833
298.38641257873854
298.33787320846744
298.28904909433305
298.23996477650206
298.1906237758508
298.14109916934785
298.09286804197995
298.04725990926124
298.0038376947088
297.96208393472835
297.9221947224482
297.88521910442813
297.85121973104435
297.8201977432027
297.7943340260135
297.78385256096675
297.79200053766215
297.8122690279094
297.8345636676577
297.8503574663107
297.8549292145428
297.8474262944228
297.8350763773815
297.82560625117264
297.8235109866463
297.831107757574
297.8497591399142
297.8805444965968
297.924294307908
297.9813151858975
298.05118959732755
298.1328952459684
298.2246013331888
298.32447171840647
298.4311875610993
298.54400936032346
298.66200864943966
298.78339077483065
298.9069572170111
299.03208236477644
299.1586681825714
299.28609924276907
299.41287558132615
299.53828497651824
299.66226972115714
299.78518362139744
299.9065609913414
300.02482521239665
300.13952138872514
300.2508425703819
300.3248313831846
298.24018676208004
298.32690898109314
298.41502495483013
298.5041515864344
298.5939143091423
298.6838694084233
298.7737165755866
298.8630770818778
298.9516012758504
299.03890564406936
299.1246330593609
299.2084414090459
299.2900790674133
299.3690364928508
299.4450466750534
299.5176193469359
299.58662563046613
299.6516758409159
299.71253367491937
299.76880624553263
299.8202560746821
299.8666759521654
299.90783397001155
299.9435356171416
299.97359455266115
299.99784663420996
300.016148633299
300.02846167208617
300.0348654706752
300.0354818664701
300.0304652055944
300.0200597150942
300.0047460418746
299.98505069204913
299.9618229782486
299.935640558127
299.907181099418
299.8769614064352
299.84524757395656
299.8120537512109
299.77751911519795
299.74183219158857
299.70520242625275
299.66765836984104
299.6293409005463
299.5902937699185
299.5505284421656
299.50981094699904
299.46803579207824
299.4251838916469
299.3814174757441
299.3367277906139
299.29122965147684
299.2450925059849
299.1983196396611
299.1509955554567
299.1031358758353
299.0548901232205
299.00627375845045
298.95733786540796
298.90808318380033
298.8585821102683
298.80881478963204
298.7587557047018
298.70841337360497
298.65778684375965
298.6069356209199
298.5557876912621
298.50445896804365
298.45287137791513
298.4011031216224
298.34913161980126
298.2969049251614
298.2444164214365
298.19165879608346
298.13868293613734
298.0857614928312
298.03297202013226
297.9804259267677
297.92823348455846
297.87649262601184
297.8254701274318
297.77533805799004
297.7267216790092
297.6808593233054
297.6389432121324
297.6013721614868
297.567819680408
297.5374974144038
297.5094123400432
297.482753187283
297.4570289405861
297.43223055256976
297.40877132852773
297.3870365879733
297.36768689688756
297.35122997415
297.3383289113548
297.3296490054586
297.3257259829284
297.327069668062
297.3339765736992
297.34664549160226
297.3652757726669
297.38989239266675
297.42052395410775
297.4570239156078
297.49916313819375
297.54659422833004
297.5991287794164
297.6565096964286
297.71848740821844
297.7847529530993
297.8550489776271
297.92912395896366
298.0066743870741
298.08715256499886
298.17015826540415
298.2277751992719
299.49900091549296
299.51518614369587
299.5318041868139
299.54878274988386
299.56608844074816
299.5836544508405
299.6014613725023
299.6193787615439
299.6373620451683
299.6553717807919
299.67331470847085
299.6911173011565
299.7086787887333
299.7259184383785
299.74280212039054
299.7592213134303
299.7751595827218
299.79050745605974
299.8052103012141
299.819170817032
299.8323807689303
299.8447691408432
299.8562249074958
299.8666748556769
299.8760763997228
299.8844075025748
299.8917606645509
299.8983596852249
299.904166632773
299.9093475575426
299.9138253672079
299.9177767412942
299.92128381612235
299.92450733292856
299.927582348957
299.93060778926576
299.93352361364555
299.9348537057031
299.93470852011063
299.93348962532383
299.9314715316137
299.92870281692905
299.92533436107084
299.9213975883631
299.91692600146865
299.91203644688255
299.90670681766755
299.90084905943223
299.8945744196233
299.8879398120687
299.88087306661095
299.87344834995946
299.86572196996275
299.8576499801994
299.8493148400218
299.84067731510794
299.8317755898673
299.822589029498
299.81319370957596
299.80350022965405
299.7935263220853
299.7833303896243
299.7728807091797
299.7621414124741
299.7511131801597
299.73986039523834
299.7283070950343
299.71646720821934
299.70434304541226
299.69200160391136
299.6793177219473
299.6663805807647
299.6531748394151
299.6396659968969
299.6259728308385
299.6122192944813
299.5984507719665
299.5846002421283
299.570705897881
299.5568325665975
299.5430865977346
299.5295040223896
299.51631178827955
299.50406876598134
299.4929397306641
299.4827029643876
299.4728509721398
299.4630851689083
299.45312008477435
299.44279805131544
299.4323467004334
299.42184595055096
299.41159948853124
299.4016096534865
299.39212882758443
299.38330260350966
299.37542934143767
299.36866954170154
299.3631597475984
299.35895476785527
299.3560617256126
299.3545163727026
299.35432894834054
299.35550532840756
299.3580024582899
299.3617314381519
299.3666275244492
299.3727221247785
299.37992918532075
299.3882458042768
299.3975555402193
299.4078744168578
299.4191326810688
299.4312894092105
299.4443545348205
299.4581749045119
299.4726247313436
299.48770945331484
299.4982969794297
303.5098527560808
303.5501821788172
303.5935964497793
303.64010217280725
303.6895470141462
303.7420187622806
303.7972041865777
303.85475399890015
303.9144018701618
303.97597893012767
304.0393641488936
304.10434704340673
304.17055045339777
304.2377053972164
304.3055504311568
304.3738700086632
304.4422714175377
304.5104124596215
304.5780354776907
304.6448831860558
304.7106876039426
304.77505014182606
304.8374968721386
304.89780277244375
304.9555561218026
305.0106437628885
305.0627786392991
305.1118494737633
305.15759780736056
305.1998446394645
305.2384760005629
305.27391080603087
305.3066030012706
305.33673921314613
305.3643299181834
305.38958277799816
305.4123957513019
305.43153890599154
305.4469247852521
305.45883136889
305.4674104348627
305.4727727339394
305.4750081335331
305.4742786592648
305.47075092016746
305.4644824310007
305.45565593347453
305.44434552736396
305.4306605704282
305.414660680506
305.3964847841012
305.3762196415317
305.3540196808635
305.3299353791971
305.30404891638756
305.2764930010469
305.247322849992
305.2165544464472
305.18434738261675
305.15073422464803
305.11579373652256
305.0795156587564
305.0420255135158
305.0033498317185
304.96354750666006
304.9225935252354
304.88063370370355
304.8376582562924
304.79369848070337
304.7487953168992
304.7030948052425
304.65658644647294
304.6092574312131
304.5611970681046
304.5124237911576
304.4629621214973
304.41286269233535
304.36214285481066
304.31084775196626
304.2589772528393
304.20661612245294
304.1538111787182
304.10069202014483
304.04751046402623
303.9947366662648
303.9427303940647
303.89150803904096
303.8410396772728
303.79132752217777
303.74237957098325
303.6946079954422
303.6484141895971
303.6039726910848
303.5614500074767
303.52110456533944
303.4832303582047
303.4481771331822
303.4161344484019
303.38724583469997
303.36171346959594
303.3395634352606
303.3208164227243
303.305512209391
303.2937034825328
303.28536712670353
303.2805778316229
303.2792119049906
303.2813155883937
303.2868657471854
303.29592643145
303.3084308763408
303.3243190808359
303.343653376268
303.36646261346203
303.3927068870705
303.42227007258754
303.45506409662323
303.49100739463057
303.51722009185636
300.332705797611
300.3812478489085
300.43234743310234
300.4858159327039
300.5415191310935
300.59925669398615
300.6589318603301
300.7202556351507
300.78299365333993
300.84692822678466
300.9117966394254
300.97733595149265
301.04313228474865
301.1089553464869
301.17445709255014
301.2395566209335
301.30386750576946
301.3671012474245
301.4289512779716
301.48920531120547
301.54764292545593
301.60401762220727
301.6579762044112
301.7093290509088
301.7578531384242
301.8033346125207
301.84566280992163
301.8846833782959
301.9203431396869
301.952539434113
301.98122549221824
302.0067833905875
302.0296983055305
302.0504257629182
302.0692643059666
302.08654646568675
302.1021684614363
302.11415502658474
302.12275068398884
302.1281615808902
302.13063042775946
302.13027696386956
302.1272605859207
302.12165096527093
302.11364667019575
302.1034027537855
302.0909900607703
302.0764552607689
302.0600017952404
302.0416613908409
302.0215280364058
301.99972335907074
301.97624403511793
301.95130243666466
301.92485813702586
301.89703572070505
301.8678795113502
301.837465793021
301.80583074975044
301.7729935833935
301.7391021229914
301.70407574361604
301.66800920674575
301.63095333240653
301.5928600808745
301.55385639974185
301.51392157661184
301.47308063442625
301.4314139753394
301.3888625678986
301.3455471886145
301.3015135252706
301.25671602388303
301.2112109729813
301.1650665492671
301.1182609349887
301.07090950710756
301.02299832650806
300.974530211222
300.9256321944684
300.87634489089254
300.82680049542336
300.7771203377415
300.7276771581494
300.67879995415626
300.63069511493035
300.5833278970861
300.5365515686475
300.4902701228367
300.44441308875986
300.3993091077293
300.3552440308202
300.3124959141559
300.27135502047776
300.23212724877067
300.19516912777016
300.16089733231826
300.1294857123416
300.10134194018895
300.0766219924301
300.0555567774592
300.0382455228754
300.02477410396625
300.01524494358347
300.0098105969842
300.0084558171649
300.0111931124578
300.0180269264611
300.02899718871106
300.04410705604215
300.06326489258987
300.0863970441316
300.1133869302816
300.14421783113966
300.1788107520587
300.21678227286014
300.25805289990524
300.30241283861295
300.3342284417005
305.82631051470634
305.86801502014396
305.9130953603282
305.9614828021728
306.01285759140336
306.067055605293
306.12388565302496
306.18321527263254
306.2447264138561
306.30835653922037
306.3738471875529
306.44102725673395
306.5096921237435
306.5796561649077
306.65064695919017
306.72253036892073
306.79507066074393
306.86801584156274
306.9411993577627
307.01433393895934
307.08719055661106
307.1595547385789
307.2311465825596
307.30172388195996
307.3710022501609
307.438693040127
307.504600755528
307.56843683369533
307.62991380249196
307.6888409799886
307.7449741038712
307.79817856269887
307.84842549979624
307.8956997448672
307.9400977109355
307.98179035699917
308.02091821898375
308.0569558520365
308.0893667807599
308.1175896540673
308.14132670917746
308.16053824870636
308.1751974812434
308.1853740522639
308.1912045882348
308.192893459999
308.1906697057889
308.1846881902293
308.17526541917846
308.1624436871366
308.1465519655889
308.12772926853467
308.10616064456116
308.0820592019296
308.0555583011145
308.02684806320633
307.9960471850593
307.96333716609473
307.92880926755026
307.8925549365766
307.8547197126452
307.8153961718551
307.77465160717594
307.7325941801954
307.6893109536537
307.64482770449683
307.59921537626366
307.552577815038
307.50490003577085
307.4563197220333
307.40680034611
307.3564347884596
307.3052287786384
307.25325626693893
307.2005780644829
307.1471403157263
307.09307482445837
307.038406465448
306.983159413989
306.9273675809995
306.87114489705084
306.8144228818679
306.7573498951772
306.69991384715206
306.642226689489
306.5844595886343
306.5267393271347
306.4692135808179
306.4120070216443
306.3552073510695
306.298866781912
306.24310232456634
306.18813733864863
306.1341182532591
306.08125754551173
306.0298153000782
305.98010774069604
305.93239164080984
305.8871228892995
305.84455563463297
305.80512073504684
305.76904621780835
305.73666266139566
305.70829177621783
305.68410017851727
305.6643530455814
305.6491352145026
305.6385904552258
305.63276422209987
305.63176105689575
305.63555846042266
305.6441083778608
305.6573864048535
305.67524231859744
305.6975865380696
305.7243233856902
305.7552556256774
305.79020093185204
305.8161094501378
300.37602392916506
300.431235976682
300.4905652467814
300.55380666331524
300.62071399712033
300.6911289434662
300.76467278852436
300.8412993752052
300.92066397012667
301.00254605400187
301.08667222792764
301.17282026962386
301.2606742572284
301.3498579629989
301.44013731831865
301.5311435222045
301.62260305603246
301.71408274699087
301.8053118945501
301.89593875335095
301.98558634984795
302.0739248825833
302.1606295878877
302.24532705058033
302.3276898344768
302.40742605010104
302.48425320285975
302.5578684433674
302.627941856147
302.6943326135735
302.75670696967376
302.814972319821
302.86911238381197
302.9192053312987
302.96525425262666
303.0074258934864
303.0457716097592
303.0795534443894
303.1079260750286
303.13051686268864
303.14721834679926
303.1581052604872
303.1633285626402
303.16309828171256
303.15770643988253
303.14743388888155
303.13266151393566
303.1135835784202
303.0905442895492
303.06380807380407
303.0337068258353
303.0004570724111
302.96434110833286
302.9255851945066
302.8844083122457
302.84101925715987
302.79563908860825
302.74844242390725
302.6995294240652
302.64912920752596
302.59732029039145
302.5442417328578
302.490044757826
302.4347804323886
302.3786133959055
302.3215128528497
302.263726947092
302.20514933869407
302.14593069399587
302.0861436977863
302.02582425726473
301.9650249525038
301.90375945812775
301.8421166624852
301.780112937997
301.717817870948
301.65524943242383
301.5924169730522
301.52937139815054
301.46611888675244
301.4027294756322
301.3392513496385
301.2756181203127
301.211944748526
301.14825761440585
301.0845383145168
301.02087034520173
300.9573477931799
300.89403763692485
300.83100590517364
300.76843608952265
300.7065815778502
300.6457289163462
300.5862507632278
300.5284416010937
300.4726411767756
300.419302309057
300.36880820439
300.3215191853833
300.2777739247307
300.2379773418391
300.20235036535996
300.17116944985463
300.14474537536955
300.12322125735204
300.10680365741587
300.0956446126551
300.0897702659592
300.0893392862611
300.09437984486567
300.1049334632506
300.1210029500838
300.14251268638185
300.16935394597965
300.20151593229724
300.2388238685564
300.2810473240099
300.32808821971736
300.3626903426058
307.7625030646507
307.7978885398381
307.83641532258076
307.8778839091147
307.922185846625
307.9691365231988
308.01865179092965
308.07057472815313
308.1247752890293
308.181091465157
308.2394592352093
308.29969877803865
308.3617072197079
308.4253186731109
308.49040871474045
308.55683700301734
308.6244695553395
308.69307351658955
308.7625333065576
308.8325570977814
308.90297722464976
308.9735670762869
309.0440903648809
309.11431419506357
309.1839396097079
309.2526441979849
309.3202607588373
309.38644384668663
309.4510122222887
309.51358805147083
309.57396865735825
309.63198466197383
309.68754899117755
309.74066780981053
309.7913648486411
309.83970071108587
309.88581665757727
309.92908214819266
309.9687396000863
310.0041558860821
310.03503509644406
310.06104712915317
310.08221790438853
310.0985305117355
310.1101799031645
310.11727754976505
310.12004802275567
310.1186756013996
310.1133697828181
310.10439553928967
310.0919888784941
310.0762481843349
310.0575660907816
310.03606777455565
310.01192416899005
309.9853395099281
309.95651846788144
309.92558049662864
309.89271560843736
309.85802152067964
309.8216650177701
309.7837004936132
309.74427546230027
309.70343790617085
309.66138303522183
309.61804124512116
309.5735946920626
309.52805432979653
309.4815035696089
309.4340041617224
309.38558168192674
309.336330382557
309.28627708022213
309.23538002670654
309.1838297991643
309.1315786139591
309.07868550259434
309.0251916855853
308.97117590011925
308.9166631541832
308.86170871386827
308.8063332143774
308.75057925984754
308.6945037512102
308.6381416507047
308.5816740402897
308.5251256453818
308.4685638698164
308.41209693670226
308.35574611648394
308.29968473339375
308.24398689761205
308.1888626744862
308.13455521948896
308.0812905997916
308.02936166218655
307.9791035245769
307.9308327826508
307.88486907554375
307.8415456419799
307.80123027725375
307.76417308328035
307.7307192606346
307.7010050180394
307.67531940477676
307.65384125975544
307.63664759941776
307.6238638329874
307.61554885154874
307.61167696141655
307.6122842340154
307.617310619214
307.62665841450115
307.6402381207021
307.65794350642665
307.6796452935082
307.70510919682545
307.73425270053986
307.75605610256304
306.147672729892
306.18478052787384
306.22549494853183
306.26967703792064
306.3172089186128
306.3678638885638
306.4214981519297
306.4779803682849
306.5371242793714
306.59872717756923
306.6627008810536
306.7287917364177
306.79686069974474
306.86661424896084
306.9378997783434
307.0104615907291
307.08410036153464
307.1585402739989
307.2335670983965
307.308962414388
307.38434071761134
307.4595794932362
307.5343958237531
307.6085454885543
307.681762019509
307.7538439207123
307.82451347422835
307.89352369605524
307.96062568376186
308.02563799825055
308.08828034982787
308.1483984851445
308.205868776051
308.260603047758
308.31268607362927
308.3620305147575
308.40869851665894
308.4523238585741
308.4921606593805
308.52772164784295
308.55872233902807
308.584987325108
308.60645548079066
308.6230869499508
308.6351069811054
308.64251817525474
308.64566916021926
308.6445599378659
308.63944230159376
308.6304961300627
308.61794505650613
308.6020051777525
308.582831444082
308.560575312547
308.5355303746369
308.50783799254293
308.47767040634795
308.44514255874606
308.41044641201523
308.3737551744464
308.335137823949
308.2948131795237
308.25283970125327
308.20932140736267
308.1643940524047
308.11816400636667
308.07066722669776
308.0220606031465
307.97238783510795
307.92171369465086
307.87016736466956
307.8176801756757
307.76447393172646
307.7104964293105
307.6558491129581
307.60053983228687
307.54468606381675
307.4882923079653
307.4314042421742
307.3740478493509
307.3163164706757
307.25821191208905
307.1997708695548
307.14110270896373
307.0821415502272
307.0230199548971
306.96375184874506
306.90446530186415
306.8451929028511
306.78603786750796
306.7271677435613
306.66872653016384
306.6109253201429
306.5540480417286
306.49833743761405
306.44409713953013
306.39161577032905
306.34118527462334
306.2931801812568
306.24787025866783
306.20553143409086
306.1665304061666
306.1310668265284
306.0994050639279
306.07170447654585
306.04822362709643
306.0290301499579
306.01432534325136
306.0041103095381
305.9985008474393
305.99752736877707
306.0011425322118
306.00936111329014
306.02209626693025
306.0392525571591
306.060830067604
306.08665595099325
306.1165243645198
306.1391354512755
306.1562138221645
306.22145713983366
306.28570977988016
306.3490030532903
306.4113458193835
306.47277055083975
306.5327029437534
306.58990051732764
306.64410619239413
306.6952528871581
306.7435376116893
306.7885013643727
306.82952046079464
306.86668064168185
306.9002314470376
306.9303087907653
306.9568317268535
306.97966659230775
306.9986622405704
307.0138083417069
307.0251313356404
307.03224172835826
307.0348811703664
307.03304527760395
307.0265778453814
307.01554471091407
307.0001424135158
306.98053266587766
306.9570648912851
306.93026651430887
306.9008069766493
306.87084788978535
306.8425349501127
306.8167372808115
306.79362474075356
306.7732655372649
306.75584977992236
306.7377556094879
306.71669770146013
306.6927505895692
306.6663893450661
306.63805759163506
306.6080641359683
306.57662026554806
306.5439849482274
306.5104766934323
306.4761379005166
306.44114940455125
306.4056342284455
306.3696368791515
306.33322967150804
306.2965372925035
306.25965388480955
306.2224726497975
306.18516682734463
306.1476167591424
306.10986848072
306.0719776644942
306.03385550478777
305.9955620161085
305.9570783812596
305.91845399640897
305.87960960013186
305.84049974916843
305.80109968870147
305.76137350665175
305.72130029784785
305.6808555803657
305.64006752932386
305.59886953228795
305.55739799679264
305.51559177070703
305.4734765420492
305.43095019269856
305.38811184524235
305.3448648039641
305.30150115466233
305.25818034727746
305.21503603071324
305.172169548634
305.12980963553275
305.08796924698305
305.0470180098737
305.0102519706422
304.9827413704811
304.96579817295844
304.9566453824163
304.9520645840285
304.9497325123216
304.9480916715691
304.9462076011186
304.94368549108333
304.9415578186108
304.94139967186123
304.9445393559748
304.95287860028225
304.9673777424229
304.9881776806046
305.0147832990148
305.0468146872755
305.08414657499657
305.1264166199251
305.1730744839693
305.22368958185115
305.2777080823659
305.3341914609943
305.3928494965282
305.4533002303476
305.5154957120797
305.5790539957011
305.6434662159458
305.7084072014578
305.77401885891044
305.8402815645403
305.90682809334737
305.97320323259714
306.0392074676535
306.10484848729277
306.14935539202054
