293.4647024208061
293.65629249065626
293.8362832508584
294.00598853929984
294.165528843879
294.31454251443193
294.44873070746445
294.5703489457922
294.68006327020146
294.77816245486895
294.86429074939997
294.93674533628604
294.9967233631816
295.04445227780815
295.0801055432139
295.1026035713264
295.1087685774633
295.10113275327274
295.07995052965225
295.04534386810093
294.9975084940632
294.93631910905805
294.8624494739146
294.77630478074565
294.67800353938316
294.56883092131636
294.45046978242823
294.3223619758586
294.1848338328391
294.0380741566785
293.89159385713333
293.7505158474331
293.60900840682547
293.4669841908857
293.32464644062793
293.1848106649312
293.04792582414046
292.9118596022607
292.777067150756
292.64310456812814
292.49566618009214
292.35496186524756
292.2231227363711
292.09122480627764
291.9609071688193
291.83542712294917
291.71045540765385
291.5873362533222
291.4660959192707
291.3466986496008
291.2292487240465
291.1136388721031
290.99982400378696
290.8876996785383
290.777323224481
290.6686318229216
290.56160062781225
290.45616911680355
290.3523429483235
290.25006503260954
290.14922485378065
290.04992042683597
289.95212168013467
289.8557383770823
289.7608173412342
289.6672400998561
289.57501308099825
289.4841025702096
289.39450287775827
289.30619493357716
289.2189917874119
289.1329241293387
289.0478717964625
288.9621975092987
288.8746651965103
288.79032309393335
288.70664703508163
288.6125194000111
288.55415720790944
288.5678878076236
288.5314951230507
288.5347280688546
288.60960902281613
288.6408091673304
288.67026768161753
288.69522409704405
288.72212965513245
288.75077600586394
288.78071732709554
288.82143118857726
288.8744221204297
288.93050346485535
288.98884735545545
289.04923290292095
289.1221965368632
289.2073671735754
289.3022295629633
289.407169023313
289.52267482578156
289.6448996681623
289.7767462963925
289.9195987199995
290.0736697420063
290.23896050228547
290.41545619211126
290.6025208524421
290.7997135191168
291.0068436276576
291.2237492239898
291.44705204802665
291.67513948858004
291.9079065182882
292.145133466176
292.38543215423744
292.61582437275666
292.8418838077126
293.0640307180243
293.2821502756915
293.42812462382136
293.6227851347073
293.8144774976964
293.99193419110907
294.1566394922755
294.3096911298524
294.4517553427614
294.58268498572613
294.70187633317124
294.8094594931627
294.9056337351064
294.9905487786276
295.06380972803413
295.12505120458934
295.17432176499153
295.211851187272
295.2377206484704
295.2506577830665
295.2502011329521
295.2365845533965
295.210080294051
295.1710447828376
295.1199889006357
295.0574416506371
294.9834867354828
294.89820407392045
294.8019444678298
294.69662144619474
294.5831664545258
294.4614671228628
294.3314383905295
294.19454616938214
294.0579313115373
293.9231524185419
293.7899958917142
293.65818924720315
293.52803515467286
293.40050073225666
293.2740825091565
293.14791029809453
293.0209109737777
292.8920639945452
292.75642878754724
292.6231573125017
292.4937249198397
292.3666241036521
292.2421952520886
292.1213043791186
292.00241086973017
291.88551076329287
291.77057638651297
291.6576926813341
291.5466623096548
291.4374038486451
291.3298530928518
291.2239772117996
291.11972077029
291.0171149066067
290.9161007828478
290.8166274728446
290.71862646556633
290.6220356120903
290.52676762365945
290.43295072968
290.3405170231052
290.24943236108925
290.1597382459104
290.0713685783845
289.98423597798677
289.89829654007536
289.8134920044273
289.72969060919314
289.64673761957084
289.5646357740926
289.483353489906
289.3999929974741
289.31562688532387
289.23297417942086
289.1479948186895
289.0597121014812
289.0111986950433
288.97669901091945
288.9759457653859
289.0162668635703
289.12087367235375
289.22437866549626
289.30315581622955
289.3664462927024
289.4201877849203
289.4671940475986
289.5078704450624
289.5394683522246
289.5655063099408
289.58888552067674
289.6110444937654
289.63608848719144
289.67504990193095
289.7301881857228
289.8005113999566
289.8848648090529
289.98228877921485
290.0925169180845
290.21581567100134
290.3519433106699
290.50043801147916
290.66220817194966
290.83831438991194
291.02710741811836
291.2272369891048
291.4377051252517
291.65613363026785
291.8791957479734
292.10640979435124
292.33733793470464
292.5716180372884
292.80316163185233
293.0263873116114
293.2418397094729
293.45031433881144
293.58848981108036
297.2756432137754
297.3506113489204
297.4238195350361
297.49507081525894
297.5642869301132
297.63141838921996
297.6962738212167
297.7587623318233
297.81877595286966
297.8762757214237
297.931195084968
297.9835243777625
298.03321777896383
298.08023465794656
298.1244106991989
298.1656874442576
298.20360166848883
298.2378951891528
298.26843973031373
298.2952268069948
298.3181717702454
298.3370578099384
298.35179648373224
298.36235999777756
298.36866795015175
298.3707181730264
298.3683969454993
298.3617146472961
298.3506798104337
298.33532459885953
298.31604700897435
298.29481643008194
298.27202172511943
298.2477925811548
298.22225892512284
298.1955342419785
298.16797917721595
298.13752111675325
298.1036108485708
298.06600448603825
298.02597196202606
297.98283507058756
297.93832443337874
297.8928563778533
297.84645391028016
297.79945292202177
297.75213967285106
297.70432144167796
297.6560312916836
297.6073521857061
297.55827546393004
297.50893267451517
297.4594132618518
297.4096712319642
297.35977952878454
297.3097656009096
297.25964895757215
297.20943397056266
297.15916679219436
297.10886113773904
297.0585296658639
297.0081508681065
296.9578165263044
296.90747033084955
296.8571433075521
296.8069076943791
296.7567326575935
296.7066879743832
296.65676101077213
296.606945276291
296.55722871160293
296.50767089950097
296.45823058014986
296.40890643569765
296.35891225777084
296.3089913335061
296.25914268611723
296.20873223756234
296.15786587041174
296.11169394337503
296.0671195618877
296.0310406066424
295.9973261760155
295.96570110207324
295.9334270978354
295.9040790441918
295.87834268658673
295.8563779054657
295.83821711671584
295.82363365581676
295.8123551200438
295.80460434557375
295.8004483337884
295.8000194195729
295.804372376029
295.81588661211634
295.83469635835866
295.8607351255033
295.8939850732241
295.93387107006635
295.97928227920715
296.03009538120835
296.0861914248
296.14754080359495
296.21310915892303
296.2815003005678
296.3525541058781
296.426234459023
296.5024577546505
296.58038120425334
296.65896145694734
296.7380331899521
296.8175086509456
296.8972652637035
296.97682749086357
297.05564235402306
297.133624718187
297.21070929014485
297.26251201278177
291.898816763457
291.99138042600123
292.0793770244589
292.16270268786326
292.24171294462883
292.31679932038116
292.3873979663103
292.4522319400107
292.5112843749552
292.5648418272503
292.6131759399904
292.65550898794316
292.6907098023619
292.7189465353441
292.7404797024642
292.75569126506804
292.76406393568186
292.76501437319433
292.75857413768716
292.74489617512216
292.72414535527827
292.6959569030208
292.65981634655225
292.6157780028606
292.5640603849618
292.50496136072366
292.43898601605923
292.3666864974141
292.28867111501836
292.2049951429074
292.1161037016673
292.02581766825847
291.93806698514896
291.85475914417987
291.7767833205503
291.7044623326094
291.6380028399383
291.5767778544037
291.51931123035416
291.46455759603623
291.4119219171709
291.3594061785858
291.30701208695353
291.25631046722725
291.2072712713725
291.15983694298643
291.1151442380894
291.0723971415493
291.031021200591
290.9907087074772
290.9512988900269
290.9125597484681
290.8742907910867
290.83648003344155
290.799122560636
290.7620503454207
290.7252194792137
290.68845229316406
290.6517519088464
290.6151149953784
290.5784369885556
290.54149999071814
290.50413993383245
290.46638918357337
290.42827550433384
290.38970335881766
290.3505011254146
290.3106246055048
290.27015093050267
290.22906210618
290.1873183623486
290.1448242964613
290.1015401723898
290.05750546852784
290.0119539073862
289.9643990195373
289.9153558881651
289.8649467552345
289.81267567934174
289.76159221893107
289.71357879372226
289.6733594339573
289.64706924525876
289.6428820859922
289.65459736665133
289.67171345939397
289.6870716052981
289.6962019798124
289.6968215768088
289.6888987351058
289.6801121309263
289.67720810566277
289.6830378032012
289.69875487165564
289.7244565479032
289.7602082916009
289.80591710184757
289.8612278097215
289.92566172979446
289.9982887309063
290.0777712540149
290.1630622973003
290.25356244476694
290.34889406857576
290.44813682131814
290.54968576000823
290.65296258097345
290.75780639327087
290.86426660150806
290.97183446044335
291.0789588704567
291.18529708055183
291.29099511707403
291.3963374282657
291.5007442717137
291.6025434473774
291.70164332477754
291.79830573829855
291.862807007088
292.3658070331634
292.4417624520985
292.51451033968647
292.5835687609424
292.6490018321617
292.7110022619821
292.76924369202294
292.8226017055368
292.8708919653
292.91437873196634
292.95338149174137
292.98748701150913
293.01569126632063
293.038040063581
293.05477702676217
293.06621288742855
293.0724252389507
293.0729715991825
293.06777743140174
293.0568395111525
293.04029630755605
293.0179177594478
292.98935974257233
292.95464299844724
292.91388004957605
292.86731270871206
292.8153732301028
292.75859641192017
292.69752960800673
292.63261094855113
292.56412707056097
292.4949900752942
292.42894063018946
292.3683285440197
292.31478049885675
292.2690044543585
292.2311660998181
292.19409703230957
292.15230384605695
292.1063068479246
292.05760612614216
292.00763955148926
291.9573161957799
291.9072111074958
291.85781868952415
291.80935713140605
291.7620467661072
291.7159827242269
291.6712356641746
291.62780592853244
291.5857164723614
291.5448376136771
291.5052631802385
291.4669169874545
291.4297881227077
291.39380484233146
291.35900021447264
291.32527031197446
291.29250002204276
291.2606691629979
291.2296995177714
291.19951240354015
291.16992805705047
291.1407836722165
291.1119854753263
291.08343830929743
291.05513986033463
291.0270080549982
290.99894031014094
290.97095154619024
290.94288404487463
290.91458078916224
290.8858837550928
290.8567735574514
290.8267492092536
290.79539107495305
290.76271850149055
290.72874055933784
290.6932333134182
290.65819013995474
290.6251116486326
290.59772205856484
290.58103740809065
290.58117061893626
290.59634524131314
290.61918789539135
290.6413572529422
290.6568358791536
290.6624118949002
290.65777089382635
290.6482156412734
290.6392044955268
290.6338280235516
290.6340202795318
290.6407441812486
290.65504875940815
290.67794556891846
290.7100138328459
290.7514037966608
290.8017387395158
290.8598649131223
290.9245926399056
290.9950608016781
291.0705451310017
291.15035326320736
291.23304056473427
291.3177492380236
291.4040082382377
291.49163228478415
291.5802752925365
291.6687229853691
291.7565071114608
291.84354954917035
291.93004517519495
292.015689946401
292.099181009117
292.1801899106823
292.25892311060585
292.3113334070099
291.5210825993737
291.57423363950903
291.62856734206144
291.68375190471255
291.73950193749863
291.79554462590875
291.8516540320424
291.90759497264025
291.96314955120533
292.01800101548736
292.07198403516946
292.1248343650861
292.17644514819585
292.22646774386897
292.27466116927536
292.3208290996111
292.36479328795497
292.4062910690839
292.44512411977297
292.48109738375854
292.5139973520911
292.5437199651728
292.5700831107613
292.59297535435894
292.61225216003606
292.6278180076625
292.63959215265817
292.64758038593135
292.65174533075844
292.6521832902394
292.6490045088992
292.6423331335713
292.63244421927067
292.6196942696825
292.60454541259764
292.58744745043464
292.56883722099514
292.5490372229517
292.52838085073984
292.5069787223605
292.48491007280364
292.46219799867714
292.43890932699793
292.41499527517
292.390534214515
292.3655493211438
292.34016950894517
292.31449068978037
292.28868564810693
292.2627969427448
292.2368570658043
292.21090487175303
292.1849236490889
292.15890484194614
292.1328766282672
292.10682559387925
292.0807369319825
292.05460600567187
292.0283970992869
292.0021358806852
291.9758266854852
291.94943346286885
291.922928600975
291.8963390389489
291.86961960581385
291.8427378095814
291.81572299928564
291.7884945015817
291.7610242115922
291.73329694927395
291.7052987948843
291.67700459783947
291.64837751917855
291.61942135572394
291.59013515574884
291.5604509203381
291.53029973089264
291.49955858126884
291.46818998465517
291.4361426644591
291.40352172434194
291.37058527659616
291.3378467483948
291.3059746975018
291.27602980291346
291.2487157445229
291.2242310598138
291.2022598570292
291.18219718614444
291.16339840044
291.14522512131754
291.1274137863627
291.10985985581794
291.0928129364992
291.0765020007699
291.0613394710718
291.0476777666788
291.0359640827463
291.02665592162157
291.0201836282248
291.01679170311735
291.0167879125249
291.020338842642
291.02751744780215
291.038448908871
291.0531607123817
291.07158950073296
291.093692079964
291.119305054865
291.14839108446193
291.1807728895283
291.21625768294433
291.2546978195111
291.2957910626757
291.3394313644329
291.38537421871666
291.43342275295043
291.48332373765584
291.51818846107
291.6596322108325
291.66889224329094
291.6784519983172
291.6883294106223
291.6984345564041
291.70876765997036
291.71926690622945
291.72983116398495
291.7404841912954
291.7511627721732
291.76174658242684
291.77229686026334
291.78269505761136
291.79290742614575
291.80290638295355
291.81265821270097
291.82208182014415
291.8311658657196
291.83984729677815
291.84807434095546
291.8558424482834
291.86306873498654
291.86973914445997
291.87579336864746
291.88122950751887
291.8859894702534
291.8901707450545
291.893836987165
291.8970155389377
291.8997789220321
291.9021073282851
291.9040049209289
291.9056055201246
291.9069981344277
291.90823781783104
291.90937289342276
291.9104856040207
291.910879499666
291.9105123172066
291.90954077477465
291.90814539734623
291.9063079014175
291.9041352399446
291.90165701062847
291.89887966636906
291.89584831717985
291.8926525393426
291.88925300431043
291.88572429324677
291.88202132715975
291.8782230667374
291.8742757977719
291.8702981828477
291.8661817800406
291.86198460013094
291.8577401761506
291.8533723520729
291.8489420324889
291.8444047442522
291.839781882249
291.83503943980526
291.8301960661264
291.82523997131307
291.8201453232982
291.8149267684006
291.80956229557324
291.80406487350785
291.7983925941067
291.7925769493059
291.7866004019262
291.78046775200903
291.77415000012047
291.76763917467724
291.76092989430015
291.7540319007897
291.7468479160716
291.7393957565849
291.7316919538382
291.72366141750695
291.7154575786044
291.7071837595215
291.69909584367093
291.6915975634969
291.68520061301786
291.68000802823263
291.67562592626774
291.6715995110464
291.6675809207222
291.6632817936923
291.65860433968356
291.6535631500963
291.6481845660094
291.6425634173382
291.6367344916046
291.63082259091226
291.6249951139486
291.6194745871481
291.6144082777297
291.60995417420435
291.6061108937126
291.60301763680917
291.6006977620903
291.599187312019
291.5984790132462
291.59856528609305
291.59945242559115
291.6010372769842
291.60332167923553
291.6063602372263
291.61007587230404
291.6144594956708
291.6194601570496
291.6250713448094
291.63128087777136
291.63806500966865
291.64535101890255
291.65310282363066
291.66130388343163
291.6671157391057
298.17367334029154
298.19624407435225
298.2205391069257
298.2464588148896
298.2739687554231
298.30308259609245
298.33371413456075
298.3657964531759
298.3992064545564
298.43387131494967
298.46977298694486
298.5067011282674
298.5444990190992
298.5829756295783
298.62199937446417
298.6614735507217
298.70115629736006
298.7408336034036
298.78035152339044
298.8195167532687
298.85825203908223
298.896332565202
298.93347349467035
298.96959216341486
299.0044765211086
299.0379798458262
299.06995338228535
299.10025319622713
299.1287975528781
299.15539430450053
299.18001369749953
299.2028158439674
299.2239355345398
299.2434098701536
299.26130146985537
299.2776805857414
299.29248923034544
299.30537842356466
299.31621003061514
299.3251140678296
299.33213715675544
299.33733073024126
299.34074873687626
299.3424450998365
299.3425610108114
299.3410663110713
299.33810558113663
299.3336745366724
299.32790666022277
299.32089772510267
299.3126452159175
299.3032056331592
299.29266427237377
299.2810123491165
299.2682833331111
299.25454043149205
299.23981600683493
299.2241739160315
299.2075845998606
299.1901447679577
299.1718199402354
299.15272789984857
299.1328093116438
299.11218279469415
299.09078005049884
299.06871043033004
299.0459488486743
299.02253750653153
298.99850578367585
298.97383713763827
298.9485363513698
298.9226201087718
298.8961105209438
298.8690442449888
298.84143006765146
298.8133107848567
298.78471565221736
298.75569620136247
298.7263077056156
298.6965717403353
298.6665167478685
298.636177173697
298.6055657360271
298.5747757657787
298.5439788613923
298.51327027959485
298.4826460523228
298.4521592971482
298.4217759927441
298.3915876200861
298.36176454091344
298.3325108911533
298.30394018782977
298.27615078948844
298.2493003133046
298.22358743658106
298.1992351668885
298.1762911976731
298.1548857042661
298.1350723649972
298.1169391044662
298.10058450779246
298.0861101210453
298.07352152547884
298.0629303951811
298.0542944348695
298.04768109357775
298.04314744372283
298.0407270654699
298.0403999718023
298.0422001366237
298.04604566419164
298.0519915932825
298.06007967393975
298.0703044439965
298.0826248793518
298.0970623980605
298.11364985149254
298.1261345630324
293.5804338514571
293.606427189084
293.63391446648865
293.6627465642858
293.6928614966413
293.72412824694777
293.7564275359154
293.789545356602
293.8233931379689
293.85789302204927
293.892895696188
293.92831647620767
293.96401186492443
293.9997945677186
294.03555473509186
294.0711982582876
294.1065347082822
294.1414067166731
294.17561021338867
294.20905207715816
294.2416357387158
294.27313500775983
294.3035170456472
294.3325037936454
294.3601258960359
294.38615195652653
294.41057229434153
294.4332728236609
294.45415928797723
294.47321258805863
294.4903147889367
294.50569808131286
294.5195141996094
294.53192963650054
294.54311437177404
294.5532359913729
294.56239299031574
294.57022246375254
294.5765648983953
294.58139191736075
294.58477854394357
294.5867412186366
294.58726685067427
294.58643355321175
294.5842451065074
294.5808247745449
294.5762082715556
294.57047296760487
294.56363772671074
294.5558185172549
294.54700788912226
294.53728563996196
294.5266985525328
294.51525622714416
294.50298111636766
294.4899885618929
294.4762361853157
294.461780223569
294.4466275689436
294.4308562998741
294.41446971476853
294.39744999538823
294.37988071225425
294.3617027963397
294.3429903612411
294.3237065357503
294.30389759815563
294.28357752654887
294.26280970100476
294.24147717513364
294.2196690031115
294.1973736228852
294.1746137703007
294.1513859769144
294.1276862675278
294.10353841773775
294.07894375184395
294.05391456150176
294.0284460149228
294.0025805014095
293.9763860479096
293.94991806473837
293.923242961791
293.89649059107217
293.86985834665427
293.8434085403671
293.8170612805831
293.79077289446474
293.7644928152019
293.73819802890034
293.71202648535746
293.6861331591325
293.6607065637646
293.63586951247174
293.6117608621971
293.58863845387805
293.5667019776465
293.54610481618835
293.52698826340037
293.5095120861615
293.4938169003743
293.4799820921581
293.46811730391227
293.45840875621
293.4508276342096
293.4454623153327
293.44232310660334
293.441543835142
293.4431217857343
293.4470125750413
293.45320484135107
293.4616234614136
293.4722622709494
293.4851060795033
293.5000956273894
293.51712607234197
293.5360998316449
293.55696978595114
293.57222676194215
302.52998292928044
302.54876174673245
302.56995182181396
302.59342848159173
302.6190365687651
302.64670299072515
302.6762262502114
302.70748872193906
302.74038823435535
302.7747758677742
302.81052558104375
302.8475098388256
302.8856099188793
302.92470495790764
302.96464094403575
303.00528369958937
303.04655410977193
303.088265559189
303.1303299754748
303.17251565272255
303.2147681130447
303.256893196871
303.2987393423557
303.3401522155332
303.3810361290386
303.42119347063965
303.46048272031175
303.4987696483645
303.53591907337915
303.5717595235021
303.6061879263905
303.6390600233022
303.67035942023483
303.7000539566297
303.728125531284
303.75461799829236
303.7796237674438
303.8031256196448
303.8251305913748
303.84551078331486
303.86410636425956
303.88077836003583
303.89538514628487
303.90790136282436
303.9182810236411
303.92653330665604
303.93266954047465
303.93678123635357
303.9388507354309
303.93900447070075
303.9373142705994
303.93380344264347
303.9286161314625
303.92177309288064
303.91337845947015
303.9034948569806
303.89216744401557
303.8795067499043
303.8655356763394
303.85034245802314
303.83393904793775
303.81641066387454
303.7978111726307
303.7781533609986
303.7575313712061
303.735934594967
303.7134606193921
303.6900973502206
303.66591477243924
303.64092435150627
303.6151979848685
303.58873556402733
303.5615674609968
303.53372513136344
303.50519628890424
303.4760932497535
303.44633289207025
303.4160264675662
303.3851295975207
303.3536708292952
303.3216821199364
303.2891932662459
303.2562389607316
303.22284380481494
303.1891023700922
303.15506060420057
303.12081120367793
303.0864250721829
303.0519215338484
303.0173502092547
302.98274766825006
302.94821834597207
302.9137895703663
302.8796561127562
302.84582398796374
302.812476028931
302.77976608002405
302.7478628197782
302.7169526215033
302.6872216867828
302.65889868372227
302.63215836444135
302.60720383402276
302.5841881048985
302.5633083179727
302.54470655408716
302.52850159035506
302.5148118644739
302.5037459165196
302.49538278747747
302.4897912930105
302.4869573131859
302.4869703511988
302.489746003644
302.49537847441815
302.50374545349666
302.514851255601
302.52859184996674
302.53939736264385
300.6273967368955
300.6509421962844
300.6767813454822
300.70486801263104
300.7350106991459
300.76710300028833
300.8009870226966
300.8365387889909
300.87364657761407
300.91214205209695
300.95192042850687
300.99280215484754
301.034715628767
301.0774170024732
301.12083417916983
301.1647676902433
301.2091028648356
301.2536483799043
301.29822439173176
301.34271577529034
301.3868734944104
301.4306119990802
301.4737120965715
301.51605106958147
301.55745164021084
301.5977802604999
301.63691064520367
301.6746812983217
301.71096732145077
301.7456122466431
301.77856831531886
301.809741581454
301.8390894085536
301.86671176794704
301.8926031079384
301.91676170449387
301.93923844843056
301.96007495067454
301.9791045857737
301.9960606799374
302.01081147279484
302.02318610534536
302.03320575381844
302.0408566562087
302.04613023892387
302.0491419453194
302.04999976419924
302.04871611109155
302.0454497102602
302.04026397014223
302.0332815989837
302.0245557456561
302.01421608941405
302.00228573355724
301.98894764997783
301.97420916054205
301.9581952939152
301.94091142721015
301.92247029186524
301.90290891056446
301.8822984905873
301.8606523533245
301.83809696758436
301.8146273868612
301.7903092298494
301.7651830724524
301.7393139828836
301.712707664795
301.68542862932975
301.6575266733536
301.629035102172
301.5999603550483
301.5703955049438
301.5403174863889
301.509769007277
301.4787743266583
301.44740476573753
301.41561795169036
301.3834536692934
301.3509642295222
301.318181950566
301.28512905604765
301.2517891397975
301.218208106141
301.18442066403816
301.15042111166116
301.1162376979591
301.0818967481927
301.0474130066896
301.01287999472765
300.9783106960653
300.94388756849446
300.9096874616735
300.8759357370735
300.842780047788
300.81038258293387
300.77906770934675
300.7489520403749
300.7202404289284
300.6932353215058
300.6680718125099
300.6448967288443
300.62388698788806
300.6051653287359
300.58888001436003
300.57512194369474
300.56394815196444
300.55540736792295
300.5496067854354
300.5465589580428
300.5462841842616
300.54875496310984
300.55401630150556
300.5620592353867
300.57283271827777
300.58628956450343
300.6024202509437
300.62109337621547
300.6352158023749
304.37171686603125
304.3861427456992
304.4027204443797
304.4213193142393
304.4418611362786
304.46421644286744
304.48829126708114
304.5140152530243
304.54126869970656
304.5700055439049
304.60010319301375
304.6315188333789
304.66414166956645
304.6978673719055
304.73264019092596
304.7683840600028
304.8049598453792
304.8422693376664
304.88018528540294
304.9186063754523
304.95737676547503
304.99637067465096
305.03545970556706
305.07448989384784
305.11336525869547
305.15192868751706
305.19003437590726
305.2275398366106
305.26430752148445
305.30022017768187
305.3351081403826
305.3688937061319
305.401560791697
305.43302561141024
305.463338810282
305.49249777822195
305.5205437634265
305.54749704822063
305.5731815810366
305.5973232158296
305.6196954713274
305.64002729823517
305.6581335751283
305.67393450311516
305.68744545044467
305.698605345413
305.7074789074216
305.714193153659
305.7187670670291
305.7213497722432
305.7219743962912
305.72079303875313
305.7178709526866
305.7132840912672
305.7071487170801
305.69951405298366
305.6904512167251
305.6800274758347
305.6683347542019
305.65537719137535
305.6412562315726
305.62599923415917
305.60967185020985
305.5922618992638
305.5738863044572
305.5545433343083
305.5342856183663
305.51310857595655
305.49111301323205
305.46825668343206
305.44464448363055
305.4202009813612
305.3950725802166
305.3692087738803
305.34265969383887
305.31542850351576
305.2875214205095
305.2590237539903
305.2298878545397
305.2001442596825
305.1698407836959
305.1389764232961
305.1075685917397
305.0757086512972
305.04342950594963
305.010757456002
304.9777726197628
304.9444958896065
304.91095921429326
304.8772277278082
304.84332204393957
304.8093424571441
304.7753534983689
304.741508993753
304.70790467738203
304.6747203465883
304.64213132359885
304.6103276641166
304.5794809451219
304.5498238317875
304.52149163120197
304.49475144841114
304.46969937434346
304.44649421872754
304.4253408509491
304.40632920458137
304.3895933394124
304.37515518666845
304.3631612707431
304.35364833362297
304.34659777934706
304.3420940656861
304.3401043777563
304.3406338969611
304.3436756422268
304.3491165794664
304.35694437784065
304.3671445669229
304.3753552593563
304.3092574078552
304.3229447928951
304.33869931744107
304.35644010216055
304.37608891671323
304.3975750752298
304.42072157692985
304.4455105977929
304.4717892848258
304.4995009576945
304.52853076079595
304.55879882817896
304.5902161488034
304.62262772455756
304.6559880479064
304.69012638982537
304.7249780314646
304.76042957211934
304.7963591332406
304.83261924561583
304.86909014738796
304.9056785821678
304.94227891845196
304.97874579654757
305.0149649188464
305.05083093236675
305.0862186011842
305.1210298820991
305.15514969182215
305.18844913787007
305.22084782083783
305.25220300073215
305.2825187452226
305.31173427845664
305.33980056408996
305.3667728232296
305.39261203989815
305.4173099627344
305.4407191111647
305.4626547095188
305.4829075469158
305.5013337205806
305.51777555339976
305.53224916058406
305.54464448509515
305.55499513165734
305.56335474247345
305.5697162540758
305.5741777435369
305.57676879614877
305.57759075204143
305.57668794774384
305.5741586611148
305.5700503055196
305.5643952762255
305.5573364156782
305.54890741647654
305.53911488564796
305.52807789408996
305.5158470887835
305.50242379102207
305.48790174019615
305.47232661783875
305.4557098280993
305.4381398183074
305.419647028528
305.4002282587507
305.37995143243995
305.35887540911756
305.33700254276806
305.3144097256393
305.291067730118
305.26704619868167
305.24235195486614
305.2170624927807
305.19113202660577
305.1646511261369
305.1375888000404
305.11001134519194
305.0819309260732
305.05335411630875
305.0243459306691
304.99488598997607
304.9650346183611
304.934782085283
304.9041565526044
304.87325264797005
304.8420164113144
304.81055044556933
304.77887455886247
304.74704385703853
304.7151440054946
304.6833138887317
304.6516789367562
304.62036647045375
304.5895126977302
304.5592980339671
304.5298979564881
304.5014499549131
304.4741474433073
304.4481294557598
304.42360131831
304.40066723896695
304.37944732030456
304.36008449636876
304.34271713672354
304.32735696133767
304.31412323334825
304.30307708887443
304.2942756476748
304.28774044771285
304.2835088937099
304.281603187505
304.28200275434233
304.28472833638676
304.28976303638774
304.2970795086232
304.30661528580174
304.31436847115884
296.1798904565224
296.22707850900014
296.273425854389
296.31860751726555
296.36260766320925
296.4054577162468
296.4469958790164
296.4869726530426
296.5253511380256
296.5621668074062
296.5973859093821
296.6308255627854
296.66194429971574
296.6906252195423
296.7168738708025
296.7405947642542
296.7616246573332
296.77965392084866
296.79470148808764
296.80674618389344
296.8159368392603
296.82195967272776
296.82472109788677
296.8242436123132
296.8203728759888
296.8131563973092
296.8027299865022
296.7893906722688
296.7732659636695
296.7545184085856
296.73335070955443
296.7108392032697
296.68799761243235
296.665548694827
296.6438847921835
296.6233303654744
296.6041070261181
296.58641013635184
296.56925808992395
296.55180518826444
296.5336364446173
296.51455097091184
296.4945118470466
296.47345250114347
296.45145092152046
296.4286130184467
296.4051380869865
296.381060436644
296.3566391116383
296.33191660224315
296.30699274681075
296.28195999537616
296.2568579223968
296.23171170180814
296.20662384739455
296.18158449537066
296.15662189349945
296.13174290753943
296.106938192381
296.0821269958798
296.05728534039156
296.03235376886585
296.0073955463853
295.98230141449216
295.9570476798986
295.9317193583378
295.9062355770639
295.8805506402018
295.85462140032695
295.82841812052294
295.80192352549454
295.7750983102811
295.7479348511139
295.7204425091444
295.69266953594547
295.66451623170076
295.6359246575687
295.60691809302494
295.577415966318
295.54747738313813
295.5172243873296
295.48688118725386
295.4571201403311
295.42988456423666
295.4071146129011
295.38999578061186
295.37804652289753
295.36989635797187
295.36412351325566
295.35968794751807
295.35577040051464
295.35170155358776
295.3478182767196
295.34482264949116
295.34358912216567
295.34546223097595
295.35138435733506
295.36177946703594
295.37665085898186
295.3957365896132
295.4187950025798
295.4455327803934
295.4756249663977
295.5087632320213
295.5444555957378
295.5820920678449
295.6213266893162
295.6619941319172
295.70403774597554
295.7471966621278
295.7911136523174
295.83567472372005
295.88086589868334
295.9267491815732
295.973163308648
296.01978646680266
296.0663849717926
296.1129924778025
296.14465933265086
