3.080000000000000000e+02
1.146000000000000000e+03
1.966000000000000000e+03
5.430000000000000000e+02
2.510000000000000000e+03
2.023000000000000000e+03
2.516000000000000000e+03
1.170000000000000000e+02
2.221000000000000000e+03
6.920000000000000000e+02
1.954000000000000000e+03
9.040000000000000000e+02
2.300000000000000000e+02
7.280000000000000000e+02
3.072000000000000000e+03
2.830000000000000000e+03
3.074000000000000000e+03
1.228000000000000000e+03
1.229000000000000000e+03
1.277000000000000000e+03
