5.422626981534959486e+04
4.760843086148801717e+02
1.959527750464652911e+02
1.278799334273487318e+02
9.808273768621320698e+01
9.257432779261667122e+01
8.496735338851374308e+01
4.855932221586044761e+01
4.247724975677369486e+01
3.104017373118849221e+01
2.370216424813444078e+01
1.554197421667841894e+01
1.145371943961900030e+01
9.219604835729342085e+00
6.047403350394048083e+00
4.846193032518015364e+00
3.943960610907592201e+00
3.301873047906212832e+00
2.931796527703399935e+00
1.979698150906626708e+00
