293.8134724381049
294.0608602371691
294.29437589782106
294.51564573221157
294.7248562844313
294.9212880511871
295.09813500076905
295.2592104107457
295.405486388315
295.5373259856407
295.65385745969945
295.75127912034844
295.83221688681664
295.8969880198867
295.94585304898715
295.9777222549909
295.9892619864607
295.98308476927485
295.9594228536288
295.9185624909099
295.85956759636485
295.78144555759354
295.6862975717049
295.5746577717069
295.4467935128241
295.3048434351777
295.1513021306922
294.98510045717256
294.806666498301
294.61626008168514
294.42745876083023
294.2470451469526
294.0666575876205
293.8861843198725
293.70583142363944
293.52917953689877
293.3563381315647
293.18504031379274
293.01564636979975
292.8477473406117
292.662184846686
292.4854069559378
292.30813585044854
292.13763234487175
291.9692608098626
291.80130585455476
291.6363130278446
291.4730268960981
291.31143828931073
291.15156332496383
290.99342789802347
290.8369936470491
290.6822185353443
290.5290539843442
290.37753603444594
290.22761039154034
290.0792989783506
289.93256963498754
289.7874089055182
289.6437816082229
289.5015179243801
289.3608084130958
289.221595809015
289.08382771621035
288.94752124635886
288.8125701002504
288.678987281066
288.54679625894926
288.41597135328294
288.2864716890424
288.15827887500757
288.03133888971763
287.9055857316869
287.78227790325735
287.6621417496471
287.541042520848
287.42117344505243
287.32718443937773
287.25479540507257
287.27527260926684
287.21610509325086
287.18548551434566
287.25173598082745
287.33414050025203
287.36700459804666
287.3909650201944
287.41695890169143
287.44476714053644
287.4737828402057
287.52557939163387
287.6019665497857
287.6861820322541
287.7768658429591
287.87352922950254
287.98519428132516
288.1119287068452
288.25149242786387
288.40423582378395
288.5706368642431
288.74499951287436
288.93127481671394
289.1315624841416
289.34610896367644
289.5749475585894
289.8166450657489
290.07097943987844
290.3372818304868
290.61534424940305
290.904796496388
291.19925103244304
291.4980358128628
291.80102796148464
292.1080134604509
292.4176089694834
292.71573234476523
293.00793320912544
293.29478427040266
293.57622630867706
293.7644475418274
293.88898156438876
294.1328838471981
294.35997512728954
294.57181427758695
294.7697693791215
294.95465919279724
295.126099452601
295.2830598927034
295.4256018263004
295.5539952080055
295.6684445202919
295.76759289760025
295.8506471388899
295.9178487876488
295.9696090297138
296.0061227466082
296.02598942665145
296.0286223796277
296.0143780140704
295.98364836097363
295.93678790800953
295.87381542513253
295.7951579850214
295.7010667669615
295.5917671914905
295.467769129418
295.3319121789509
295.18544178043453
295.0282311832194
294.8601107004021
294.6832130603729
294.5075670945625
294.33530319092785
294.1659151138232
293.998929640946
293.8346135306979
293.6739915236169
293.51456265907956
293.35553159145036
293.1968697142615
293.03655862266976
292.86749118695235
292.69740593767864
292.52706585997043
292.359306882916
292.1939017748427
292.0300507787924
291.8687542951378
291.7098581292334
291.55316860137316
291.39858740563744
291.2458554051138
291.09496649509214
290.9458540320589
290.7984837977551
290.6528559255353
290.5089235634955
290.36664778115295
290.22599238141106
290.0868705313594
289.94929954885595
289.8131777582421
289.6785749186532
289.54543382532285
289.4137317436571
289.2834359353448
289.1544073099679
289.0266857130615
288.9002473510751
288.7750200305575
288.6509285429673
288.52792021851997
288.4059958615033
288.2851409866449
288.16751660000097
288.05206848453446
287.9367941871873
287.82968770554487
287.73488576561783
287.6899608189729
287.65797418767505
287.6406833803276
287.66050562361664
287.7844763002503
287.92687019148235
288.0379690563261
288.1263031516414
288.20070414449907
288.265464919297
288.32191272137146
288.3681202384948
288.40909706673085
288.44897525065124
288.4898017005755
288.5367621169906
288.6030856497659
288.6908584464232
288.7982883354413
288.9237689722283
289.06607758958717
289.2251251862678
289.40100977890205
289.5933395180395
289.80144304026277
290.0256504168553
290.26627131746466
290.52151046885916
290.7898612721732
291.0702401739226
291.35955686706154
291.653012234212
291.94954061484754
292.2485515886035
292.549687866842
292.8449300359613
293.12859124903565
293.40215034700253
293.66671838374526
293.8419455539471
295.5894537315571
295.68566567788866
295.77971950834416
295.8714399387904
295.96075877056774
296.04760020145613
296.131800558296
296.2132077753537
296.29168646182677
296.3671902391054
296.43959973349985
296.5088617125619
296.5748336128719
296.63746823743463
296.6965620663019
296.7520006593831
296.803257449962
296.8500250790847
296.8921178879629
296.92949819401423
296.96199786692017
296.98923931208986
297.0110451220501
297.0273816473533
297.0381677965919
297.0433710071177
297.0428933412746
297.0367640472579
297.0250062874104
297.00767044332633
296.98532176921515
296.9605153909256
296.93379874296744
296.905372298991
296.87541175452395
296.84405512662795
296.8115184243916
296.7751326221898
296.7346901882531
296.6906891122873
296.6440340101996
296.5935793329095
296.5405649408396
296.4851711549417
296.4282745173884
296.3699835187683
296.3102292926832
296.2494463452327
296.1877159440435
296.12518416286065
296.0618895234266
295.99797959696235
295.93352121237086
295.8685253565537
295.8030814741738
295.73720650575166
295.6709533449322
295.60435911885963
295.53742849494654
295.4702366693593
295.40277416255765
295.3350836788911
295.2672223316636
295.19916967369215
295.1309393491985
295.0625860754617
294.99412422179955
294.92556701611295
294.8569269086901
294.78821587290554
294.7194393544758
294.6506717023671
294.58187459738275
294.5130714040688
294.4448201799274
294.3766718265931
294.3085802354051
294.2419802671225
294.1768600843834
294.11810398395386
294.0613530434536
294.01067188011626
293.9630318726115
293.92084788141386
293.87792820941394
293.8376326878067
293.80070816141534
293.76730445604545
293.73746939945005
293.71162557649495
293.69144531637596
293.67733902551834
293.6694580083325
293.6678877782029
293.6736436489637
293.68888113580147
293.7137115102979
293.7480292415521
293.791795674195
293.8442705072034
293.9040461077891
293.9709548855609
294.04486613478446
294.12568265874353
294.2119578991733
294.30173397378553
294.39481896057185
294.4911003490405
294.5905008145862
294.69188127146236
294.7939211311708
294.8964103242261
294.999182287855
295.1021533931397
295.2046599374237
295.3060797872593
295.4062847070963
295.5051508683863
295.57156117425035
295.41133957694984
295.5324245374514
295.64741166699423
295.7560762890344
295.85894869796243
295.95658660865854
296.04820893510595
296.1322045360405
296.2086239497987
296.27790043115795
296.34042525259326
296.3951615409903
296.44070639791744
296.4773250162059
296.50542719065385
296.5255118402205
296.53680139984624
296.5384660821917
296.5306106985785
296.5134067641442
296.48705509774874
296.45103618311
296.40471364885894
296.3481318679209
296.2815156890834
296.2052125751409
296.1198097067767
296.02612270930564
295.92496422980076
295.81661076647265
295.70167571056993
295.5849122639289
295.47116994694113
295.3627859312244
295.2608435414138
295.16589654889896
295.07854227115564
294.9968219031108
294.91871378980943
294.84362596858944
294.77135304019953
294.69944592914595
294.62646328947073
294.55134437371277
294.4760008633117
294.4011700730866
294.326329295934
294.2520596698109
294.1787654350749
294.10657439460783
294.0355260569478
293.96555648271817
293.89657580814645
293.8285584837463
293.7614416636632
293.69513490195743
293.62955268807895
293.56457476717384
293.5001944257077
293.4363174421175
293.3729428121065
293.3099285346492
293.2472199753945
293.18480429107376
293.12264490005674
293.0607056538508
292.99891867566515
292.9371754960028
292.87554876130787
292.8139864034327
292.7524677166072
292.6909429397195
292.62936406218404
292.56778539026897
292.50670689001436
292.4464815063318
292.38671898629775
292.32770626282365
292.2710459996852
292.21953158966676
292.1737566640409
292.1347161700291
292.10678925537593
292.103402937098
292.12159053919385
292.1505481404594
292.1813735168835
292.20714806832984
292.22375290987884
292.23034682920814
292.23625389482004
292.24985022959805
292.2748578981521
292.31275353922393
292.36362651919006
292.42735779469837
292.5036366542032
292.59188221142983
292.6912441439886
292.8005631101235
292.9180234933588
293.0423293813776
293.17270368934777
293.308645458421
293.44907388470216
293.5918457086658
293.73612502138957
293.88176258760444
294.02877898515794
294.17651745168394
294.32302086317236
294.4678957551891
294.6113089941096
294.75361135907457
294.89376476768007
295.02960518883185
295.1611125335458
295.28879668433166
295.373697299301
296.6676123047372
296.7652831261629
296.8581934512816
296.94611002821256
297.02931329580576
297.10824023464437
297.18247380595244
297.25058971338325
297.3123556852648
297.3681332628731
297.41831064735106
297.4623699021037
297.4991102271992
297.5284738765346
297.55080836423593
297.56650720913115
297.5753932616909
297.57675632046397
297.57049469741014
297.5567303493605
297.5356561668883
297.5070855420614
297.47058973209164
297.4261589086508
297.37393517732
297.3142416871755
297.2476541664949
297.1749397492423
297.09692114292005
297.01423811366334
296.9276213259176
296.84170758803845
296.7619392324302
296.691654538883
296.6328069043803
296.58613230326085
296.5495655013631
296.5050308567997
296.4491852576929
296.3859574269881
296.31868932867474
296.24977009504573
296.18061432246566
296.1119392320418
296.0442718740239
295.97782729080643
295.91272112482125
295.84901446565624
295.78670285727196
295.72574878077285
295.6661542535331
295.6077939173796
295.5506942369427
295.49474401394804
295.4399366576844
295.3861665227394
295.3334137681935
295.2816277143491
295.23067690871704
295.1805003193107
295.1310548883154
295.08222250505946
295.0338808047135
294.98592051609205
294.93826542328526
294.89085827418444
294.84362756370075
294.7965625741182
294.7495548615931
294.7026291414197
294.6557400214277
294.608866775743
294.56199388604244
294.51514485160016
294.4685743111033
294.4226263398794
294.3772120743553
294.33255288560764
294.2896454725616
294.25046346343316
294.21574256102264
294.186611423942
294.16614526762106
294.1632629741079
294.1792786816569
294.2067896736784
294.2356404682177
294.2576559259602
294.26832627537834
294.26687709146046
294.26008888925435
294.2551271173335
294.2561353713869
294.26552855022425
294.28452944368837
294.31426177763706
294.35570847844843
294.4092313060774
294.4746415655096
294.55112158753286
294.6369305232961
294.73040351399425
294.8303770943658
294.93602292002515
295.0465046254008
295.1600216345234
295.2755243429535
295.39245618395074
295.5107070223572
295.6297870436568
295.74823869681444
295.86550293681455
295.9815097120884
296.0965277161656
296.21012322179143
296.3205956482913
296.4275409189109
296.5311920625553
296.6000491207654
294.8038260603342
294.88004353893945
294.95761175542356
295.03614582548227
295.1153036663833
295.1946965827548
295.2740704562028
295.3530894077907
295.4314706713759
295.50880871463164
295.5848572048635
295.65928356147737
295.7318922293049
295.8022755103578
295.87011753926845
295.93510513977327
295.9970492312663
296.0556058712988
296.110527039029
296.161525976096
296.2083536068197
296.25084813836907
296.2887816925079
296.3219756333929
296.3502558320813
296.3734812039461
296.391520528177
296.40435946283156
296.4119694408302
296.4144766715859
296.4120107128306
296.4047417916951
296.39305187142435
296.3774334342184
296.35853182227515
296.33689584968465
296.3131061182597
296.28757131650383
296.2606327224695
296.23231037052136
296.20267713563413
296.17183150015205
296.13991970013956
296.1069117999946
296.07285201645533
296.03775628412956
296.00167317976127
295.96460448049424
295.92664728770626
295.887837725507
295.84828667167676
295.80803460080506
295.76715759817915
295.7257395168605
295.6838022893122
295.64141195558506
295.59858079697113
295.55537717632376
295.5117929871265
295.46788312488854
295.42367145635717
295.3791824879422
295.33441478512526
295.28940504015236
295.2441621554932
295.1986680808011
295.1529957417344
295.10707423761596
295.060942722867
295.0145798448437
294.9680010767915
294.92121632352945
294.87422140425866
294.8270155055757
294.7796158870269
294.73202527305466
294.68431966363005
294.63646247698694
294.58851542203973
294.54057162199814
294.4929022973464
294.4458442735491
294.39979795092864
294.3553920042874
294.3138350963417
294.27611798338154
294.24253309740317
294.2127409824961
294.18598959240353
294.1613761691892
294.1381117891704
294.11576534283273
294.09426386913907
294.07394383879955
294.0551328533861
294.038396046602
294.02418527706806
294.013058901871
294.005592069667
294.0022744038096
294.00346939851363
294.0094875392309
294.02050559873555
294.0366245863815
294.05792821967106
294.0844335527699
294.11601763734757
294.152526494658
294.19372750987174
294.2394918993409
294.2895671566491
294.3437147548735
294.4016670796536
294.46311519337706
294.52785499657557
294.5955734868974
294.6659192641146
294.73853959873344
294.78903150068555
295.64891453984404
295.66310146114887
295.677699603018
295.69268045735566
295.70793967959753
295.72349272019187
295.73926275758987
295.7551231042711
295.77105105574907
295.7870138626412
295.8028963584979
295.81868650884934
295.83426142527185
295.8495832350266
295.86459845737306
295.8792441328705
295.8934757318402
295.9072098321186
295.9203897022044
295.9329542158697
295.94486682982813
295.9560449938074
295.9664547891048
295.9759988796576
295.9846394327883
295.99235736346367
295.9992578659917
296.00548668686844
296.0110818826272
296.0161500054566
296.02066457614825
296.0246790568923
296.0283236359518
296.0317179981051
296.03494644413763
296.0380916185861
296.0411260927148
296.0427408711652
296.04301277359554
296.0423247335979
296.0408961300923
296.03877954305483
296.0360928530727
296.03286353289195
296.02909946706046
296.02488513448037
296.0202524313024
296.01515884062377
296.0096799743176
296.0038328943194
295.99763041529957
295.9910534242054
295.9842045694891
295.97700062644645
295.9695181895592
295.9617552684463
295.9536979958101
295.94537056240836
295.93679221217167
295.9279473313421
295.9188232527539
295.9094555603537
295.89985507022624
295.89000272067204
295.8798826190161
295.86954318100265
295.8589483378967
295.8481088892211
295.83701517231685
295.8257111514778
295.81415245586595
295.8023543360143
295.79032992030756
295.7780576000856
295.7655828958425
295.75289886656594
295.74005568698635
295.7270311195702
295.7139021020453
295.70083417660294
295.6879405002672
295.6753593554245
295.6633733316649
295.65250625092057
295.6429648031508
295.63440455169206
295.62633875147577
295.61842682741917
295.6103422807525
295.6019465741236
295.5933680730324
295.5847047768346
295.57612011357463
295.5676833223628
295.5595578254591
295.55192458406304
295.54503164070485
295.5390476724908
295.53409356165423
295.5302073704409
295.5274789047829
295.5259259135562
295.52554156432217
295.52635067614574
295.5283107365845
295.5313671241631
295.5354247855006
295.5405032868493
295.546585651835
295.5536140958847
295.5615385254145
295.5703197546597
295.57992495338664
295.59032042807746
295.6015004339783
295.61334363972185
295.625777141085
295.638796032529
295.64795351029335
302.78946276345795
302.8203812223997
302.85373326908496
302.8894442205001
302.92742617045246
302.96771360785414
303.0101420408558
303.0545197810989
303.100680684761
303.1485011557249
303.19790704969904
303.2486922583858
303.3005997589311
303.35338337241046
303.4068798701788
303.46089686559867
303.5151276038444
303.5692755064606
303.62313690458416
303.67649233824955
303.72916252452717
303.78085237838644
303.8311931838059
303.87999755187076
303.9270041104012
303.97203640359095
304.0148969849656
304.0554091036167
304.09340453041386
304.128699947576
304.1612099676908
304.19121651648794
304.21898236663094
304.2446098027592
304.2681530877966
304.2897452236715
304.3092739988403
304.3259660917296
304.3397071406815
304.3506888524429
304.3590558922196
304.36486901585556
304.36818205852364
304.36910738120986
304.36778529343474
304.3642512245916
304.35866147661665
304.3510504942884
304.34156368563674
304.3302830766335
304.31727999330036
304.30261108090883
304.2863943243362
304.26868414979134
304.2495056248649
304.22895863222783
304.2070990255448
304.1839679257369
304.15961762796525
304.13412949240944
304.10749782421584
304.07980025249225
304.0510656385454
304.02136075071695
303.99067500907273
303.95906184565945
303.9265727654027
303.89323200023017
303.8590621326392
303.8240796453051
303.78833599970375
303.7518259026076
303.7145928850288
303.67667228691073
303.6380708020051
303.59884752427354
303.55900137112894
303.51857494411695
303.47760893663815
303.43610961617316
303.3941603792017
303.3517948855388
303.30909157963015
303.26623273599876
303.22351745068937
303.18116463768735
303.1391732889353
303.09757213238186
303.0563261428946
303.01550395949687
302.975404001472
302.9363161034652
302.898398475993
302.86179378748386
302.8267081144154
302.7934120584885
302.76216646495527
302.733097642256
302.70638279005607
302.6821434258286
302.6604578302801
302.64138135036563
302.6250114551193
302.6113597838058
302.6004760417393
302.5923788193709
302.5870361593822
302.58450754571777
302.5848133055902
302.58795590120434
302.5939221489194
302.6026468292203
302.6141871555272
302.62856898043174
302.6458076639075
302.66580052864964
302.68851835462027
302.71397678125965
302.73281256062944
297.91955952859865
297.95588629028373
297.9942307948101
298.0344202954659
298.0763605364815
298.1198865926915
298.16488929399975
298.2111143199326
298.25840515597946
298.3066285677531
298.3556163996122
298.405167503531
298.4550351537843
298.50501323189
298.5548943137216
298.60458078864065
298.65378355520795
298.70226204043547
298.7498069293712
298.79623331865184
298.8413844480006
298.88503717756606
298.9270038786348
298.967054288367
299.00507537932043
299.0408611696042
299.074345597442
299.10539088273015
299.1339119661852
299.15985189428574
299.18311955034244
299.2040272191355
299.222876519498
299.2399565073592
299.25550963577166
299.2697688982516
299.2827617736085
299.29335156717895
299.30157137277575
299.307514097738
299.31133056676754
299.3130712665073
299.3127960771152
299.3105336580893
299.3063704992565
299.3004152177995
299.29275162155886
299.28343014664307
299.2725446386567
299.2601979160617
299.2464126847032
299.2312816712676
299.2148464768193
299.19720275483627
299.1783358128712
299.15837768319807
299.1373129830742
299.11520914356294
299.09209451782027
299.06801721313656
299.04304379233264
299.01712409406883
298.9903620397751
298.9627312054409
298.93427857113966
298.9050229491266
298.8749766683348
298.8441758763019
298.81267917268457
298.780431670577
298.74749660539374
298.7139117379034
298.67966621621764
298.64480110847455
298.60933710711333
298.57326332390704
298.53665254310494
298.4995108481358
298.4618306835299
298.4237234715963
298.3852586695264
298.3465268601932
298.30760937066185
298.2687942376138
298.23033042142623
298.1923330079357
298.154728904777
298.1174220555171
298.0803239828146
298.0434019919531
298.00686969614304
297.9709847124482
297.9359792830016
297.9020407221603
297.86938334667076
297.8383494550973
297.80922165876876
297.78216330361874
297.7574423074522
297.7352446934016
297.7157358747827
297.69900117963857
297.6851546565169
297.67435502817
297.66663222235763
297.66203928689777
297.6605827590477
297.66235401508976
297.6673693406413
297.67560301395054
297.68698835144545
297.7014600114503
297.7189719613216
297.7395019366057
297.76297598683
297.78917054915183
297.8180016440939
297.8493562647395
297.87204989538577
304.6943814464367
304.7234874106289
304.75565216982375
304.79072991207147
304.8285285900362
304.8688928367682
304.91166655512313
304.9566711168602
305.00374028187963
305.0527431244314
305.10347598528944
305.1558092294759
305.2095717990018
305.2646136597639
305.32071137691236
305.3777397841042
305.43553984869703
305.49390321064044
305.5526884994561
305.61164930273947
305.6706408071605
305.7294451257742
305.78786797975573
305.8456933416311
305.902735238735
305.9587358627991
306.0135373146567
306.0668962385653
306.11862631406007
306.1685131793523
306.21638163826196
306.2620765074031
306.3055724012665
306.3468221751092
306.3858497797215
306.42275942419076
306.4576061798894
306.49020743346296
306.5203070145895
306.54759899211837
306.5718525466011
306.59298674680343
306.61085665599535
306.62546637040083
306.63682602770683
306.64497338507266
306.65000015468445
306.65202324456277
306.6511104567319
306.6473824845393
306.64099988560736
306.6320181396844
306.6206199015483
306.60690752061964
306.59099630312573
306.57299754024257
306.55302368998855
306.5312017205809
306.5076008488082
306.48232435951326
306.45544423046294
306.42706689809245
306.39724775254336
306.36606969118736
306.3336253763848
306.2999256583936
306.2650813650825
306.22912775809846
306.1921334253025
306.1541404006813
306.1151976828575
306.075367912279
306.0346559618688
305.9931310873366
305.9508336589578
305.9077918790847
305.8640380581052
305.8196344812367
305.7745929020814
305.7289397966099
305.6827602760743
305.6360387319626
305.5888729563076
305.5412976843578
305.4933958729604
305.44531775406745
305.3971380469587
305.34899316809566
305.30094768125286
305.2530745560789
305.2054166897772
305.1581092219867
305.111261003571
305.06504041102914
305.0195495951737
304.9750209720911
304.9316510040491
304.88968690951714
304.84940974591217
304.81105680107703
304.77492272380664
304.74124406033144
304.71025729690666
304.68221435570246
304.6573077285613
304.6357332543571
304.61761373063524
304.60308521000775
304.5922571367675
304.58519833007784
304.5819804867762
304.5825604390132
304.5869984772618
304.59519283812125
304.6071640653837
304.622786930165
304.6420104276564
304.6646818289501
304.68197753014175
301.8053487705907
301.84156266841046
301.8809319208634
301.92335833124736
301.9686161651962
302.0165807843133
302.06701052325246
302.1197999901468
302.17475280934576
302.23167313490654
302.29039318844957
302.3507149060551
302.41247544990995
302.475380726074
302.5392829336568
302.60392695237647
302.6691282247057
302.7346128211496
302.8001476435063
302.8655353943231
302.9304522629786
302.9947394759481
303.0580793022225
303.12026724687337
303.18105370948535
303.2402216601624
303.29754981557807
303.3528204361729
303.40582513443434
303.45638681553464
303.5043292104181
303.5495820796692
303.5920796383113
303.6319205861223
303.6690932416503
303.7036434073349
303.73564133080754
303.7647615639706
303.7905111729687
303.8125732764625
303.83080211836113
303.84513581368697
303.85563433762286
303.862362165647
303.8654200915272
303.86495372074234
303.8611997193817
303.8542387164033
303.8442991239609
303.83155070784113
303.8161926819914
303.7983408179439
303.77821095032266
303.7559010963595
303.73162434865475
303.7054565936562
303.67756898652823
303.64805646083784
303.6170246708443
303.5846040486038
303.550876232339
303.51590021129783
303.47981431064807
303.44263235288406
303.40447484265314
303.3653529531387
303.32541391493794
303.2846411877953
303.24311047172034
303.2008803647697
303.15800098510067
303.11449367476746
303.0704259794618
303.02579243332
302.9806686899693
302.9350767945371
302.8890697716683
302.84264600761577
302.7958383134092
302.7486703499893
302.70118179684897
302.65341921539766
302.60534602738346
302.5570291663507
302.5085200274973
302.4598020341205
302.4109368228318
302.36197906967794
302.31295148316343
302.26397747981974
302.2151114670684
302.16659412093094
302.1186218237806
302.07148138092634
302.0253977467122
301.98062399828723
301.9375412306314
301.8964124424871
301.8574750795912
301.8210744928388
301.78745262330244
301.7567956323851
301.7293100004116
301.70522875207075
301.68468881785225
301.6678332297608
301.6547592158641
301.64551372539205
301.6402096766395
301.63888720809155
301.6415565539129
301.64820826089897
301.6588398513089
301.67340911618624
301.69187172039204
301.71413774401265
301.7401124603565
301.769674268319
301.7917471148432
307.1160184517953
307.1399796029928
307.16662037844407
307.1957614126179
307.22732228291324
307.26113861677925
307.29710738138107
307.3351187065985
307.37506751180894
307.4168410315941
307.46033137167376
307.5054644315005
307.5521128306992
307.60016319118046
307.6495068917045
307.70007033813306
307.75170809229
307.8042522685069
307.8576217103454
307.9115899335134
307.9660313246081
308.0207621179628
308.0756020263318
308.13036669826545
308.1848625836003
308.238859446188
308.29220194416007
308.34462032296153
308.39599347850736
308.44604883383226
308.4946082808267
308.5415379309337
308.58679948878404
308.6303393425323
308.67217567983477
308.7123426262407
308.75093916174905
308.7876639366008
308.82208482799626
308.85374651866243
308.88237186604675
308.90766441047487
308.9295174566336
308.94784279908623
308.96269584466773
308.974043275272
308.98203009379586
308.98679126296645
308.9883963747779
308.98706675059935
308.9829231995852
308.97611475499485
308.96679278211815
308.95512338079135
308.94122527945837
308.92525044243047
308.9073033894081
308.8874885525008
308.8659524924983
308.8427652468326
308.8180425074053
308.79184452527693
308.7642870646554
308.7353874441727
308.7052910410145
308.67398855890485
308.64160829630146
308.60813554111246
308.5736797492034
308.53826507441397
308.5019539612293
308.4647499859137
308.4267590857814
308.38794491658496
308.34840966629616
308.30815484982577
308.2671909526882
308.22561543774356
308.18342034587357
308.1406279756742
308.09731823198183
308.0534947302059
308.00921084037213
307.96451935618444
307.91946915536136
307.8741595371988
307.82865255983876
307.78298299604205
307.73722907139756
307.69142498817956
307.64566809453913
307.6000349139709
307.55468637592264
307.50978354576665
307.4655113777127
307.4221046477473
307.3798047138116
307.338857031403
307.2995190605933
307.2620817835223
307.2267734608074
307.19387635189014
307.1635689042158
307.1360327232427
307.1115098100137
307.09012503331735
307.0720177810671
307.05721686706903
307.0458625775616
307.03796491296794
307.03353540412263
307.03257084969607
307.035029964512
307.04088116529795
307.0500537951498
307.062442100189
307.0779165568912
307.0964298973972
307.1106450882642
306.5859298965969
306.60878578806893
306.6343980548894
306.66262188956676
306.6934035426113
306.726579038012
306.76199601319684
306.79960263329286
306.83920645483795
306.88073185115616
306.9240392486534
306.9690199877594
307.0155301565027
307.0633954093494
307.1125128244133
307.1627028634382
307.21381342840675
307.26571756210666
307.3182218557447
307.37117953620617
307.4243693952589
307.477666929605
307.53090257991886
307.5839038487912
307.63648431914817
307.6884959498847
307.73973202812454
307.7900553109997
307.83928910375704
307.88724581058665
307.9337752772796
307.97875262821316
308.0220785761369
308.06371487462343
308.1036424761088
308.1418500333097
308.17836216825725
308.2129651394666
308.2452830740594
308.2749491809964
308.30173749350524
308.32546568692356
308.34599835451013
308.36333592318283
308.3774489361393
308.3883787503166
308.39625244051143
308.4010954074268
308.4030421531431
308.40219107877334
308.3986910954244
308.392639016208
308.3842038979188
308.37345146498836
308.3605157839456
308.3455509606034
308.32865815751614
308.3098791604328
308.2893867717295
308.2672670965941
308.24357956154114
308.21843500473466
308.1919137699695
308.16407529055795
308.13499463996527
308.10478600528234
308.07342859878133
308.0410459891302
308.00767680750226
307.9733832703279
307.93823300184897
307.90220776415225
307.86542498497664
307.8278801369761
307.7896461379984
307.75072816193517
307.7112042264082
307.67106262783005
307.630373592635
307.58914015092574
307.54740813809576
307.5052225041953
307.46259559707494
307.41958727466033
307.3761658224247
307.3324325003127
307.28842712516354
307.244185340709
307.1997845498266
307.1552617092274
307.11073940243926
307.0663314487142
307.02220765697695
306.9785925849076
306.93562465676183
306.8935572925394
306.85259675994166
306.8129834618424
306.774940520845
306.73871957029974
306.70450954483533
306.67258503339247
306.6430999255866
306.61623258535474
306.59213698463765
306.5709934197296
306.55285859669857
306.5378873137619
306.5260941918585
306.5175803584369
306.51234292052084
306.51040998070863
306.51177228744996
306.5163903208028
306.52425787027545
306.5353268519527
306.54952467875574
306.56672810873863
306.5801427705926
301.1186490606472
301.1806095234714
301.2415773262004
301.3013936689761
301.36002555736434
301.41751106382657
301.4734748056405
301.5272170298619
301.5786046909543
301.6276423404744
301.6743618716696
301.7184254341105
301.7591868503949
301.79655715772515
301.83065602296153
301.861483628935
301.8888743047925
301.91251156301644
301.93236229159254
301.9484100940442
301.96074470979875
301.9690168273041
301.9730724426194
301.9729102548072
301.9683689630052
301.95945253348464
301.9462844195381
301.92910267079026
301.90814400911853
301.88370616323294
301.856274351039
301.82752832301253
301.7991298306718
301.7719739935745
301.74644333820254
301.7228092847166
301.70130480151965
301.6805383780269
301.65876294925687
301.63533830034635
301.6101435216663
301.58328132438396
301.5548799363227
301.52505460741634
301.4938991529581
301.4616299294504
301.4283854816133
301.39426026316795
301.35951319638724
301.324203440665
301.2884538143375
301.25235464375396
301.215990589452
301.179352423357
301.1425518889703
301.1055627293579
301.06842110349754
301.0311490921311
300.99376081497684
300.9562038190969
300.91848771062644
300.88062737414833
300.84260885516545
300.80441751292557
300.7660185102616
300.72746670802
300.68873197026454
300.6497831343224
300.61061801648714
300.5711972224366
300.5315667327785
300.49169390375516
300.45157353354296
300.4111905933979
300.37058221782104
300.32970864230504
300.28863170278254
300.247418578856
300.20611361051726
300.16487551460193
300.12394089907997
300.08354490215584
300.04422679350336
300.0090380225045
299.98220386651354
299.96484110970266
299.9546856578785
299.9491354673424
299.9462106373593
299.94463513279936
299.94339641965024
299.9417914839078
299.94057891387257
299.9409399281336
299.9441061875347
299.9518927567722
299.96544504603787
299.9850726644611
300.0104867559708
300.0412745177257
300.07708705429064
300.1175619350595
300.16218780484655
300.2105753703968
300.26205531527376
300.3158361150538
300.37149989687214
300.4288007889859
300.48762664255366
300.5476914477667
300.60853725707955
300.66994394409454
300.73193259592756
300.79457340150424
300.8575977745946
300.9205606416344
300.98326269759764
301.0457323608562
301.088103048375
