291.6476042253797
291.83022046487434
292.0079464354447
292.18021147968284
292.3469496738316
292.5068334045274
292.65207045403844
292.7871490565648
292.9122567791898
293.0274435893214
293.1311549636586
293.21779522928074
293.2913195598364
293.35188857337533
293.3996427386583
293.4343327906771
293.45483119005644
293.4617397328919
293.4552779366034
293.43566674152635
293.40116859618917
293.35073333698904
293.2866403672238
293.209216263532
293.1188114355659
293.01741363912095
292.90671416755004
292.7859997337926
292.655610711584
292.51580496936475
292.37621475149524
292.23995984469434
292.1025747653587
291.9643290621735
291.8254169985211
291.6892916376219
291.5555125841422
291.4235284323982
291.2925497645937
291.16259121682253
291.03846148044676
290.9152035075803
290.7794206272758
290.6528406251066
290.52810320243657
290.39736870669964
290.2730857933113
290.1502676437515
290.02881769188645
289.9088338808595
289.79039866986693
289.67349892835415
289.55810227188664
289.4441737999699
289.33177120941883
289.22098262892706
289.111755979745
289.0041129529586
288.89801214601437
288.79337940752526
288.6899921312412
288.5879957832291
288.4873387009591
288.387990366932
288.2899669197431
288.19355303362596
288.09830679201673
288.004322607743
287.9115230604769
287.8197519709213
287.72870366656855
287.63870312883876
287.5497000649588
287.4671464407733
287.3946155104112
287.31469496410153
287.2359699691624
287.2016029016778
287.134188052956
287.0508794940936
287.0009993954825
286.96249820670903
286.9281636337495
287.04574783537686
287.06910497490026
287.09733879940245
287.1294216763832
287.16424898414124
287.20105106422653
287.2450109956994
287.2962315438268
287.3522238648481
287.4130730018133
287.47877436688736
287.55601495729684
287.64386015941477
287.74091863385894
287.8474150206469
287.96357817680524
288.09025905811035
288.2271649254324
288.37396646555334
288.5306963359007
288.6973662833584
288.8693764382235
289.04885148897705
289.23587711307323
289.43030552316105
289.63169765595256
289.83450742301477
290.040976252552
290.2509165195989
290.4641215831657
290.6791522023668
290.8851108496614
291.0879273549395
291.28770938893865
291.48435743067876
291.6162466298704
291.89336989878484
292.0700074171162
292.2396115571663
292.40226500284183
292.5583563934813
292.708142134951
292.85006323749167
292.9824997328947
293.10521345604076
293.2182069144132
293.3214927501395
293.4130787310261
293.49140446280114
293.55654145368703
293.6088036793806
293.6484739845715
293.6751885236303
293.6887258831398
293.68929813062715
293.6771429004347
293.65243229265445
293.6145503605273
293.56352640159025
293.4996663755366
293.42321350815183
293.334643925925
293.23606491969986
293.1285519624409
293.0122417825031
292.8871402220209
292.75468292999955
292.6213864117664
292.4892139941149
292.3580636651795
292.2277007734833
292.0985414282611
291.971595520644
291.8460343675737
291.7218804004026
291.59825588678666
291.47646960714314
291.3589257741357
291.23947949208014
291.11653755336255
290.9952477006279
290.8744215438137
290.7512191583207
290.6305408239495
290.51210787446803
290.39569209417226
290.2811662644674
290.16836574554975
290.0572423536143
289.9477372482608
289.8397690745824
289.7334617594883
289.62877061776317
289.52571112776786
289.42420869541064
289.3242374752125
289.22563147363957
289.128314916698
289.0322529097747
288.9374256199703
288.84386444264777
288.7513557156946
288.6598921830304
288.5695029731882
288.48022074872205
288.39195248477364
288.30473506339877
288.21837509201157
288.13287005006964
288.04821727445466
287.97374556551904
287.9048323909214
287.8327350854798
287.7729026017158
287.7314531965487
287.67971256199155
287.6214962086285
287.58410607002384
287.5609285891301
287.6045156143866
287.6859503636598
287.75526007159425
287.81219096687096
287.8624935648507
287.90885252351393
287.9516547633414
287.99209366884133
288.0349406910993
288.0816108183708
288.13224423942575
288.1888183360101
288.25539724774
288.3322193324922
288.41927736061297
288.51645200788346
288.6232632631916
288.7392716153521
288.8647743418456
289.0000567521094
289.145248941449
289.2995215396319
289.46182047031436
289.6317736569855
289.80905025689754
289.993354745076
290.18363399964016
290.3777111567419
290.57437345127664
290.77300021665036
290.9732917357723
291.1709083949302
291.36394871949136
291.55313101254416
291.73852049917474
291.86236655073316
295.27441043005354
295.3454381860997
295.41518042747987
295.4835625188683
295.5505774651071
295.61617354477335
295.6801627231343
295.74227934032405
295.8024256375241
295.8605539516155
295.9165416417757
295.96995158657234
296.0204803452327
296.0679845053382
296.1123828762945
296.1535634862274
296.1913235653692
296.22551961076323
296.2560099418764
296.28274871212847
296.30552509055116
296.32397426150294
296.3379907068891
296.34753089258487
296.3525340601869
296.3529611638664
296.3489047002477
296.34039124553124
296.3274669119152
296.3101626155381
296.2889527673664
296.2658727785757
296.24120200527875
296.21518971429447
296.1878776371155
296.15941135055107
296.12983452590794
296.0981559047754
296.06457476756134
296.0287345435201
295.99163565532365
295.95386375631574
295.9143556403663
295.8728446315214
295.83039542895625
295.7866692038602
295.7408840858416
295.69427998408605
295.64696995335754
295.5990502811874
295.55066174255495
295.5018667068509
295.45274382994626
295.40334042399655
295.35371421968614
295.3038599068
295.25386057762216
295.20370546249654
295.15341580998285
295.10306159272284
295.0526012713111
295.0020916528203
294.95152431098666
294.90090209866105
294.85027267151304
294.7996236999499
294.7490112168593
294.6983994563575
294.64788101359215
294.5974005925225
294.54692130646487
294.4965118171901
294.44611318212463
294.39578750678305
294.34798624100927
294.3005690216647
294.25343145727913
294.20910057191475
294.1673311882427
294.1251570695013
294.0836217866204
294.046619629558
294.01027725924297
293.9799805849119
293.949723157392
293.9212693040517
293.89510497269373
293.8712608883445
293.8498367060255
293.8314248398752
293.8179976984417
293.80973792687286
293.80672839814633
293.8089506454702
293.81704791007735
293.8321968933673
293.85430837475474
293.8834052186431
293.9194585610693
293.96173960992263
294.0093180930124
294.06205010083505
294.1199079879997
294.1828387199187
294.24945476341213
294.31816619269773
294.38886557879937
294.4614796910564
294.53594849924673
294.6114344872145
294.687271586305
294.763334225244
294.8394692450178
294.91567325701
294.9914767803037
295.06649100912284
295.1405473432328
295.21364748318234
295.26276065582476
293.2206817547719
293.31296483641364
293.40037936266845
293.4829259453349
293.5609509227722
293.63492625208204
293.704116641885
293.7672051923122
293.824248594717
293.87561092747893
293.92157847097474
293.9613266293615
293.9937314451122
294.0189226248171
294.0372780321898
294.0491805995308
294.05410905159135
294.0513457444006
294.0410762915787
294.02343026464763
293.9985689509938
293.96592575873063
293.92505968411996
293.87610241922897
293.8193767223469
293.755129241409
293.683984933373
293.60690746775185
293.5246653161322
293.43783802777835
293.3472220736617
293.2567960140469
293.17039858843987
293.0897507165099
293.01554239754836
292.94812544763954
292.8882668012077
292.83269032680295
292.78037325497763
292.73164854019467
292.6868224909816
292.64612524306233
292.6075704746318
292.56709942874005
292.5266366544246
292.4865052914975
292.4427924702128
292.39769423444596
292.35269002127114
292.308465634586
292.26522211958513
292.222791384085
292.1811370013366
292.1401999867674
292.0999166214868
292.060270846817
292.02099563650813
291.9818870029275
291.94296692358495
291.9041006975532
291.8652298794975
291.82600784374046
291.78635282766294
291.74622086573294
291.70563044087515
291.6645634494068
291.62274629769144
291.58009644117163
291.5366657711067
291.49251862970647
291.4475936168267
291.40168292606654
291.35485671611025
291.30712492155726
291.2609754409853
291.217921192333
291.17616896589
291.1352818316889
291.09760432562194
291.06111359699514
291.0234217641914
290.9865331570921
290.9534049073483
290.9306105003773
290.9203303142976
290.91883995564984
290.92184895698193
290.92409556356927
290.92168472102986
290.9132313934755
290.9051070910373
290.90322752416813
290.91051321045535
290.92805727668207
290.9560160872425
290.9944009827041
291.0431663876173
291.10195906419233
291.17027072012803
291.24718760048415
291.33134803075274
291.42166797358493
291.5174864970856
291.61829281207355
291.72342329020427
291.83134266107726
291.9411320961007
292.05253012165554
292.1655287544169
292.27930085244606
292.3922949246253
292.5041433215953
292.61498811741717
292.72502503544695
292.83312685144716
292.93755237670433
293.0382119673801
293.1355042498163
293.1999741444741
294.62146455978495
294.7007744634388
294.7751797028848
294.84469303946173
294.90995384439884
294.9715237926943
295.0293670567488
295.0824676204819
295.1305417371202
295.17375598033675
295.2124327231321
295.24636614924464
295.274936040855
295.29795334533037
295.3155017120057
295.32773724396964
295.33415192799146
295.33384447594284
295.3268547319224
295.3134714393599
295.2939741203709
295.26823432073087
295.23592749536766
295.1972027563956
295.15217765681564
295.1011900991139
295.044927949502
294.9842992061223
294.92007384109996
294.8529062215114
294.7836917372018
294.7169846101818
294.6571728870941
294.6067067401596
294.5668001292121
294.53781333766096
294.5149331462833
294.4748530535482
294.4243656287362
294.369665533704
294.3133522940707
294.2570476967512
294.2018384418471
294.1482402640604
294.0964559471588
294.04654418685203
293.9984612419056
293.95207689816135
293.90735166968057
293.8641089074214
293.8223459299708
293.78196721209827
293.7428467532994
293.7048718535247
293.66799610700434
293.632127746415
293.597174215268
293.56297304816945
293.5294410282373
293.49649222670683
293.4640900259722
293.4321778836955
293.400672122043
293.36944579114896
293.33837508869595
293.30741773461494
293.27649085085625
293.2454724622579
293.21430684528394
293.18289083534546
293.15119307181135
293.1191181641625
293.08660919821614
293.05367047566847
293.02168165479327
292.99178759637624
292.9635818568531
292.9369036440919
292.91299199414993
292.89064791802485
292.86777703223805
292.84504086875444
292.8242887792905
292.8105599554361
292.8076779338346
292.812979385212
292.8206108164456
292.82499139280185
292.82268892564997
292.8125560944226
292.79924693192874
292.7878179685766
292.7814123862141
292.781650427768
292.78961300981456
292.8061436113893
292.8319816080887
292.86736751196713
292.9121361933733
292.965560706667
293.0265174121382
293.0938024497561
293.1666069538996
293.2443320494475
293.3263274640369
293.4111681764357
293.49800553506594
293.58642579638934
293.6763606191945
293.76747502284735
293.85868898033056
293.9494602181967
294.0396447245369
294.12936912010485
294.2182091959628
294.30494635563196
294.38906451872765
294.4706372962681
294.5247573980562
292.99444234485844
293.05103777409073
293.10857644429285
293.1668466563156
293.2255996393615
293.2845763075338
293.3435632650281
293.4023351031911
293.46060802349604
293.51810944643904
293.5745783061085
293.6297871393757
293.68351746886543
293.7354894746936
293.78546028285905
293.8331224818384
293.8783728423959
293.9209151746065
293.960547301187
293.99701709717976
294.0301542751245
294.0597617350951
294.08572966606323
294.10789797962224
294.1261700849539
294.1404195666406
294.15057199205626
294.156643764089
294.15872536849827
294.1569974693881
294.151644442342
294.14288359220916
294.13110865466314
294.11668617019575
294.1001778582842
294.0819524629803
294.0624714826159
294.0420495990918
294.02084022045364
293.99887495588064
293.97627643195955
293.9532018458604
293.9298812984621
293.9064317652282
293.8829139682475
293.85929145509675
293.8355574174949
293.81146678729664
293.7868538287497
293.76170468312785
293.73609935652837
293.7100426110539
293.68359037775116
293.65682923722704
293.6297962417519
293.60252188898903
293.5750187017794
293.54735646966674
293.51955724493087
293.4916616815184
293.4636074469212
293.43546483531156
293.40718107884845
293.3787386753117
293.3500584202325
293.3212015146746
293.2921014796594
293.2627786277208
293.2332129111391
293.20334721367516
293.1732303615164
293.1428175002818
293.1120719446409
293.080906983384
293.0493563658265
293.01742626946674
292.9853258013482
292.953211973763
292.9211442053007
292.88927082729947
292.8576880092895
292.82632531780337
292.79521332571295
292.7646100274009
292.7352324573833
292.70787171601876
292.6827831716978
292.6597757885127
292.63841599643723
292.6180473971107
292.59814380104524
292.5783798862884
292.5588534475055
292.5398918172377
292.52172088714417
292.50487628704553
292.48970757277834
292.4767041783479
292.4663422948386
292.459061326948
292.4552205476122
292.4550716315043
292.4588341275816
292.46662702337244
292.4785252816751
292.49453968780136
292.51461732277824
292.53867544821395
292.5664904649718
292.5979628786189
292.63291433303783
292.6712157289534
292.7126147430878
292.756956791858
292.80398940342354
292.85355180398574
292.9052256979888
292.95868500619974
292.9958929460982
293.95022588282416
293.9610713988291
293.9722192769727
293.98362683598214
293.9953048516712
294.00718007446534
294.01927388424
294.03142238946015
294.0436058524368
294.05575827279466
294.0678478114278
294.07984816189975
294.0916496032436
294.1031817157331
294.11446224245077
294.1254178998755
294.1360241193968
294.1461763675359
294.1558815159123
294.16501920426725
294.1736282070579
294.1816200113257
294.1889443400223
294.1955505149099
294.20143785626146
294.20658363628536
294.211047115198
294.21507223099707
294.2186539740873
294.2219336623596
294.22484900214675
294.2275124797249
294.22998231123546
294.2323336047146
294.2346295863438
294.2369320055482
294.23907016603
294.2396708925421
294.2392381503321
294.23805763466726
294.23639030526994
294.23424913395223
294.2317870848436
294.2290171849732
294.2259357049289
294.22266931777875
294.21913981215255
294.21533908210426
294.21134479319784
294.2071864062502
294.2028218943748
294.1983313648208
294.1937134755532
294.188976748453
294.18419404932155
294.17929414117833
294.1743120428075
294.1692035207664
294.16403708649176
294.1587533490743
294.1533417860338
294.147842315661
294.142166753845
294.136353627221
294.1303840802555
294.12426605343745
294.11795657231676
294.1114399363431
294.104738554043
294.09788783164385
294.0907693003231
294.08345000424373
294.07590401526966
294.06813099908595
294.0602198875048
294.05223224780246
294.0442692721936
294.0362963117515
294.028335522068
294.02043456210464
294.01246854956827
294.00445130267343
293.9965500345606
293.98890831468816
293.9815998979934
293.9745400592257
293.9675762501865
293.9605661784946
293.95342063745164
293.94605464466474
293.93855622239715
293.9309666184625
293.9234627274286
293.91607568984034
293.90895802917584
293.9021670301233
293.8959853327301
293.89047541757407
293.8857338515785
293.8818318609826
293.878767090679
293.8765855890921
293.87530649201204
293.8749509677785
293.8755064610846
293.87694048482706
293.8792499023799
293.8823782232094
293.88632287036063
293.8910887901692
293.89659553510785
293.90285529786354
293.9097950076962
293.9174079241234
293.92568203700034
293.93449775427666
293.94379440511074
293.9535581412228
293.9604501783365
300.9171589891411
300.94362638972837
300.9721170610898
301.0026990080203
301.0353325708617
301.06998980421605
301.1064765122755
301.1444250352608
301.18373650015076
301.2242333469243
301.2658593905476
301.3085248222565
301.35188151417947
301.39583262143765
301.44022268021735
301.4848728298854
301.5295050899949
301.57395837794814
301.61804332338045
301.6616447062452
301.704550300478
301.7465258474011
301.78726253504874
301.8266076212449
301.86434135145726
301.9003581227886
301.9345278811221
301.96680850272554
301.9969883683691
302.02499955439794
302.05077540476526
302.0745279110879
302.0965437450628
302.11689499143085
302.1356649506638
302.15286695836704
302.1684669021455
302.1816086528817
302.1923886789397
302.2008444814824
302.20705326407705
302.211136531843
302.2131890691567
302.21323491128976
302.21143884644067
302.20778817561893
302.20243082428874
302.1953424316169
302.1866711558849
302.17650296801196
302.1649064670587
302.1518966717966
302.1376025866422
302.1220167115627
302.10522506647726
302.08725573617176
302.0681527340424
302.04793729640903
302.02670642388625
302.00445471097953
301.98122324438833
301.9570478786963
301.9319946483701
301.90607264344465
301.87929019171605
301.85167971266696
301.8233096917876
301.794201935718
301.76433440246933
301.73373634260435
301.7024434106341
301.6704363725527
301.63777455837356
301.60449827065173
301.57059304436365
301.53613535579746
301.50117400753567
301.4657293830078
301.42991938963826
301.39374178985906
301.35722313925334
301.3204125340477
301.2834251678106
301.24648927560156
301.2098393289259
301.1737351509889
301.13815836366314
301.103015830074
301.06837847302376
301.0341598991062
301.0006581336559
300.96809679600085
300.93657873716353
300.90621863626245
300.87723259168996
300.8497981128555
300.8240684149752
300.8002365756187
300.77836702489816
300.7584919664263
300.74068547883945
300.72499945410453
300.71141484699746
300.6999862615384
300.69080143702445
300.68383378288524
300.67918545067454
300.67682270707
300.6767846121069
300.679123311889
300.6838163975233
300.6908312266528
300.7002868133802
300.7121754230917
300.7264339350147
300.7430127850653
300.7617533699139
300.7826180801569
300.7979706878397
296.0903987359209
296.1187930811963
296.1488914174243
296.18059977602496
296.21387106907366
296.2486152158882
296.28471943251685
296.32191556540283
296.36009453277353
296.39915150862566
296.4389158061683
296.47919566913436
296.51970457492695
296.560284144337
296.60069617808017
296.6409475055696
296.6806837244453
296.7198246288308
296.7581217467678
296.79546843583404
296.8317400801103
296.8667105637117
296.9002451569269
296.93222446410033
296.9624547498769
296.9908500172979
297.01731715510516
297.0418326138575
297.06435602319766
297.084778917952
297.1031666837818
297.1196747220203
297.1346303007917
297.1482940537776
297.1607809367382
297.1723391708959
297.18261272352805
297.1902730589998
297.1957776873131
297.19929910278796
297.2009600524545
297.2008763787046
297.19919672219027
297.1959569663088
297.19125537643475
297.1851741790679
297.17772513717017
297.1689802818865
297.15903756077677
297.1479321868785
297.1357200588045
297.1224252237824
297.10811695272355
297.0928365637437
297.07663540601493
297.0594907801152
297.04149029893057
297.02268003627574
297.00304887270073
296.9826275813328
296.96146967646706
296.9395818189817
296.9170022633029
296.8937329528647
296.86979711282504
296.84523510087445
296.8200308903058
296.79422814195055
296.767830777092
296.74081948514447
296.71322581747773
296.6850956878629
296.6564145792929
296.6271829846378
296.59743690585645
296.56722038212075
296.5365687205541
296.5055191836126
296.47407399862425
296.4422921214246
296.4101551596516
296.37777247192486
296.34521121027296
296.3127744752374
296.2806544382218
296.249021863113
296.21778826942995
296.18690862131484
296.15626560665385
296.12584595291906
296.0958437864336
296.0664341619385
296.03771471056683
296.00989666824137
295.9831548293986
295.957681018795
295.9337338735361
295.91138785369594
295.8909122013336
295.87239538014717
295.85595626063173
295.84168334424317
295.82961426627463
295.81979780645435
295.8123585544369
295.80729961515544
295.8046806225803
295.804583068323
295.807021231417
295.81201620367506
295.81946897959244
295.82946161051854
295.84183235317937
295.85668039780245
295.8738854269951
295.8932970731345
295.9148494005272
295.9384065629709
295.9555267816317
302.73498656205953
302.7632075765481
302.79375368713096
302.8266174226682
302.8615691942364
302.8985890739033
302.93749508845144
302.97823622149286
303.0206112764402
303.06455927960604
303.1099051521031
303.1564854592396
303.2041803918772
303.25287067044144
303.30228322467843
303.35230616498177
303.40277992520987
303.4534938834724
303.5043182290553
303.5550246731683
303.6054843838504
303.6555281585705
303.7049279172116
303.7535742962395
303.8011663446326
303.8476069081028
303.8927078449254
303.9362716325805
303.9781094467396
304.01815655169406
304.05620229264116
304.0921841068527
304.12614110492086
304.1580019359311
304.1879163035035
304.21600250437825
304.24230616563557
304.2664114673703
304.2878399834935
304.30625473818685
304.3214670155341
304.33354667638963
304.3425138524958
304.3484686431002
304.35154697031413
304.3519424953049
304.34978023372963
304.3452097505207
304.33838464714376
304.32943124457233
304.3184785784239
304.30566274626017
304.2910789118106
304.2748895044058
304.25715672518083
304.23797818965346
304.2174738919911
304.19571105574147
304.1727591347393
304.14868824231
304.1235451568692
304.09742942117134
304.07034907554106
304.0423673309517
304.01351901137804
303.9838544441542
303.9533826331264
303.9221588634672
303.89018144827475
303.8575350682017
303.8241916536921
303.79020921408124
303.75554490349253
303.72032486467896
303.68450889455886
303.64810271524834
303.6111748240002
303.57374349735454
303.5358490021134
303.4974859468918
303.4587563474501
303.41960326704253
303.3800974966756
303.34027159400637
303.30018166608295
303.25999180451805
303.2196841807622
303.1794821589991
303.1393973688747
303.0995213555623
303.05984612088844
303.02052021460634
302.981672802264
302.94343364581783
302.9059170583722
302.8693416126294
302.83393156863286
302.7998532905821
302.7674187658577
302.7368049491059
302.70831880462623
302.68213265134136
302.65845839124165
302.63747020272035
302.61935271754015
302.604232588059
302.5921923991117
302.5833639253341
302.5777435471571
302.57542584536367
302.57639410960263
302.5806643784684
302.5881448625805
302.5987803785946
302.61253359806807
302.62928577524457
302.6489335008664
302.6713731924152
302.6881084786878
297.55462640507267
297.5926800965176
297.63357356143484
297.677190450832
297.7233911365011
297.77208999216845
297.82306360606293
297.8762605565312
297.931465761511
297.9885529235017
298.04730175546945
298.1075729075534
298.1691201769292
298.23162958721997
298.2949584706132
298.3588115458727
298.4229661512873
298.487155221503
298.5511226045826
298.61465697410387
298.67744005695886
298.73930173521546
298.79998755631635
298.8592471853543
298.9168861805443
298.9726607922003
299.0264418524647
299.07796470655563
299.12702585804016
299.1735237052281
299.2172582990534
299.258175609732
299.29620168691605
299.3314416174029
299.3639544584026
299.39379571779523
299.4210428883777
299.44496105676717
299.4649276290969
299.48070795548637
299.4923166053578
299.49985321248204
299.5034288226616
299.50329984052524
299.4996725741345
299.49273866141186
299.4827892276551
299.46994450017934
299.45443561551866
299.4364411980657
299.41611664753106
299.39364258103484
299.36921186526
299.3429668944282
299.3150081994795
299.28555029388986
299.2546487374655
299.22245779796543
299.1890047114582
299.1544719351779
299.11889885251395
299.0823359529854
299.04492914101417
299.00668634076305
298.9677239577379
298.9280529492593
298.88775845057893
298.84680220648585
298.8053236222391
298.7633542543562
298.720880524405
298.6779911807587
298.6346937389144
298.5910542568252
298.54706503652625
298.50279139175836
298.4582204463965
298.4134109255365
298.3683755147961
298.3231570181382
298.27776742512594
298.232285665339
298.1866618371429
298.14093921920386
298.0952140267933
298.04944167392034
298.0036754232572
297.95806276743156
297.9125673749929
297.8673590071094
297.8225191007992
297.77823990195213
297.73476572961476
297.69231015854666
297.65109070956896
297.6113111314634
297.5732575478155
297.5372264272138
297.5033870558736
297.47200647515166
297.44334223502545
297.41751381932187
297.3947497557893
297.3751981291316
297.35903541177356
297.34635579351317
297.337260727806
297.3318555888567
297.3302033955853
297.33240093294216
297.3384570422164
297.3483953694529
297.3621822341666
297.37970016189587
297.40094082254365
297.4257793373146
297.4540531510102
297.4856615582913
297.50897700550337
304.6478060600008
304.67236796250097
304.69921011487673
304.7282163297889
304.7592852181403
304.7923443965804
304.82733898865007
304.8641715365504
304.90274154837175
304.9429403342377
304.98471879312376
305.0279241600864
305.07245510745145
305.11822263905066
305.16506086321175
305.21283544256124
305.2614519828857
305.31072628782664
305.36056407425
305.410761263697
305.4612026627952
305.511691150789
305.56210433417857
305.6121998415267
305.66182957888634
305.71072131670775
305.758789997469
305.8057769331277
305.8515583557464
305.8958671801297
305.93860128039637
305.97960820057995
306.01887060163926
306.0563775391111
306.0921712400754
306.1263192524002
306.15891248429676
306.1893140913264
306.21698807211817
306.2415799996061
306.2628685256876
306.28072930286066
306.2952467425792
306.30648256260133
306.31456920063175
306.3196057555551
306.321780799289
306.3211771933546
306.31797201283797
306.31228790136635
306.30428718996217
306.2940739553968
306.2818503237723
306.26768831240184
306.2517468028841
306.23412190773297
306.2149546027723
306.19433300187984
306.17231578536547
306.1490386201161
306.1245498049471
306.09893654142314
306.07224285313663
306.0445198894048
306.01589505964193
305.98630031472226
305.95585348295543
305.924558714254
305.89251250418397
305.8596678824525
305.82607517562184
305.7918101130543
305.7568789650254
305.7212576577016
305.6850665476489
305.6482546840992
305.61091418462377
305.5730064769481
305.5346666898881
305.49583597032307
305.45663438021865
305.41702934535743
305.3770864834751
305.336801296241
305.2962319401824
305.2554846077402
305.2145743464966
305.1735990403909
305.1326161795108
305.09161549317975
305.0507743861868
305.01014874012077
304.96988474706836
304.930166961318
304.8912032235851
304.853158824746
304.81626945728476
304.78077734289207
304.74693992348375
304.7149823889701
304.68513874519437
304.6576127592371
304.6326154730226
304.6102516524238
304.5907399565345
304.57418100059897
304.5606416257493
304.5502317139135
304.54296565466086
304.5388605400726
304.53797292780996
304.5402036024523
304.54552162664976
304.55385729230886
304.5651524846983
304.57930937368496
304.59615028027326
304.6156410132941
304.6302812377574
301.8310276221447
301.8555911845518
301.8828139223103
301.91256272834204
301.94481689807225
301.9794398424082
302.0163742826527
302.0554717206953
302.09666487176634
302.1398233013586
302.1848542738629
302.2316048463828
302.2799373322399
302.3296633992277
302.3806360749601
302.4326885009595
302.48562943647806
302.5392217953706
302.5933828264331
302.64785955071164
302.7024172710056
302.75695318459134
302.8112304313709
302.86509848784567
302.9183808064542
302.97090280788854
303.0224355956134
303.0728533099577
303.1219814100512
303.16967382207713
303.21570309233783
303.25999536320126
303.30246723142693
303.3430591943475
303.38178007389337
303.4185672804322
303.45350114184293
303.4861814608086
303.5160957950281
303.54293399669433
303.5665317243952
303.58677688774327
303.60372429127005
303.61733953672143
303.62774475360226
303.63496433526836
303.6392203258365
303.6405354305962
303.63903618616996
303.634855309469
303.62807177376527
303.6188459985779
303.607315001134
303.593555049067
303.57772582495187
303.5599248128989
303.5403021827648
303.51889673681444
303.4958554858201
303.47127868605486
303.44524185265203
303.41784345898316
303.38914728543904
303.3592619219608
303.32824307236694
303.29614721585443
303.26304735198534
303.2290273950635
303.19414023409905
303.15840509067533
303.121906220744
303.0846364047303
303.0467198586229
303.00816013265586
302.969002406277
302.92925760246004
302.8890270374415
302.84828094882323
302.8071060729599
302.76555170397853
302.7235828091221
302.6812913348385
302.63870688775677
302.595882598362
302.5527801002275
302.5095225611435
302.46610662269296
302.4226350128508
302.37914111599144
302.33570193521314
302.2924598593615
302.2495090530247
302.20701499545135
302.16513993963787
302.12404351811847
302.08392859653856
302.0449821119664
302.0074241108148
301.97149399041984
301.93736478143177
301.90523254498777
301.8753251565946
301.8478338395794
301.82291511694154
301.8007243410528
301.7814140112695
301.7650855605316
301.75186050041754
301.7418066010503
301.73501789046026
301.7315269904552
301.73133812168237
301.7344430789555
301.7408059727043
301.75036825826686
301.7630992363124
301.7789224655698
301.7976657212497
301.8120786019401
298.9931755977861
299.04675548103285
299.09969615970317
299.15212882810687
299.2040132064673
299.2551781742537
299.3051881329428
299.35285271970594
299.3978430405126
299.440016559006
299.47946295659483
299.51575241615006
299.54836478200303
299.5774082914813
299.60321247837345
299.6259083734122
299.6454202691015
299.66167193172333
299.6745392736794
299.684097974751
299.6903345651202
299.69314857894096
299.6924579856098
299.6882363334963
299.6804394083557
299.66909633655575
299.6542804756927
299.6361129369333
299.6148679382793
299.59098654768223
299.5649840914451
299.5385794603239
299.51342268520114
299.49020444055793
299.4690161522721
299.4499080138271
299.4329506941197
299.41498755714923
299.394576985099
299.3723013894539
299.34863845775175
299.3239655457243
299.298596224679
299.27271418595706
299.24638315228077
299.21976253603924
299.1928315929624
299.16561632432877
299.13814204754436
299.11045483548065
299.082554039403
299.05450645497064
299.02640567469825
298.9981960339611
298.97002176206695
298.94189055455786
298.91378055825663
298.8857661120736
298.85781202516216
298.8299470810155
298.80212678030404
298.77439405845666
298.7466273783855
298.71876700224703
298.690784859667
298.66258541670294
298.6341585974391
298.6054759758492
298.5765201160262
298.54726298797704
298.5177653834491
298.4879856614072
298.4579019804631
298.42740784942356
298.39661877995263
298.36544269098715
298.3341166222819
298.30279332277223
298.27164248389033
298.2407372180197
298.2102048543514
298.18003081512546
298.15019138560143
298.12365068224517
298.10575322227197
298.0956388986095
298.08913441721285
298.0837242679842
298.0785147360014
298.0732319285514
298.06796264579805
298.0628345608665
298.05856019132244
298.05588140572263
298.0556467622229
298.0591726421918
298.0673393520377
298.08020236732295
298.09742269739974
298.11864662318885
298.14390963560027
298.172994030216
298.2055746328876
298.2415634473524
298.28052722901
298.3218827191065
298.36539886331866
298.410862283817
298.4582310148358
298.50730356207544
298.55760559658967
298.60880157594187
298.6607570777901
298.7133801361879
298.76625758609737
298.81887377589146
298.87108657098435
298.9228869277066
298.9579278608451
