-0.06019151752702037
-0.061950458720542646
-0.06292358140279691
-0.06331811193635982
-0.06329845068254134
-0.06267173246295225
-0.06013877645197352
-0.056733793190245595
-0.05269609365612818
-0.04804485361789213
-0.04322220009417604
-0.039720192141858617
-0.036437987425866715
-0.03338230224954447
-0.030518400837493753
-0.027435194576567453
-0.02361600180165473
-0.019898647460350256
-0.016291354688197764
-0.012780218395025793
-0.009336838509205634
-0.005812880615109246
-0.002408536454218397
0.0009418350125578115
0.00423524884243216
0.007054844640653677
0.009171865498313864
0.01122459778673378
0.013206647660052223
0.015157834661046407
0.016257596915620936
0.016310563097462146
0.01637982294999116
0.016605629923512694
0.017011953181383436
0.017282383015448377
0.017396505271493386
0.01780289437553458
0.01812799990574736
0.018611418350105994
0.029964161891680732
0.03801265429067799
0.028089354584640416
0.02673089418213613
0.025640788129901018
0.02825515289004194
0.028266762339624045
0.028080232628721398
0.027841727955222797
0.02750144468889532
0.027059487009810854
0.026548274614076908
0.02594162603650126
0.025235403604487897
0.024468559896544
0.023472574500136033
0.022434912473823707
0.02135578356483378
0.02027577544683455
0.019189909810840785
0.018454974352501336
0.017733017266444866
0.017010168597879276
0.01632884196749075
0.015586947653911398
0.014721319257431703
0.013790731825059887
0.012847431732506909
0.011840757387954114
0.010732921311036545
0.009568075200483833
0.008395286827762909
0.007251446304551837
0.0033547389632982284
-0.005041231069692706
-0.008987262138964598
-0.013066779123600502
0.03296790354249485
0.027405845528897285
-0.028595189085514124
-0.03017842753050311
-0.057116678425144424
-0.08845627437615262
-0.0803352502108569
-0.08162322863896367
-0.07739522919442714
-0.07166827524834984
-0.06511345832981992
-0.05796211238890199
-0.05299697135437313
-0.050186839799255985
-0.046553721481525756
-0.041740890641782755
-0.0356772816364785
-0.031091838431786506
-0.0275520993955498
-0.024101250527219484
-0.020749093091387907
-0.017611120204698825
-0.012514663260380837
-0.0069805328574026795
-0.0018308332505677578
0.003013964216138621
0.007559535858014015
0.008922729444053716
0.00865921150446884
0.007297111706065053
0.004786586300947844
0.001153466090609691
-0.0038833886109869826
-0.009587897431374821
-0.01612960453169748
-0.02359979221202896
-0.031714198916495386
-0.03773689577283432
-0.04342484858854412
-0.04898871605217056
-0.054509916211850404
-0.05827461846353702
0.01648584830977564
0.010568759377170523
0.0059945888370402595
0.0021770611780955336
-0.0010422425084323796
-0.0037719700144037823
-0.005897271847364864
-0.006960928614198536
-0.0070061949568003155
-0.006079314623555417
-0.00433880445597301
-0.0025770367095817952
-0.0013031236577492032
-0.0004273110349126194
0.00015958864898288978
0.0005464256447546727
0.0007765286634988124
0.0008586264186078399
0.0008080099667824689
0.000670367650083012
0.0004432170756596632
6.835850922878773e-05
-0.0004614522710739241
-0.0010620195348499243
-0.0016784283866922564
-0.0022986553757711886
-0.00293144796880554
-0.0036160857562374193
-0.00433216648791609
-0.005103372342303942
-0.005768683079170586
-0.0063024779138675805
-0.006715632806277552
-0.007057002565613999
-0.007325621661299448
-0.0075371961397652796
-0.007947926682802295
-0.008635260350168907
-0.008977643696220415
-0.008741397932568642
-0.006472087034683687
0.0020420297222762483
0.0062023255171801215
0.0037734148503651022
0.0007811723311745124
-0.0011726739019432115
-0.0007506781465066205
-0.000641947689695388
-0.0007461613348119809
-0.000975389103427497
-0.0012757798394430159
-0.0015768433695422196
-0.001869326086526092
-0.002180797845617854
-0.0025410445290680946
-0.00290804236387196
-0.0033397452081135445
-0.0037970223567415523
-0.004298671596182593
-0.004865099234584735
-0.005571555947706226
-0.00633355631906201
-0.007114351485689991
-0.007920061341498663
-0.00872292494842929
-0.00941517479218633
-0.010110690107013839
-0.010889237576599447
-0.011721972690278894
-0.012649274489308531
-0.013610269328938614
-0.01449846363170129
-0.015221896527999535
-0.01586359875868735
-0.02123372956867582
-0.029057249536778875
-0.03503175255487778
-0.025165582164219873
0.005743087041340668
0.007530416958007592
-0.003927228282546263
-0.020572968174983133
-0.048456543642910625
-0.06599082019470523
-0.07020107498537245
-0.06996712426599334
-0.06819539158587905
-0.06530689056316398
-0.06146451374944805
-0.056350792886795835
-0.04797649467858291
-0.0369741510050825
-0.023896147546578483
-0.009045722175428181
0.006742763314826487
0.02067518682907246
0.032276015359052515
0.042051512745316266
0.050544187416929294
0.057808703101443884
0.06417310323194722
0.07009684582786864
0.07560027227371101
0.08074002465918995
0.08496164334327604
0.08753194451523677
0.08877863665913964
0.0888590241222003
0.08787185277775506
0.08524624740726017
0.08040148872190882
0.07374951704899871
0.06559674845202126
0.05618858496473631
0.04680410025133328
0.03831316508012623
0.03040113808784321
0.02276213808058138
0.017673118536331606
0.007178772287508811
0.00519085097972704
0.003109875102311403
0.0009856096582396496
-0.0011945111842601992
-0.0033636665534008104
-0.005493560998060077
-0.007427859233031809
-0.009180178232579259
-0.01075922318824495
-0.01213985410053546
-0.01332407570592484
-0.014352918615343484
-0.015218532444727822
-0.01593923765399777
-0.01650528787204409
-0.01695105343170682
-0.017281638913318735
-0.017563615355653827
-0.017757256063672136
-0.01791626634678513
-0.01807586352509406
-0.018206508162009364
-0.01833476091315464
-0.018443596071495608
-0.018533528712027465
-0.0185827541300789
-0.01859586375884453
-0.018556828436324193
-0.018467015258306553
-0.018293502156004223
-0.018081751633928896
-0.017801882468880464
-0.017424353707335537
-0.0169939198649235
-0.016459918762724672
-0.016030870651674682
-0.015728167894494022
-0.014923568738547567
-0.013703926078642223
-0.012038334084412572
-0.00912121868615549
-0.007006204935950148
-0.006221844089511253
-0.005694148950277201
-0.00504585367777645
-0.003845673827668067
-0.002584295345507964
-0.001295645737997508
-6.590748888492305e-07
0.0013216224503547333
0.0026334501359835654
0.003982534953912708
0.005349738839915088
0.006713890921998526
0.008064408086533652
0.009419388169125516
0.01074465789418947
0.012047548057882327
0.013332795604979748
0.014589823344475719
0.015855663841464352
0.01707436908367933
0.01830833435380191
0.019504533174116954
0.020686776729799152
0.021832431187199287
0.022970502582724144
0.024076079388346678
0.02515030155490783
0.02620949045853823
0.027234278717204182
0.02822449947875306
0.029186161501100476
0.02885580280631759
0.02833861542916511
0.027697395418386804
0.029810801110910095
0.034417215738288896
0.036102340194722436
0.03732671922929543
0.03686041715558057
0.03562341073057487
0.035337544243328946
0.03526729383851396
0.034838017553243124
0.03395358313069936
0.032685092440264144
0.03098521264402952
0.029108058182655078
0.02769400508157156
0.02677541371985156
0.026329883900878485
0.026378036370552457
0.02670244311781076
0.026855104512532868
0.026895453783066577
0.02671163654071289
0.026357171841828817
0.025923167432160197
0.02550123143481339
0.02511358483580559
0.024779458965891323
0.024463139099606228
0.02410340696772233
0.02362868643161966
0.023009937343181807
0.022272739311245682
0.02140260150563516
0.020383743958423045
0.019335265234494085
0.01822662560628369
0.01706656096787745
0.015853719494307573
0.014476257982607356
0.01288860468058406
0.011097136767177518
0.009078798350955417
0.007568309363465995
0.03246078567915783
0.031038336549922017
0.0293695822991554
0.02732038879218015
0.025027169545583747
0.022638707084882324
0.020238664553515216
0.01796399309511414
0.015877336155528887
0.013964406990739463
0.012247357569577845
0.010670280847150663
0.009187263076940734
0.007785882865032722
0.006550146196652823
0.005413397201281646
0.004439776833586537
0.0037441753658979883
0.003302052433177882
0.003153379154114351
0.003231956987897388
0.003485869460747618
0.003861389424306914
0.004317732528270917
0.004868094938476659
0.005496990678568772
0.0062076491935728435
0.007073497227785175
0.008162563080446241
0.00956914127815002
0.011333306547079624
0.013332026594805195
0.015462063593740121
0.017638292124904937
0.019822909905068475
0.021968349732341564
0.02413806791775616
0.025662567466641185
0.026341959328594226
0.02639401386590432
0.026111522796952422
0.027149606287028675
0.027977374152711842
0.023922384049286767
0.017201372741654827
0.009588241590586572
0.003889356384386734
-0.0006614700256728302
-0.004681886236317013
-0.008448962851844858
-0.012087032850969187
-0.01563738359529437
-0.019132682203256094
-0.02260729953461197
-0.02605803112916436
-0.029482749473716156
-0.03283827677417038
-0.036054423422740386
-0.03921368966429657
-0.042288781937396894
-0.045250554749543016
-0.04812498178079799
-0.05086737027822131
-0.053455431811191
-0.05598412062197131
-0.058343332446686734
-0.06050099328306251
-0.06244822661869948
-0.06411843226849304
-0.06553499466409451
-0.06667198613088897
-0.06750500014248151
-0.06806975342886351
-0.06834407538959993
-0.06961267504183188
-0.0726864424126062
-0.07666269262649973
-0.07931906541446444
-0.07652750220022274
-0.07103348228200766
-0.06591594800491515
-0.0626231102558206
-0.06314410274411475
-0.06658620699532179
-0.06897005520935943
-0.06856646763761783
-0.06549455860668708
-0.06062828211106681
-0.05471547633123245
-0.04832716907394723
-0.04186471813196397
-0.03534285930638294
-0.028774861551151915
-0.02202924715109292
-0.015145588785259708
-0.008235139416748421
-0.0014791250841246207
0.005044160211681319
0.01124826560210652
0.017117340480673884
0.02264996971046239
0.027797736112970196
0.03250231247165862
0.036758922502366
0.0405397826104759
0.04388755761672099
0.046832085397642026
0.04937895203532822
0.051481349699452686
0.05312699421755577
0.054242119726253264
0.054901395425998506
0.05510126821450094
0.054818289131758846
0.05407782373983122
0.05294167181965637
0.051469442326928974
0.049706226599933866
0.04836985588518866
-0.041247945223146974
-0.04247360983073692
-0.04389387663040562
-0.04533133701653783
-0.046666673503769254
-0.04786205463308661
-0.048800071684782585
-0.04944003251903378
-0.049719839893873394
-0.04967024515863275
-0.04931633850314275
-0.048765248799150035
-0.0480797682727426
-0.04731864639268516
-0.046467079418145464
-0.0455538591911654
-0.044567041501843464
-0.04351753313456103
-0.04231350599191219
-0.04091930281734222
-0.03935359525554396
-0.03758303205615352
-0.035625199187601916
-0.033465526390143496
-0.03116706349012264
-0.0286640363681704
-0.02597927785331792
-0.023083647381297496
-0.019969172467014015
-0.016532101402382687
-0.01267232193641203
-0.008016686474393905
-0.0021673521382018653
0.00492255595808749
0.013225389707824931
0.02263087408077509
0.03200611946822626
0.03583931558297359
0.03601958915749158
0.03475586537774027
0.03302882599736369
0.031264494472844594
0.02966224262855134
0.02827631202003704
0.026884205054105638
0.025362309969816997
0.023639741852275103
0.021784997367000045
0.019803372161055873
0.017745204574344434
0.015621412922326553
0.013445032804524365
0.01117428191879706
0.008845282846019384
0.006443348395244865
0.003949037910758721
0.0013969631164185122
-0.0012543500444278989
-0.003920249368014055
-0.006668790029126842
-0.009487824072891123
-0.012429758273355247
-0.015467827602434418
-0.018616778628283558
-0.02183931406419662
-0.025106266503584676
-0.028365688082077213
-0.03156180361235828
-0.03466699734206984
-0.03761110104579316
-0.04032245104775073
-0.042726906752554035
-0.04476775938613384
-0.046402555169352586
-0.048352906407934854
-0.051203967041041874
-0.05488153727519372
-0.058064153761195385
-0.05790908498252351
-0.055234603920100475
-0.05177336313568692
-0.049123244810752774
-0.04924226670352241
-0.051992591258120724
-0.05483086512696006
-0.0564124687853871
-0.05649859453534131
-0.0553324374434414
-0.05316647956869506
-0.0501976295446885
-0.0466022536807515
-0.04238441911906118
-0.037539228325125344
-0.03209960853789452
-0.02614219166461626
-0.01981848418835783
-0.01336969999119723
-0.00702877992878628
-0.0009818023123139693
0.004512300357668774
0.009237761523958127
0.013165629823334062
0.016295246369545126
0.018721756856275577
0.020503523804547223
0.021763862653045085
0.02254660094359939
0.02296968897241994
0.023046859165205696
0.022701714478007867
0.02196501855613359
0.020886761983048677
0.019517384497008433
0.017886536190802483
0.01601213186870292
0.013974001308819048
0.011727085592679466
0.009315315384403331
0.007574146306522631
0.011368460090346574
0.012387397901400105
0.013305963921269124
0.014161232025250721
0.01501572995002498
0.015818666187171655
0.01659808827982386
0.017342406106974843
0.018068583679442682
0.018766151643767482
0.019484045919649938
0.020175737785231393
0.02088424189069473
0.021590325857592588
0.022273453065437914
0.022955979076378447
0.023600248263510298
0.024225811499496697
0.024828515630128063
0.025439760773348117
0.026009200352759967
0.026547717271140546
0.027102187042079104
0.02763927518164931
0.028146420358811715
0.028662364977688967
0.029172771829989553
0.02965285829699068
0.030127988089595617
0.03064348067466263
0.031139113418232146
0.0316926481999978
0.03226835083181402
0.03291807229554357
0.03361135391306155
0.03433357388379873
0.03510163190271501
0.03588799289068896
0.036594307869850955
0.03720299444341032
0.03763659025804516
0.03792163761915494
0.03804934946699642
0.03806508507667376
0.03781284625168555
0.037219137083423205
0.03625147958243262
0.03503126713801849
0.03369335722525143
0.03224187878266675
0.03081010674852379
0.029311099056700363
0.027803438772761507
0.026257461102255734
0.02469643275074098
0.02308790793722768
0.021472526809234598
0.019803295509954424
0.018098980278727753
0.01636392281234057
0.014592824284413308
0.012803607655566257
0.010990867844729078
0.009169191700172986
0.007346034633727652
0.005528020017973924
0.0037064856055683115
0.0018744044804468864
5.6807903522460835e-05
-0.0017756703150597056
-0.003604874488920503
-0.005414231518346189
-0.0071723181588552115
-0.008878732746851538
-0.010516258465347214
-0.01215087990187437
-0.013802673581017359
-0.015588562999113402
-0.017439548719528204
-0.01915568323548283
-0.02055663719585298
-0.021669506363661703
-0.02259196488552448
-0.023448376873256953
-0.024334116403031483
-0.025220198578527288
-0.02605015148967144
-0.02670964835118054
-0.027204435281284967
-0.027561957453033165
-0.0277438987545321
-0.027796005881766388
-0.027671393315023426
-0.02737228271689144
-0.026883918277185215
-0.026189257781436524
-0.02524600837778997
-0.024091090261706517
-0.022729364521063777
-0.021119874368862333
-0.01935025236155763
-0.01744269476065419
-0.015422036330039747
-0.013294283061108301
-0.011170170713263587
-0.00899771386072118
-0.006845155884949543
-0.004716015458377142
-0.0026150786319373335
-0.0005408278296898257
0.0014805243379714182
0.003430107085864188
0.005354609028958392
0.007174411974948609
0.008947602081879075
0.010614100847443466
0.012200883093640407
0.013669051551706451
0.014624512719107596
0.006505518532216671
0.0068423969879184456
0.007148640364595962
0.007434115087967896
0.007736650702681972
0.008030748967168102
0.008322531914325287
0.008605612285733198
0.008911840582277505
0.009195375305532206
0.009467288075927305
0.009759263357220261
0.01006136289070225
0.01037654230402894
0.010695981331098935
0.011023528475533473
0.011374664064633043
0.01172675322546885
0.01209226642622735
0.012436781755552281
0.012786669848220081
0.013126023156575234
0.013458029681940016
0.013811036626527665
0.01413950542643419
0.014474296689957634
0.014812756867286078
0.015238826011199505
0.015735490903266484
0.0163035780095697
0.01697098463790011
0.017747189255593668
0.018595678548403622
0.019490313949922955
0.02045279528781858
0.02146369341055548
0.02242198182740476
0.023029332253197074
0.023436014583797505
0.023798685470940297
0.024058721039727327
0.024283864079971122
0.024470951234021158
0.024621704972828132
0.02468502466794866
0.024673349477766747
0.02459771632736179
0.02450121936872023
0.02436425581124994
0.024195861342637116
0.023976830343321015
0.023746975743250544
0.02345339109235426
0.023151546572746734
0.022800358552280176
0.022404012016888637
0.02198764533948413
0.021530144034171354
0.02106236262375176
0.02053103901293762
0.01998445858543559
0.019412685587471973
0.018824177114951064
0.018188738134784728
0.017554181366419685
0.016894820668452246
0.016202104366005814
0.015510114148945625
0.014795554384223463
0.014077004436671967
0.013361716600261454
0.01262606036753941
0.011923004475656413
0.011205186981228998
0.010493218679180585
0.009687262846429814
0.008738270621208624
0.007789808473990917
0.0070065504997154585
0.006412667185324125
0.005949027451607439
0.0054679341594344585
0.0048609791438852905
0.003971157465448771
0.0029566737785185104
0.0018402744021094473
0.0008034453899862646
-0.00013537819980533855
-0.0009552809113417643
-0.0016697111450267965
-0.002243122184275379
-0.002696892957089932
-0.0030334181236774433
-0.0032340628997511085
-0.003335928171227146
-0.003310166406526457
-0.0031669313002365444
-0.002937451954372137
-0.0025942936402609867
-0.0021941388079033623
-0.0017169026075509236
-0.0012052317522487585
-0.0006493984787795353
-6.606723727803276e-05
0.0005167099569540183
0.001123993305632949
0.0016759326836230319
0.0022355921189034273
0.0027831791201052393
0.0032949380351685233
0.003823526281220317
0.004346642401578692
0.004866813037855615
0.005403123889918066
0.005940481440460097
0.006478212762779783
0.007011273929330384
0.007554525600362115
0.007928924004765364
-0.04657278323005347
-0.046340677208970595
-0.046064878575535685
-0.0457152988639598
-0.04529350335607149
-0.044830871528615125
-0.04431557994942674
-0.0438290538985355
-0.043344431615916626
-0.0428060504047865
-0.042195860909350125
-0.04154732155730514
-0.04081320994408206
-0.040013898330778466
-0.039149765772590425
-0.03820775156410063
-0.037230003945030746
-0.0361969264767169
-0.0351042723954468
-0.03397345231658697
-0.032782261268222625
-0.031564236949155736
-0.030291137062437228
-0.028990753701588004
-0.02764085446520977
-0.02628158542312404
-0.024880420583442343
-0.02346287120517567
-0.022035376281887915
-0.020597159021456504
-0.019154983313129575
-0.017732687125120473
-0.016309596901285927
-0.014904170622822647
-0.013514202502074128
-0.012145234200101699
-0.010861032210126197
-0.009761500798260651
-0.008733323726738457
-0.007823832407371051
-0.007018557586184766
-0.006284244879728713
-0.005626041589585722
-0.005028014969129833
-0.004554284130633935
-0.0041342382584316955
-0.0038228856999342176
-0.003562081274966901
-0.0032767304340670517
-0.002876692719897133
-0.0023955584043622697
-0.0018084545174521297
-0.0011566030968872814
-0.00043317567372154594
0.00035613423141806134
0.0011794044107527202
0.0020771071132381935
0.002962301013658086
0.0038988403790747627
0.004881969707529271
0.005882294996943904
0.00689509943274059
0.007943966475257221
0.00899877879769179
0.01008563092993837
0.011167856488139588
0.012284194416691324
0.013405560668787344
0.014555820123715136
0.01559138979529422
0.01650102747551673
0.017248406529682264
0.017867270232025074
0.018383629926639326
0.01876764719816802
0.019096366422680828
0.01931756733041512
0.019538744119762797
0.019790965841491627
0.020126558725184398
0.020529279354758515
0.020960625544173796
0.021364385423955412
0.021716373598142633
0.022085120951915997
0.022449282839693635
0.02282807095196353
0.023195525804162686
0.023573198565913937
0.023936551847096386
0.024290104020402863
0.02461566608317773
0.02491935633953587
0.025220271239381756
0.02548854049896094
0.02572848120746215
0.02587175929249974
0.025990697283558125
0.025991163963307435
0.025818293874771282
0.02544214911433189
0.024851396028924784
0.024095400430217923
0.023167858147599907
0.02211537430873616
0.020895051169503485
0.019608523672521264
0.018317849388215787
0.016983818323649022
0.015584275577631717
0.014164551554364215
0.012721254639945721
0.011255493701289072
0.009778480455157817
0.008296655909558305
0.006814812403547259
0.005359492818993892
0.003911143898498253
0.002968835625692938
-0.03359633983594221
-0.03350657131182369
-0.03335763489700118
-0.033128959731181816
-0.03282140137368114
-0.0324323875589978
-0.03197381219855977
-0.03163919178582472
-0.03133180403705067
-0.030986379727752453
-0.03060949932519059
-0.03016497654232106
-0.029674080696430474
-0.02913825395287916
-0.028525690046602607
-0.027846030350915152
-0.027086788972042215
-0.0262787558854391
-0.025416824736102142
-0.02447999032472714
-0.023498708972781588
-0.022439206050230743
-0.021316885310559912
-0.02012874473341753
-0.018872462703133412
-0.01755664487179944
-0.016154727703693035
-0.014710804274108808
-0.013209969460968307
-0.011649351897866053
-0.0100436742897824
-0.008390336208775086
-0.006691264796728096
-0.0049543538807723395
-0.003216081270485716
-0.0014447471623626278
0.00028142562483224895
0.0017456778982206226
0.003127839166804309
0.004421390569393814
0.00560989194161777
0.006761591781436597
0.007885917480209925
0.008952724039345298
0.009946920594896108
0.010874169667122837
0.011727552716712207
0.012526585708874242
0.013296169280411241
0.014046327440729587
0.014794604704466745
0.015565405977876172
0.016311389275622805
0.017039339995265287
0.017737916872819157
0.018424173815168157
0.019072548337926522
0.01970816283360379
0.020306024819216922
0.02087821157038205
0.021419301860507032
0.021914000903885608
0.02240568844164567
0.0228542715672106
0.0233114000781568
0.023731608749424704
0.024142553227809893
0.024519915251645152
0.024897241096826644
0.025243449852973516
0.025511956563472504
0.025761843479725325
0.025927168287639166
0.026084109740276393
0.026168627939942842
0.02623325220440338
0.026257209868172086
0.02623908497846195
0.026216330547779155
0.026208842886638727
0.026175658403507017
0.02607633764952548
0.025834705989873065
0.025361139136848725
0.02477516627066672
0.02410362753074961
0.023354685961916807
0.022577352224497083
0.021753086465675288
0.02091741301444821
0.02004113757475992
0.0191504032307825
0.018222623166341868
0.017257052220695727
0.016250975361912747
0.015186471048725612
0.014063266282098415
0.012867633825709063
0.011603279194038021
0.010234408488861313
0.008795877778074423
0.0072455600975824515
0.005649360381936441
0.0039780398473652214
0.0022281296183058567
0.0004228395355826994
-0.0014143971456728956
-0.0031239270585647918
-0.0048137844042839256
-0.0064598177827740605
-0.008114352537794
-0.009769432154085083
-0.011406312127150202
-0.013067433150055522
-0.014743685956720815
-0.01641678358429672
-0.018107173330745973
-0.019767163463804468
-0.020879350729993404
0.008420923538907284
0.007010454014633489
0.005518365514601978
0.0039412112727728234
0.002306808856699914
0.0005966921136238313
-0.0011371604235310233
-0.0029137593736099985
-0.004744386740032306
-0.006553357449956449
-0.008385322664774689
-0.010205315580652116
-0.01198823571138972
-0.013756631295795083
-0.015480457152914165
-0.017176271149835456
-0.018807321226558198
-0.02036537968467322
-0.02183148664985568
-0.02322982435052725
-0.02454752831786272
-0.02576897211808185
-0.026858674355988155
-0.027863625782739508
-0.028744825815675435
-0.02948334934707036
-0.030101460426493577
-0.030614017668144786
-0.030969761426641103
-0.03117389143273274
-0.03125192613802019
-0.031198108955593853
-0.03098382777308961
-0.030639342024748044
-0.03015807777736516
-0.02954186392158016
-0.028807754490952762
-0.027991055361924404
-0.027159507378515066
-0.026291900600548545
-0.025391530085418706
-0.024455739857226457
-0.023456974249082146
-0.02244587175337429
-0.021397417362053545
-0.02034659682793834
-0.019332994824132112
-0.018324669531223886
-0.017298967827350704
-0.016289979808512493
-0.015271431703358918
-0.014259292632725618
-0.013239337554209736
-0.012218151317747727
-0.01119481321008676
-0.010176005514318156
-0.009182236067225484
-0.008164254752058252
-0.007146617139594683
-0.006158483256689207
-0.005162229283650748
-0.004221554813006731
-0.00326402470825196
-0.002333248808085993
-0.0014090584971079266
-0.0005020496929340457
0.0003837228050207705
0.0012711278396349047
0.002160118700027352
0.003020804783923867
0.0038912613030863408
0.0047743074344660345
0.0056299239172250895
0.006500652462820312
0.007369691795713165
0.008256135384483656
0.00911211141591619
0.0099754902403768
0.010843788053172926
0.011687819798598533
0.012533702790050059
0.0134122944848806
0.014307331690165952
0.015173811130348082
0.016071844060074385
0.01694306795650161
0.01778448455365903
0.018630460999574435
0.019479522674232277
0.02029827711637542
0.021103021211682733
0.02191035963499615
0.02270635870064151
0.02348902660952974
0.024220532631256037
0.024960066758608974
0.025666901395190133
0.026332063909924302
0.026963612782296156
0.027560459128675732
0.028065663396789235
0.028524012975646055
0.0288892225788443
0.029164523585523808
0.029345463468278644
0.02938994946076374
0.02932144761472497
0.029122978386423214
0.028797125892380985
0.028371906083249222
0.027782302905067266
0.02705485454574559
0.02622370535763557
0.025238913351366386
0.024139788014660872
0.022883712074379864
0.02150891834661925
0.02003549938106323
0.018933179973221567
-0.018701396528726932
-0.019489409073724207
-0.02026903346458507
-0.020985967384719098
-0.021672309650080927
-0.022296067069634096
-0.02283436377375129
-0.02331907408933486
-0.023730628505551438
-0.02404947859502904
-0.024288498171045173
-0.024423498254262942
-0.024471331704564076
-0.02442711602119047
-0.024252322073565688
-0.023995059336797894
-0.023633254335460107
-0.023156425202358364
-0.022590916474528093
-0.021912733452479325
-0.02115534310529954
-0.02029115249745112
-0.019369771627741627
-0.01833843218771361
-0.01724653370521894
-0.016096297049026993
-0.014894365430188712
-0.01361583345818811
-0.012297532027670859
-0.010910648604524573
-0.009499358804856426
-0.00803251778537651
-0.006555468989783981
-0.005052874132695149
-0.003521268495547097
-0.0019955530180579967
-0.0004928753923856991
0.0009326332926101657
0.002181507713797338
0.003323527769350759
0.004376813137501022
0.005348416688974287
0.006257340635658416
0.007136146132276124
0.007930906937775161
0.008602574418886738
0.009219048016835533
0.009724820621217947
0.010185547344406213
0.010572097040470014
0.0108991933060858
0.01115074142929133
0.01135290705399126
0.011538298147489329
0.011654957373288997
0.011717605382082477
0.011750209175702743
0.011748195367079333
0.011737327040408165
0.011684650145855286
0.011594768739813441
0.011510761260398567
0.011384166878683452
0.011258707140062106
0.011112873330430371
0.010933066361201681
0.010765130968506639
0.010610529217981097
0.010440845810740252
0.010263473573341257
0.010087595532583184
0.009938878575090578
0.009778450471988167
0.009632716680237649
0.009490526025427291
0.009352168517190753
0.00920230677631411
0.009081966633351039
0.008949697570981158
0.008843560189822519
0.008700045766063029
0.008571603620930297
0.008445610591368977
0.008313946352235887
0.008197702330770086
0.008054472588952222
0.007895372102818267
0.007743453792343864
0.007571382126134829
0.007388919381711614
0.0072114125120889385
0.007024641686756767
0.006833340872365962
0.0066563986263580635
0.006449134074385559
0.006249889166009955
0.00601280154727477
0.005751575526906339
0.005463621223980908
0.005083844387002211
0.0046598787017753576
0.004186363765467596
0.0036208947413990953
0.0029996346156700065
0.00229147919662583
0.0015253998765266859
0.0007085952619615195
-0.00017026114905797964
-0.0010936843201632288
-0.0020599656948805767
-0.003046544225338856
-0.004060374776153331
-0.005070288631881101
-0.006089436791784829
-0.00714348564553879
-0.008142431439048574
-0.009197910418909395
-0.010208043060726337
-0.010908187178704449
0.012284844869812971
0.012028279403864469
0.01172308461205366
0.01133725715875038
0.010885780577152665
0.010394676050589415
0.009824819687125941
0.009192205934718927
0.0085240541126436
0.007799880049958261
0.007041053506665038
0.00624945053477883
0.005427506916984894
0.0046057419523751215
0.003773349136666897
0.00294463553622798
0.0021425366034647183
0.001350333184518933
0.0005838216411015157
-0.00013019806371364294
-0.0008045450025214817
-0.0014271112752162246
-0.0019984018803226615
-0.0024936396478670614
-0.0029164196085039672
-0.0033061182728961764
-0.003592342358183505
-0.003800460866225233
-0.00394783548058134
-0.004008740035869639
-0.003998387776986167
-0.0039040441426862926
-0.0037580151227684195
-0.0035352691218927825
-0.0032510994709812648
-0.0029124161147360767
-0.002549065549462746
-0.0021919443265367403
-0.0019182927750361128
-0.0017052615325237332
-0.0015198984845984863
-0.0013523682252860833
-0.001157174158937483
-0.0009422099487811222
-0.0007729967819854195
-0.0006286930320862249
-0.0005513737054797306
-0.000527714772267163
-0.0005465723877216394
-0.000593950866402719
-0.0006452552590394291
-0.0007284444340181365
-0.0008270647844307811
-0.0009167529741800117
-0.001021931144111469
-0.0011360380615479324
-0.0012327240522207125
-0.0013397704081197163
-0.001455819251440575
-0.0015612857142177513
-0.0016556952838745601
-0.001751315546266782
-0.0018291117696538832
-0.0019009775825229347
-0.0019608530924883944
-0.002022882250418073
-0.0020294526380436103
-0.002057555481471262
-0.002026496855031203
-0.001992041915878908
-0.0019102242512326016
-0.0018204036021865061
-0.0016883719994201306
-0.0015352426828103985
-0.0013293256161856543
-0.0011320623786372581
-0.0008769395549446711
-0.0006094155518915066
-0.00032450139108750384
-3.889229382120756e-05
0.0002843613616826634
0.000610998995522979
0.0009998779144194275
0.0013892154149396517
0.0017897185727565733
0.0022239695878919358
0.002653445527682797
0.0031172997017212115
0.003592438844148594
0.00411120245527773
0.004631627225153535
0.005153547518135955
0.0057265188175940375
0.006302375865649315
0.006920655530636109
0.007520012066895584
0.008156102875591157
0.0087722940464562
0.009384126023366862
0.010003884133111355
0.010591412632997498
0.011152713464320384
0.011715465103050115
0.012237993494091664
0.012702645614433532
0.013139487869254852
0.013503378145279292
0.013857115534000703
0.014123658284164741
0.014352561208385987
0.014514126614605148
0.014618874427779907
0.014674443861216526
0.01466708324091764
0.014603894770204708
0.014471574509281387
0.014269636208760381
0.014013901528561513
0.013788653643440644
-0.013059220619858647
-0.013072702853734217
-0.013084415669097443
-0.013095733104213874
-0.013122825398912994
-0.01313570695886411
-0.013145370089107829
-0.01312320477750925
-0.01311556468683994
-0.01306417628324986
-0.012991291563204277
-0.012865312188668274
-0.012726361764015258
-0.012509883386073242
-0.012248329248962141
-0.01193565909640631
-0.01157690426856597
-0.011148558796185282
-0.010657553055895386
-0.010112302717157677
-0.009513082798579077
-0.008841365974278623
-0.008135919630297028
-0.007354256835311301
-0.006547888423644079
-0.005667167301654294
-0.0047667111523500005
-0.0038056291748224647
-0.0028336825874717424
-0.001833443173341578
-0.0007638348492903402
0.00030768845194547207
0.0013902011143936955
0.0024762698271842635
0.0035965115777984473
0.004679337408651369
0.0057747120477891515
0.006783319286172044
0.007695118453545287
0.00850211477946612
0.009202401237016647
0.009840710428084735
0.010412486991247664
0.010929637982743984
0.011375501831347409
0.011741816828213738
0.012030368180092309
0.012252108203102281
0.012374185774643397
0.012433743886215239
0.012439443754225071
0.012367204233541687
0.01226032619746745
0.012101912492538586
0.01187244959910343
0.011631466641184137
0.01130768175426275
0.010956595319348958
0.010579439365162015
0.010141902896366413
0.009693222666868305
0.009206298100734546
0.008708249790798567
0.008163846570706915
0.007618603551054816
0.007064220165344021
0.006481603305558226
0.005934283926232823
0.0053400030327516975
0.004770850954739354
0.0041794004524056795
0.0036110066192873605
0.0030529432075339998
0.0025153406453585435
0.001984782388549027
0.0014424235783473613
0.0009305319253593823
0.00043013294634062886
-5.602343055958197e-05
-0.0005229758273461601
-0.00099891394277685
-0.0014532431328544394
-0.001880520834387578
-0.002296768164716362
-0.0027262105363367616
-0.003132242208934361
-0.00351997296702997
-0.0038976204441428727
-0.004249392168464828
-0.004606135560452459
-0.004911922647696025
-0.005208908881666447
-0.005476112422296396
-0.005723166826213087
-0.0059314848259975714
-0.006155109404426921
-0.006329993454514794
-0.0065186521411374106
-0.00669430186958236
-0.006851786528854319
-0.007030419353508535
-0.007176031979914357
-0.007331240555599851
-0.007483294529658181
-0.007637586950674933
-0.0077669683030354725
-0.007912840125925719
-0.008041577591365166
-0.00816402567411553
-0.008260596536607977
-0.00838075184355675
-0.008459929313538155
-0.00855599690200893
-0.008619443782303872
-0.008711917046744124
-0.008790248776288171
-0.008898671436825918
-0.008993919923627861
-0.009088521650689395
-0.0040221086004976385
-0.006657478446066231
-0.009318779326950277
-0.01189979261522012
-0.014361407798106313
-0.016708036342073206
-0.018844585480921074
-0.020749008085528913
-0.022403322347467544
-0.02384416074734518
-0.02505070754583957
-0.026158100741059526
-0.027231603745607364
-0.028250612163393644
-0.02919123079897143
-0.02998205637334902
-0.030638419953791553
-0.03111436650053655
-0.0313906996881626
-0.031486471867269175
-0.03135628791242853
-0.031021365507650365
-0.030454983401130044
-0.02963120423988649
-0.02856997727943832
-0.02726469019171161
-0.025867379004009806
-0.02433625989589561
-0.022704643236065684
-0.02090416923412094
-0.018842696731011233
-0.016522364914201056
-0.013919241747578666
-0.011060788129031836
-0.00801120540434019
-0.004772034504157016
-0.001372686886975545
0.001817690284931691
0.004531168152447186
0.006680823765529173
0.008314456121698201
0.009557158762042111
0.010555762278329458
0.011435444323633241
0.012180637866759901
0.0127055628780205
0.013018514347726018
0.013144100869107566
0.013051760918207412
0.012814433121833052
0.012530109800953702
0.01216047669290078
0.0117624846145932
0.011301221963168311
0.010793003553029899
0.010188625178325948
0.009538204515551606
0.008797229607293566
0.008040297627577042
0.007210941189521339
0.006306930515542998
0.005319945252021305
0.004279602691721163
0.0031942773567939565
0.0020779547336443804
0.0009530206176920172
-0.0001580600830770834
-0.0012799886985928744
-0.002389136033529683
-0.0035009697973157963
-0.004590398266282315
-0.005670403721266684
-0.006731497862966998
-0.007752912158442296
-0.00878350871625279
-0.009802138938214123
-0.01086470770402662
-0.012082949251380613
-0.013393101309140848
-0.014640964726493766
-0.015615696455475524
-0.01642182784827427
-0.017185890543911043
-0.017294107457775165
-0.015169959979304466
-0.01094466610898187
-0.006087433578587412
-0.001547778216076326
0.0024008522030977597
0.005824061597022142
0.00859882762941388
0.01073775037849231
0.012583444314605924
0.014366437725136167
0.016238070254788947
0.018355615998369212
0.020793425926874106
0.02336360242801652
0.02592249462181244
0.028277464833322698
0.030275307296096638
0.031970098910956146
0.03338944212529466
0.03449013178765666
0.03530481385680061
0.03591084446114588
0.0362874911249815
0.036453756426083755
0.03641385722704388
0.03613221011594628
0.035589845312446966
0.03479162014149951
0.03377566376482544
0.032538905287448544
0.031056828724753478
0.029341627133175587
0.0274070029390221
0.025331587031415803
0.02386278718657924
