291.61930030487525
291.73028641808054
291.83322565159267
291.93013404551874
292.0213032636116
292.106223516195
292.1797129968016
292.2451424865192
292.30337680184135
292.3546984363687
292.39875165526877
292.4330962407149
292.459645850894
292.47874245003214
292.4905106033721
292.49454018332153
292.48948198637703
292.47658213361524
292.4559745112267
292.42773130106974
292.3918359337868
292.3480482335317
292.2969719823369
292.23882869536624
292.1736579708577
292.10261742902645
292.02694541781267
291.94572058847695
291.8590449736392
291.7669965397464
291.6765304782554
291.59153555534317
291.50639528967815
291.420819039643
291.3348085477503
291.25117423281114
291.17037759526096
291.09040926214806
291.0117780378624
290.93415342300756
290.8385298312429
290.75135686625134
290.65582851917543
290.57116631001105
290.4885001985664
290.40391257860506
290.3236930108923
290.24497555468025
290.1676589948501
290.09182179847585
290.01812672470476
289.94606188365464
289.87551905425477
289.80641942268085
289.7387857578263
289.6724498033916
289.60747790787275
289.54390174652247
289.4816688282201
289.4207960537653
289.36158165592184
289.3037902784358
289.24735147558675
289.1922306408218
289.13838170973986
289.08553350615034
289.03382983657286
288.9832531337726
288.9337732817878
288.8853656788114
288.83784717507297
288.79118087215807
288.7452875798455
288.7031751066652
288.6666308688938
288.625919924356
288.58595553670295
288.59623285991336
288.611094777417
288.71636307447653
288.7316153305441
288.7501134152939
288.80750076371595
288.84528433271885
288.86498145836373
288.8662265651235
288.8640279658213
288.8592843411191
288.8521621929148
288.86342451863277
288.89497180996926
288.9301249114216
288.9676745886784
289.00730273052665
289.05252895301834
289.104455333197
289.16168257994104
289.224282162917
289.292405138745
289.3626271660878
289.43756191571526
289.5187857977247
289.6063556638479
289.70021004275816
289.802872349409
289.91240147740666
290.0279701157723
290.14944127077973
290.27674630391414
290.41024132974326
290.54643090212903
290.68527430718655
290.8267840018705
290.9703566168607
291.1083879641405
291.2441045514831
291.3780938644796
291.5104818490786
291.599582240777
292.0798133113027
292.188818353423
292.2885635765911
292.38030855127175
292.46511073411176
292.5435726289517
292.61521212929847
292.67892940588445
292.73506388123434
292.78404602257814
292.8261355232385
292.86097875255473
292.88855319078993
292.90904860120787
292.9226542015569
292.92946124006295
292.9291190062488
292.9215136908074
292.9067416864242
292.88492352742276
292.8561568839681
292.8208658244059
292.77928166926057
292.7313829538216
292.6771066373118
292.61662815715766
292.5514056950259
292.4818818775667
292.40781915001537
292.3289889980118
292.2463517401336
292.16503391779185
292.08572956436916
292.0079860678417
291.93131732748657
291.85602026803025
291.783248484678
291.7120960627665
291.64210710889904
291.57351535258096
291.5037922653995
291.4261033616389
291.3453126064154
291.2612291177677
291.1795125874498
291.0996550290515
291.02002997468253
290.94315650772
290.8687443934448
290.796522962936
290.7263310295939
290.6579777309051
290.5913396470688
290.5263370814793
290.46291953625695
290.40115545754264
290.3410563981087
290.28248386680247
290.2253536879697
290.1695718762109
290.1149985169766
290.061652027251
290.0096140780093
289.95884994988904
289.90928387598296
289.86095221809006
289.8136915599989
289.7674407486814
289.7221970138539
289.67782920631146
289.6340545305278
289.59070458449577
289.54778352769205
289.5053578794744
289.46855720780655
289.43473800954223
289.399173025339
289.37815715901644
289.3791856888165
289.42734211154846
289.48413075618873
289.53373346403606
289.58765094052035
289.6581293199293
289.7228819812463
289.77293802265643
289.8108999710673
289.8400903770217
289.86238895267394
289.87791126957154
289.88365525498307
289.88267883269845
289.878182263203
289.8718359187379
289.86818126733243
289.87754971565926
289.8999307553158
289.9331460130027
289.97564150538483
290.0262934788056
290.0850708180935
290.1522092812043
290.2273820606688
290.31012669379805
290.400755221869
290.4999649508137
290.6068240436549
290.7204939224993
290.840349671844
290.9654799610956
291.093747477815
291.2242452588027
291.35646214585444
291.4902323932288
291.62076292539126
291.74572078962365
291.8665443242063
291.9840130801234
292.0622344165342
298.3450917370753
298.390327789605
298.434660999442
298.4779276155885
298.5201370170586
298.56122162453903
298.600959780355
298.6391576761545
298.6757771353548
298.7107644935305
298.7440797929624
298.77565662187754
298.8054546786695
298.83344238398047
298.85955930505605
298.8837743055881
298.9058235671514
298.92561622193
298.94303769315144
298.9581149281278
298.9707710491721
298.9809190116269
298.98846661551886
298.99339720966725
298.9957008193374
298.9953354857346
298.99239265783154
298.9868909282682
298.9788224450571
298.96822726847495
298.95527673967683
298.940930062437
298.9253725432602
298.90870077084566
298.89098520287433
298.8723010457029
298.85314288833985
298.8329987275795
298.8115745719044
298.7891658105659
298.76568159476494
298.7398229378059
298.71191583387406
298.68185833561296
298.6509165440167
298.61904476978975
298.5858869661432
298.55217523646684
298.51801489685465
298.4834728058834
298.44864183439125
298.41366337951126
298.378603482877
298.3434803844414
298.30834517964905
298.2731775952003
298.23802233966836
298.20289778230494
298.1678071316555
298.13279320796903
298.0978505855975
298.062962041023
298.0281835939954
297.9934720697126
297.95886692408027
297.9244189174429
297.890163746029
297.8561150290426
297.82227708929
297.78864429241725
297.75520250255244
297.72197104815757
297.6889225554257
297.6560793278751
297.62478988476124
297.5938725686682
297.5632286220914
297.5357268187236
297.5112442539547
297.49346092214535
297.47790293734795
297.4650214697682
297.45396844703833
297.4446696583184
297.4357556185173
297.42827921839785
297.4225237234563
297.4185595592308
297.41635358737557
297.4159172941642
297.4175925671952
297.42151535307545
297.4277312576478
297.43631211052895
297.44746008938455
297.46172980537733
297.47915823346096
297.4997623589418
297.5235275534187
297.5502665166743
297.5795420569947
297.6112997199476
297.64552769408186
297.6822538139029
297.72106254514233
297.76136886012154
297.8030968371359
297.84623798563075
297.8907575791175
297.93626270153845
297.98223558453657
298.0286215729627
298.07534010073306
298.12236164907273
298.1694151665171
298.21619698199896
298.26266548375287
298.30875148187334
298.3398384050169
288.72397139444377
288.7739091679642
288.8217294838342
288.86713951508324
288.91028367520573
288.95131670975616
288.98996269496644
289.0255020337557
289.05788505386937
289.0872166928614
289.11360637831183
289.13670186564894
289.1558763774595
289.1711424425499
289.18251044813354
289.1902439821659
289.19392049841633
289.1931053402059
289.1878695403149
289.1783388197293
289.1645970914999
289.14663359694794
289.1242066679361
289.0974194320175
289.06652860701826
289.0317174858697
288.99330444264757
288.95158920443663
288.90692129683487
288.8594694413464
288.8096682496351
288.76002118558796
288.71311440927013
288.67014406387
288.6317039533023
288.5979874427508
288.569848203284
288.5479865850793
288.532552756558
288.52349502419594
288.5203397170755
288.51998136154947
288.5193126567404
288.5147157299084
288.5089576033386
288.5030470703411
288.4951557667655
288.4865485942219
288.47804833829696
288.4700264957768
288.46255341218836
288.45539442743143
288.44842490090673
288.4415924917723
288.4349589733114
288.4284006622367
288.42174283974873
288.4148072181184
288.40758240568874
288.3999717568057
288.3919198864692
288.3829623999512
288.3729756238961
288.36197334851437
288.35002549643804
288.3370222826957
288.3226525928921
288.3068676631659
288.2897736712804
288.27144259366605
288.2517389647677
288.23057275538923
288.2078890326661
288.1837428524855
288.15951320187946
288.1360316229866
288.1122122029705
288.08858890852514
288.0683561999135
288.0535354750661
288.0435633936229
288.0356893006572
288.02822880228894
288.02203924203945
288.01494602574684
288.0047570344621
287.9901526992727
287.9703810453266
287.94524199074823
287.9153280589634
287.8850021595868
287.8580304790916
287.83609394674977
287.81977259970756
287.8092807875822
287.8048667651795
287.8066630604489
287.81457089671784
287.82840322558695
287.8477389728231
287.8719940309488
287.90068672837253
287.933525776409
287.97029821347775
288.0105231008258
288.0532686413849
288.0980538789393
288.14478470536767
288.1934331584202
288.24378040190123
288.2950684511421
288.3470236341473
288.3996000047545
288.4529124214971
288.50646807336244
288.5592880014959
288.61119965499216
288.6622013718391
288.6964408647941
289.2847199085494
289.3247834557464
289.36288090627284
289.39883676298996
289.4327052729827
289.46466907729604
289.4946393077057
289.52209632466054
289.54692446005174
289.5692226624845
289.5890479601442
289.6063072022776
289.6205118694451
289.6315829683877
289.6396213309796
289.64468609112265
289.64667488215224
289.64519804030664
289.64015909875326
289.63163569368203
289.6197723033561
289.6045412109013
289.58589533020915
289.5639178095292
289.5387674921668
289.51063273676584
289.4797680188073
289.4463683579872
289.41063673538304
289.3728102189902
289.3330337465661
289.2925596843787
289.25305241141666
289.2155002323769
289.1805606597132
289.14847808012325
289.11953578260847
289.093002786059
289.0668797630969
289.041274782001
289.01679392190476
288.9938156115528
288.9724414228141
288.95248752280776
288.9337670486599
288.9161202351483
288.8994519923859
288.8837022016415
288.8688292429613
288.85482074405905
288.8416741902147
288.8293408600573
288.8178209735141
288.80707227413524
288.7971146010048
288.7879164571719
288.7794860811279
288.7717097677196
288.76450935681
288.7578370301365
288.7516191899967
288.7457773184703
288.74006614290533
288.7343685938283
288.7285246794107
288.7224450022274
288.7161569664163
288.7094755923173
288.702366641275
288.6948314981794
288.6867651380239
288.67804308107094
288.6685757038718
288.658386277262
288.6482185017412
288.6386804016249
288.6294690969878
288.62089807912065
288.61494410375724
288.6132699811448
288.61569908581725
288.62047898758885
288.6259887880586
288.63219045168853
288.6375477188984
288.6400272758439
288.63772273305847
288.6296775854933
288.615685794533
288.59627900509753
288.57459831489103
288.55359908871
288.53483153079395
288.51912349409525
288.50691647205866
288.49875376616404
288.4951907391994
288.4964912166368
288.50278200908474
288.513863043403
288.5294472847624
288.5491391423822
288.57268363070256
288.59984332479553
288.6303198637489
288.6633424741397
288.69839953026326
288.7351419358517
288.77346728251274
288.8130795605678
288.8534632569417
288.8942938418192
288.9354961672388
288.97716577156024
289.0191790074461
289.06091024037704
289.1021004535374
289.14275265547417
289.1701482942124
288.8004934733225
288.82424303789537
288.84881096614316
288.87404783267647
288.8997496944103
288.9257623838829
288.95196117104877
288.978146941969
289.00422407852705
289.02999473830647
289.0553223572359
289.0801003361176
289.1042001602003
289.1274676948693
289.1497698543916
289.1709446840968
289.1909417485448
289.20960357806473
289.22681334181084
289.24243459882587
289.25639779296296
289.2685727782233
289.27891455019073
289.2873491922837
289.29379577924647
289.2982292510308
289.3006219819917
289.30098068610243
289.29934664537984
289.29580733422523
289.29051534157543
289.28351091156827
289.2750787048938
289.2653870308331
289.25473838499016
289.2433892863088
289.2315792748919
289.21953359872595
289.207520117916
289.19572895970356
289.18436807542275
289.17362751179013
289.16364048202837
289.15438542945157
289.1457602523027
289.137573745481
289.12975634888136
289.1221200926706
289.11454106825863
289.1069766593654
289.0994205816985
289.09191307435543
289.08448101182995
289.0771608958735
289.0700181446703
289.06302111046017
289.05620488489757
289.04950949608457
289.04294465650077
289.0364771453963
289.03006801403427
289.02371764507353
289.0173738934897
289.01100327248014
289.004542118666
288.9979832236992
288.9912904380403
288.984385354751
288.9772435033883
288.96977680056835
288.9620176996139
288.9538594064554
288.94526553971735
288.93621845005697
288.92669769315285
288.91667890398395
288.9062739344813
288.895450586209
288.8843162728308
288.873092123256
288.8620282714348
288.8514530764495
288.8415594533683
288.83234678165576
288.8238316593993
288.8159516588854
288.80842954197647
288.8009512746068
288.79314961865936
288.7846773897724
288.7753142130315
288.7649396671387
288.75361199455085
288.7416415056909
288.7291454621147
288.71647514406897
288.70388027596675
288.6917245225102
288.6803376404819
288.67000643925087
288.6609706050037
288.65346215185383
288.6476611280697
288.64368740187444
288.64168687579996
288.64170963258425
288.6438315001475
288.64801886376677
288.65422017251495
288.66246030403653
288.67263034548535
288.68468421938604
288.69851726982245
288.71402039692816
288.7310964566779
288.7496795472233
288.76958416096795
288.7907156153871
288.80571856145235
289.00181564479635
289.00531684914
289.0090305072747
289.0129703831109
289.017036803094
289.0212507926819
289.0255890090536
289.02996284646514
289.0344147117744
289.0389042166035
289.0433134011517
289.04775412729003
289.05209068253055
289.0563623069706
289.0604867989809
289.0645207016845
289.06838042400625
289.0720210254789
289.0754356236305
289.07857732960247
289.0814680919663
289.0840607380322
289.08636080241206
289.0883264295116
289.08999008544487
289.0913120881141
289.09232445161723
289.09302123949874
289.0933893062271
289.0934848501996
289.0932581080619
289.0927312557938
289.0920011316232
289.0911160170069
289.0901096245128
289.08899578564916
289.0878670811948
289.0866846781399
289.0853979282632
289.0840147343809
289.0826663445939
289.081319214388
289.0800331053613
289.0787545016677
289.07747357602517
289.0762622782413
289.0750653979126
289.0738991952045
289.0727809111072
289.07171568882006
289.0707056606226
289.0697687277822
289.06896464596974
289.0682485979365
289.06766843176814
289.06719617880117
289.06680419279587
289.06649916628237
289.06628051560267
289.066116380358
289.06602664480425
289.065929793034
289.0658533724576
289.06574159795986
289.06562538652037
289.06546011169314
289.0652518115313
289.06494597756415
289.06452994930856
289.0640573487656
289.06346611548713
289.06273963004895
289.0618896566836
289.06088089192735
289.05979997522445
289.05864423270003
289.0574483034089
289.0562335021407
289.05507976030304
289.05418145242345
289.05362760985344
289.05339689014966
289.05339452877143
289.05366796978916
289.0541188601746
289.0545144583778
289.05466546838795
289.0544265907522
289.0536979302602
289.05245015232344
289.0506773396334
289.04838075189707
289.0456468119303
289.04246289968387
289.0389070923298
289.0351114933786
289.03122550419994
289.0273396329561
289.02357321803555
289.0199035862695
289.01649376710486
289.0133579896531
289.0105627316345
289.00812001174756
289.0060771119346
289.0044196765619
289.00315114489376
289.0022682191172
289.0018045987076
289.00172266487886
289.00200508550665
289.00267920934397
289.003688462924
289.0050691276943
289.00676690477155
289.00878202621067
289.01107952562563
289.01363133357574
289.0155045973872
294.6730461676351
294.6911736904962
294.710157561969
294.7299817025462
294.7506054458348
294.77203521141365
294.79420026363124
294.81688179929256
294.8400426082912
294.863640574558
294.8876740590263
294.91201710038456
294.93656332754637
294.9612253925143
294.98591106542835
295.0105673686812
295.03502719904156
295.0592251466491
295.08302637853
295.10632667620786
295.12903548689735
295.15107877769844
295.17225480513736
295.1925096570208
295.21172076556553
295.229825272061
295.2467534615922
295.26247790740257
295.2769543095252
295.290097282674
295.30190297225363
295.3124646544414
295.32189942775045
295.3302871117287
295.3376165935539
295.3439973929599
295.3493925796936
295.35374054539056
295.35694943639663
295.35913308778356
295.3603213615112
295.3605112310722
295.35967401577653
295.35778559665704
295.35494620284993
295.3511200891124
295.34637776711537
295.34071435593415
295.334254507438
295.3270954793162
295.3192432524651
295.3106910482217
295.3015576064599
295.29173510955417
295.2812917606448
295.2702358726167
295.2585882754522
295.24634237640663
295.2335598961683
295.22023303852103
295.20635806626416
295.1920139859446
295.17712530975354
295.1618009910628
295.1459690352519
295.1297204970489
295.11301394817076
295.09590572758617
295.07838484202136
295.060390865207
295.04188831356663
295.0228748809849
295.00337306846177
294.98345070336256
294.963126920211
294.94242932393814
294.92140368859776
294.90019143384967
294.87885887734626
294.8574434084381
294.83599728898747
294.8145691921935
294.7932127551165
294.772012113728
294.75099594376735
294.73019042107495
294.7096269989435
294.68927334345483
294.6691753751505
294.64932440326703
294.629850487924
294.6109033088291
294.59253587000575
294.574806536968
294.55780704223537
294.5417135982687
294.5266975124332
294.51287200828887
294.5002668551051
294.48879661012785
294.4785352542111
294.4695038572616
294.4617355288812
294.4552589400795
294.4501379143023
294.44634396715963
294.4439524693074
294.4430927521742
294.44364841436715
294.4456648687843
294.44912148372254
294.45394608540977
294.46016739483684
294.4677937105746
294.4767934323925
294.4871449026488
294.4987840679624
294.51166224421297
294.5211118940885
290.6083433991154
290.62772539027645
290.6479334315402
290.66886372214975
290.69049499731307
290.7127429389597
290.73546521592516
290.75841824830735
290.78158532481694
290.80491208436257
290.82830106282125
290.851709292252
290.8750122653436
290.89810795079694
290.9208939632184
290.9433360944764
290.96528338463696
290.98669469976096
291.0073883542143
291.0273263145572
291.0464683297428
291.0646385665687
291.08183690920595
291.097902494497
291.1128388583042
291.12652071496836
291.1389730087694
291.1501342565115
291.16000628282876
291.1685257621372
291.17569494735477
291.181651878561
291.1865091164292
291.1903970039775
291.1934408468815
291.1957104301092
291.1972891771821
291.19805443317455
291.1979436692833
291.1970342863951
291.1954138737057
291.19303920129875
291.18992254479343
291.18600727254136
291.18129839030433
291.1758926603404
291.169757632205
291.1629646151317
291.15557196297794
291.14761378984815
291.1391466025145
291.1301758484726
291.1207356880608
291.1108502089853
291.1005200917063
291.089833208351
291.0787267224323
291.0672913568689
291.055514635619
291.0433966911
291.0309740393359
291.0182198851731
291.0051702880199
290.9918074482884
290.97814634221635
290.96416430939104
290.949912980957
290.93535780729667
290.9205631757457
290.9053948018913
290.88993935764205
290.8741514627529
290.85807531645395
290.8416678413541
290.82496791787014
290.808021421211
290.7908021000352
290.7733621502397
290.75572192924324
290.7379483663222
290.7201332857894
290.70232277425765
290.68458204679666
290.66697196573625
290.6494495142597
290.63201474667017
290.6146317972382
290.5972384201516
290.5797731394552
290.56227922077534
290.54481486847084
290.5274851960642
290.5104213845061
290.4937223696805
290.47750830458415
290.46195087195855
290.44721213630476
290.4334060955984
290.42066980985885
290.40903874201797
290.3986772584728
290.38960222887755
290.381835658643
290.37547063199247
290.3705497809515
290.36709817989015
290.36517201548696
290.36495443468345
290.36636738034
290.369422078143
290.3740181512183
290.38016624596366
290.3877900138034
290.3968995259565
290.40746373944205
290.4193737169119
290.43259119607745
290.447025393833
290.45751758495544
299.2336203248119
299.24711210767305
299.2621816036791
299.27879360521825
299.2968244677465
299.3162512311424
299.33691353254136
299.35878118814384
299.38174873065094
299.40570321509404
299.4305908781944
299.4562776710256
299.48266940549587
299.5096796595553
299.5371851891213
299.5650998879088
299.5933359700466
299.6217467128611
299.6502608849927
299.6787141035332
299.70709098929603
299.73521534637814
299.76295550900454
299.79025043501775
299.81699133943204
299.8430268062232
299.8682968663171
299.89265618825465
299.91608245716236
299.93843833509817
299.9596656552748
299.9797042899176
299.99854472975
300.01616045926716
300.0325804650576
300.0478402418124
300.0619807733947
300.07505273026726
300.0869841591198
300.09776896092865
300.1073810714355
300.1158376447094
300.1230815651382
300.1291214825559
300.1339511465237
300.13759252860433
300.14002759487494
300.1412875964372
300.1413853828204
300.1403492494657
300.1382091170556
300.13499936726066
300.1307902433912
300.1255893090252
300.11942813219315
300.11238144993337
300.10446176143336
300.09574359296255
300.0862544356843
300.07597343648615
300.0649593769403
300.053265269987
300.04091009170975
300.0278684578622
300.0142406989881
299.9999750804479
299.9851244347148
299.96972561054145
299.9537538255454
299.93727062831925
299.9202617771252
299.9027796564244
299.8847941867537
299.86634430524504
299.84742210024643
299.82805601564417
299.8082500625499
299.7880590740923
299.76745468281285
299.74648898296317
299.7251851482012
299.7035960786876
299.6817163567693
299.65958822161923
299.63727190150274
299.6147852448699
299.5921790722027
299.5694828435317
299.5467162417592
299.523889999243
299.5010292166515
299.47818987079984
299.4554230001168
299.43278768269226
299.41035145605144
299.38818181778123
299.36641064198807
299.34512885968854
299.32447575465227
299.3045925061164
299.2856127481173
299.26765164710093
299.2508684683321
299.2353420408974
299.22120849768316
299.20857228486153
299.1975401816273
299.1881444485592
299.18046734635476
299.17459731783634
299.17053985646396
299.16833354482037
299.168005822808
299.1695293310445
299.1729311668643
299.17820319513055
299.1853191698455
299.1942132969605
299.20125354010537
296.21029528943603
296.2295088562942
296.250403517137
296.2729413452146
296.2969804725667
296.32247621761087
296.3492616191922
296.37727715409625
296.4064323749355
296.43658296031
296.4676308374858
296.4994259051318
296.5319153052322
296.5648606969353
296.5982266457222
296.63184075015727
296.6656146486807
296.6993511851629
296.7329464531298
296.76633647786497
296.7992985597769
296.8317557732684
296.8636070155114
296.8946715710435
296.9248700608224
296.95409026724775
296.982214688766
297.0091559237071
297.0348260468609
297.0591163872533
297.08200640521875
297.1034121716212
297.1232927571144
297.1417434575348
297.1587677477746
297.174392842857
297.188652955453
297.2015465901488
297.2130552085175
297.22305048912585
297.2315680834986
297.23851687647937
297.243981532497
297.24789358045234
297.2502719141138
297.25113816131017
297.25056651837576
297.2485083715346
297.2450941671974
297.24031215979954
297.23421337596164
297.2268522865084
297.2183181353087
297.20861394183936
297.1978523936788
297.1860557943377
297.17328815462207
297.15961596485204
297.1450316997204
297.1296020415196
297.113390457224
297.0963729297327
297.07869066833774
297.0602826192972
297.04127166856114
297.0216047108339
297.0013841893248
296.980592932252
296.95930471804394
296.93753582667495
296.91531239358267
296.8926904319681
296.8696724827935
296.846314146406
296.8225950588777
296.7985675455762
296.77427825906386
296.7497025651354
296.7248771157393
296.699860100275
296.6746671804421
296.6493348984578
296.62387446873373
296.5983065048098
296.57269934461675
296.54702435569874
296.5213283068823
296.4956470373421
296.47000219874155
296.4444595980497
296.41902873467757
296.39381053671724
296.36886026949594
296.3443226446767
296.3202795218053
296.29683232239
296.27416614388204
296.2524346385857
296.23170397641263
296.21219611900403
296.1940359406015
296.1773356174187
296.1621808147614
296.1487169604533
296.13701614767933
296.12717268066
296.1192507341347
296.11328950081514
296.1093553039541
296.1074892360044
296.1077079710858
296.1100481287907
296.1144845115907
296.12103714251367
296.1297006794494
296.14041074021725
296.15313512030093
296.16782428621866
296.17888309023397
303.292368252176
303.3017444133856
303.31262765476873
303.3249979377485
303.33876082308547
303.3538762649638
303.3702563827562
303.38786837862295
303.40661383164587
303.4264578515873
303.4473070004453
303.46911685701576
303.4917696266995
303.51520359736617
303.53934036406287
303.564126660412
303.58941745833465
303.6151593942643
303.64122980558477
303.66756012485035
303.6940269600938
303.72053450531837
303.74700348445884
303.7732867775326
303.7993342061249
303.8249750772018
303.85018153206585
303.87481062194
303.8987919110615
303.92205496849886
303.94451600127985
303.9661004742279
303.98680672458903
304.00663812251145
304.02557946863885
304.04367054769574
304.060941793374
304.07737060218847
304.0929293723587
304.107482909416
304.121057800809
304.13351087777045
304.14483877053107
304.1549442830862
304.16384782925945
304.1714651170309
304.17775099292004
304.1828013367764
304.1865649851705
304.18907086208924
304.1903748061773
304.1904894548832
304.1894925790642
304.18741666186287
304.1843085184079
304.18021229154374
304.17517570352203
304.1692266909435
304.1624246512678
304.1547854638366
304.1463423045795
304.13713064478867
304.1271849099441
304.1164751524688
304.1050845269772
304.0930146865297
304.0802898838984
304.06688711802536
304.05289997528115
304.0382600679504
304.023045026191
304.0072113246589
303.9908477044257
303.97390309960923
303.9564201958897
303.9383794445856
303.91986026607015
303.90083959163763
303.8813486548185
303.86140448086064
303.84106201946247
303.8203411628978
303.7992500480119
303.7778604284838
303.7561668374375
303.73423224451744
303.7120579874538
303.6896777130295
303.66712261218163
303.6443823425887
303.6215102526547
303.5985601902273
303.5755840989694
303.5526416069784
303.5298410426023
303.5072682171126
303.4850217784705
303.4632614401793
303.44203591019254
303.4215952090537
303.4019371009931
303.38327014305474
303.3656745166162
303.34923086287085
303.3340729216069
303.3203009210945
303.30793763534024
303.29708889862695
303.2877807392648
303.2800921445038
303.27402917020856
303.2696548357751
303.266918694015
303.2659099982622
303.266591952096
303.2689462166461
303.27294881664125
303.27863611983184
303.2833784470035
303.2119729228015
303.22235563535537
303.23420199158096
303.24748141128066
303.2621381931036
303.2780948998588
303.29526572157476
303.31363978943654
303.3331098269282
303.3536132476258
303.375061579574
303.39739670233706
303.4205419832902
303.44434610469114
303.4688150043408
303.4937799780086
303.5191605593064
303.544909093833
303.57089838868046
303.59703276593325
303.62318840971153
303.64932259584947
303.6753046402374
303.7010849593181
303.7265435385424
303.7515944722415
303.77615381686655
303.80012916042045
303.8234407843142
303.84604863366917
303.86783123376904
303.8887817760774
303.90883987390737
303.92800064607576
303.9462508746552
303.9635950459992
303.98009848003187
303.9956785765609
304.01029600372533
304.0238781700287
304.0363854191635
304.0477517396215
304.05795099673037
304.0669447435849
304.07471404324247
304.0812447370178
304.0865639015841
304.0906306669968
304.0934804212424
304.09514022799704
304.0956226901415
304.0949589055149
304.09318636063966
304.0903376183685
304.08644536985815
304.08156883265076
304.0757487029182
304.06897102576625
304.06132979611584
304.0528272641019
304.0434870262899
304.03336252340296
304.0224931167503
304.01083337438365
303.9985349739822
303.98552498658677
303.97186061585023
303.95756289889675
303.94266516042114
303.9271891539678
303.9111755807224
303.89460218733285
303.877513133004
303.85992433980994
303.8418853053641
303.82335751191255
303.80442358905486
303.7850510837106
303.7653095749085
303.74519825280913
303.72471104535384
303.70395287707487
303.6828909645415
303.66157334143617
303.64000997455355
303.618213781568
303.59628869651846
303.57417230970196
303.55193646185506
303.52962215612166
303.5072622230154
303.48488169779864
303.4626044343209
303.4404877744175
303.41861073340806
303.3970572500195
303.3759710783965
303.35542623542545
303.33555980952036
303.3164690762816
303.298251291726
303.281051745901
303.26494866657083
303.250014399381
303.2363696468371
303.2240909784682
303.2132169127617
303.20378753739953
303.195889737283
303.18955131227375
303.18482278053915
303.1817266512404
303.1802662573802
303.1804647933413
303.1822885214432
303.1858124904017
303.19095686906786
303.19770966201474
303.203196267267
293.28847338834623
293.3130453237078
293.3374373461474
293.36139917927846
293.3849740316851
293.408111964939
293.4307133728383
293.45247733008654
293.4733518759398
293.49326669177384
293.5122384667693
293.53016782683653
293.54678790895184
293.56206176956294
293.5760354419638
293.58860376291085
293.59975151813916
293.6093498077667
293.61731779466714
293.62365988764617
293.62838757098945
293.6313954199306
293.6326375541816
293.6321646867073
293.62988814383067
293.6259143280096
293.62052428441626
293.6138849988443
293.6060928269205
293.5973057078086
293.58753972243375
293.57729171586556
293.56704486544305
293.557087647257
293.5475162631423
293.53837370474156
293.5297665307354
293.52160804607075
293.5135897083919
293.5057042574818
293.49801762180385
293.49052556375494
293.48322649782034
293.4759731978325
293.4686229269034
293.461086625858
293.4533180824177
293.4452473801055
293.43693859556544
293.4284070380671
293.419671091195
293.4108262266039
293.40190337146583
293.39294041530394
293.38404377682133
293.37522413571816
293.36652388734893
293.35792597143325
293.3494340532301
293.34098830700077
293.3325296178124
293.3240218959293
293.31545059549785
293.30673416448553
293.2977947077142
293.2887179034658
293.2793955853457
293.2698062424557
293.25988141186576
293.24958150807157
293.23887626792816
293.2277245988607
293.21614389664643
293.2040747979389
293.19158123614153
293.1786419056302
293.1653642347795
293.1518572471026
293.1382562655535
293.1247553492798
293.1116730573761
293.09924754359133
293.0876826519663
293.0770831843477
293.0673585614187
293.0587129349073
293.0512123608395
293.0444245400791
293.0377051122003
293.0305408692771
293.02285375090526
293.0146021398542
293.00612153503675
292.9977363166174
292.989818680856
292.9828299370786
292.97722775077256
292.9732632826145
292.9711097936737
292.97076405233014
292.97246231112865
292.9761692905115
292.9818387881755
292.9894902250927
292.9989895689039
293.0100635026638
293.0226046380291
293.03646091631055
293.05158442315013
293.0678386337937
293.0850682823981
293.10319246512586
293.12215046200305
293.1419687807789
293.1624741034278
293.1834245695531
293.2046425097167
293.2261445873373
293.24090300316783
