294.7629663425387
295.0386890148424
295.3071846752529
295.5669063980629
295.81742382498743
296.05739257204
296.28028950392877
296.48883467820474
296.6825744888182
296.8613853587532
297.0232288551899
297.16217183451954
297.28215843420253
297.3830935371132
297.4651271522619
297.52761319984194
297.5681690758402
297.5877974829929
297.5868339717184
297.56560424538395
297.5214540552935
297.45287188294
297.3633840365433
297.2535396343125
297.12389321248855
296.9770776979257
296.81539978743336
296.6384396614364
296.4468747343051
296.24115137011995
296.0336752458515
295.8279433576772
295.6205242007409
295.4121583749323
295.20333461353
294.99728426279967
294.7929911916853
294.590830537245
294.38953712456777
294.18902648770774
294.0111964135715
293.8284114030398
293.64420154994826
293.4595745482521
293.27629425674223
293.0946429791452
292.9145556523127
292.7362502975926
292.5597525829206
292.38507204953856
292.21129563982396
292.03917852490343
291.8688065470621
291.70013028358363
291.53324074229863
291.36851021026564
291.2056752649082
291.04468485512456
290.88555389746705
290.7280517265907
290.57137940536114
290.4161008825448
290.26224988588115
290.1097555217154
289.958733217985
289.8097828162468
289.66224312378495
289.51622062725966
289.37163273525323
289.22828954346704
289.085865731329
288.9448690234837
288.80517822425475
288.66666491469016
288.5293187888755
288.39361074662537
288.2591073785196
288.1177469718981
287.9463983731893
287.68424723332356
287.555405059928
287.4697666131828
287.41626928999744
287.58279197004197
287.6252083762274
287.69722147490285
287.7814604740629
287.8747803614704
287.9753708019994
288.06998562234884
288.1573102340965
288.24908326142827
288.3463692057123
288.4494313007838
288.57058827845714
288.70720045709476
288.857725794629
289.0227600748547
289.20281673098947
289.40083108838235
289.6152377409242
289.84454660839805
290.0889461983195
290.3485481179626
290.61250722717585
290.8865881119882
291.17168959383366
291.46764392329186
291.77368193246326
292.0769334703829
292.3851156720349
292.6979622308258
293.01492320691887
293.33366968542487
293.63901833810485
293.9388296921709
294.23264119664054
294.5200379451472
294.7116973275281
294.5768558131663
294.8452450824736
295.10432871547755
295.3531749164552
295.5916828962854
295.8199654444889
296.03651206766943
296.240147570047
296.4302253009562
296.60626716129286
296.7680580491629
296.9129324563372
297.038334443201
297.14408827515945
297.2305979857455
297.29818182655464
297.3454817413752
297.37190272680635
297.3778687170416
297.36382843400764
297.33024614108376
297.27594948538194
297.20109350961053
297.10623071003204
296.9918824538344
296.85884886339625
296.7099841845975
296.54720079919815
296.3709302573564
296.1813854378209
295.98058665421564
295.7770956459732
295.57414368455034
295.37202885128977
295.1708663046273
294.9710393206237
294.7730881908564
294.57551024295185
294.37833298514107
294.17917205904365
293.9827809538411
293.7982778515169
293.6166685241227
293.4369379884023
293.258278747896
293.08093553289905
292.9050866351347
292.7307268984629
292.55795098841145
292.3868348995267
292.21749657706823
292.04969245305614
291.8834893946346
291.7188551355721
291.5557425821765
291.3942650659142
291.2344358697258
291.07636303096007
290.9199462094662
290.76524104526584
290.6121326931427
290.4604087427067
290.31004430086915
290.1609766714388
290.0133320943634
289.8669222889351
289.7219488743022
289.578406706047
289.4362918042871
289.2955693042718
289.15639733102364
289.01857639326965
288.8821505123097
288.7470175402964
288.6128257650945
288.4795610199911
288.3474034085714
288.2139183155991
288.0771228371078
287.89183732197876
287.6959214631315
287.57113893178325
287.49349998487725
287.5586003687021
287.6924264479907
287.80622706817843
287.90382585046177
287.99483373656994
288.08332765443225
288.17053361907267
288.2608106424187
288.35915859305084
288.4654358268606
288.57885176580226
288.6991371126963
288.82647950716057
288.96370183187724
289.1133252472039
289.2763957096035
289.45328136495004
289.6436814617497
289.8477596997555
290.0659761545782
290.29872219198415
290.5449793798396
290.8028820555339
291.07175282496604
291.3511816442176
291.64077565388874
291.93779911622056
292.2385552863392
292.5423281765172
292.848754004466
293.15740353260645
293.46340267593735
293.76240909747196
294.05407363915594
294.33814073345934
294.52689461895085
294.4757345411178
294.5821045960272
294.6861824865945
294.7879156934541
294.8872247646489
294.98408002733436
295.0783664693343
295.1698983813439
295.25852264525616
295.3441902901156
295.42673004616955
295.50565477481007
295.5805788555983
295.6513050011639
295.7176435787305
295.77943171832715
295.8362972633511
295.8879231488599
295.9341337450067
295.97480822740465
296.0096868643783
296.0381649338491
296.06019159867856
296.0756529788169
296.0844342269153
296.0864991006451
296.0817652893466
296.070271757956
296.05208202449234
296.0272338671401
295.9965118119146
295.963331040875
295.928143670297
295.89130150359705
295.85292405638626
295.81313950476925
295.7716385782104
295.7255955053193
295.6755390952936
295.62037656827437
295.56278924264575
295.50491344615784
295.4459836338254
295.38604799517407
295.3250710846225
295.26320629610876
295.2004622164627
295.13695069585305
295.07273755997284
295.0078760554034
294.9424317290202
294.8764313832477
294.8099627255914
294.74302038403164
294.6756645570521
294.6079706070857
294.53999282739767
294.4716976834251
294.40315917933776
294.3344220070735
294.26545038961336
294.1962903899876
294.1269664333521
294.0574709848855
293.9878618116892
293.9181197324622
293.8482572719319
293.7782634930808
293.70827452379194
293.63819112493064
293.5679616622057
293.49773283085364
293.4274045296464
293.3570296186495
293.2864792575146
293.2159547304086
293.1454639502431
293.0745984857993
293.0032252710202
292.925770573555
292.8474678694545
292.77969121230444
292.71209023384546
292.65373907972406
292.594247336148
292.5377373282397
292.48516422377224
292.4366257630731
292.39230508550946
292.3529291210018
292.3209040214848
292.2965347021316
292.27995516861125
292.2711848688587
292.27181997249073
292.28499637614084
292.3106055000943
292.34862557041663
292.39901541181155
292.4603810971547
292.53094397503634
292.61042873420513
292.6986903723395
292.7956221110686
292.89876443925954
293.00526283415917
293.1149235371535
293.2276341910737
293.3432425152729
293.4603264236785
293.5776298335359
293.6949200205115
293.81199980509143
293.92879079058156
294.0445600745482
294.1586814623944
294.27090627070123
294.3812611023869
294.45511438615347
298.35591903771024
298.50114644102763
298.63810034961745
298.7672829454786
298.88932001161993
299.0050530910355
299.1132843123866
299.21190707745734
299.30111545284984
299.38153019210665
299.4536549426899
299.51607167415233
299.5670303253712
299.60684866405325
299.6363161139567
299.6559326373817
299.66508960037567
299.66290747545577
299.64957568462427
299.62526100372537
299.59021373975884
299.5432767248038
299.48359504123687
299.41126257721606
299.3265843005281
299.2299563795553
299.1223124819138
299.00518259453764
298.87976901365494
298.746752439786
298.60702520476684
298.4661799335576
298.32963484331935
298.19985929517406
298.07779226126144
297.96395202295326
297.85821054044237
297.7536938302712
297.6472076845563
297.5385491116738
297.4284020131718
297.32010575408424
297.21506420903876
297.1131773594297
297.01379916398855
296.91655755524357
296.8213028486581
296.72788265491783
296.63615378831474
296.54598625177493
296.4573533178596
296.3701116847162
296.2841681482732
296.199465509566
296.1158354009748
296.03323348725513
295.95150962604765
295.87048911684633
295.79022915235385
295.7106635360247
295.6317410920594
295.5534402166474
295.4756575191003
295.3983769949476
295.321506857289
295.24512364312534
295.1691135698736
295.09341229554457
295.018014557133
294.9428639420087
294.86801222734925
294.7932529930419
294.71871391312203
294.64433061616506
294.570024608325
294.49572685857163
294.42156294720655
294.34723668252605
294.27223826273416
294.1933147770422
294.1090438608739
294.03019277426324
293.96694851230274
293.9366379874921
293.9413345179173
293.96949118364415
294.0102242232671
294.05258079389995
294.0888288523761
294.11585101204224
294.1433159272417
294.1803619303695
294.2313524976945
294.298078192737
294.3805382786831
294.478385272092
294.59118891681555
294.7182247137687
294.8585682322551
295.0105893915927
295.17198424139724
295.34092282277976
295.5163408880202
295.69754143943646
295.88343996083296
296.0717854806245
296.26143828591387
296.45196557885237
296.64345634941805
296.83453672462815
297.022569272223
297.2071189111985
297.3886315640284
297.5674728558612
297.74218524483206
297.910131629758
298.0713839694302
298.2267496789818
298.32942385369864
299.80830301445343
299.9330957806161
300.05064863694855
300.1607742939642
300.2644664551306
300.36253143452933
300.4548787681106
300.5398825231584
300.61717428448645
300.6870787284943
300.75022952893596
300.8060395656554
300.853372582026
300.89208929000796
300.92236740708546
300.9445755673477
300.9581654545901
300.9619022559427
300.95592247602974
300.94052205435156
300.9160585311667
300.8821187436638
300.83800294165354
300.7837948534755
300.71953091315066
300.6456457176687
300.5632190105698
300.47377607603335
300.37868222664486
300.2789590581477
300.17598960257106
300.0774286814916
299.99081053252326
299.9204163001165
299.8686051384833
299.83609238306315
299.8152356020374
299.76468639386894
299.6923828229474
299.60832205747823
299.5172020508533
299.4223582133251
299.32622173734296
299.23039024948935
299.13591050287516
299.0432844628836
298.9528537995144
298.8645885578569
298.77864290649904
298.69478696192346
298.6130553530198
298.53325069491405
298.4552799138914
298.37893375212343
298.3040751826594
298.2305549643636
298.1582526085887
298.0870096432569
298.01671569334
297.94730948187635
297.8787883384556
297.81119229640944
297.74461188281396
297.6789544130983
297.61421601993953
297.5503662059892
297.4873320877989
297.42508276067093
297.3635382226302
297.3025514939867
297.2420397988059
297.1819069997349
297.12198387315476
297.06221720027816
297.00249354236047
296.94272279191017
296.8829155104942
296.82289302031666
296.7622843223974
296.6989948628933
296.6315622868764
296.56664661358093
296.5122779311691
296.48176199308733
296.4820575894938
296.50611167763697
296.54075509671634
296.57374876362275
296.59738485470916
296.60880423195965
296.61483062967756
296.62331514003665
296.63928109878015
296.6655624961484
296.703911051947
296.75565677988476
296.8219073051631
296.9030102537053
296.99863082272765
297.1075290458907
297.2274087953221
297.35603013245264
297.49184015873675
297.63370021680043
297.7805259529393
297.93003841910524
298.0810566011483
298.23306406563637
298.38603575415675
298.53968001730567
298.6921381344585
298.8426963625574
298.99123234665785
299.1380011160379
299.28227702537106
299.42203456116454
299.55663005768224
299.68634211703073
299.77197850620365
297.5009755502401
297.5973302428762
297.69494907581543
297.7934107663909
297.89239434791244
297.99149882077694
298.0903902387727
298.18881933541843
298.28630414667026
298.3824444739305
298.4769359256316
298.56935829110944
298.65948262373803
298.7468252905711
298.8309887432652
298.91160931437736
298.98844160755317
299.0610457084116
299.1291056461346
299.1923010763472
299.25029458433374
299.30286244170173
299.349794529569
299.39083247768156
299.4258251314342
299.45453159631705
299.476826031632
299.4926999916865
299.5021843557133
299.5055104392018
299.5028502200741
299.49455340302916
299.4810727396585
299.46302625059144
299.4412033614628
299.41623925311006
299.38881181272643
299.3593523401418
299.32793887727496
299.294373537756
299.25855621253316
299.2203975009356
299.18010247047323
299.137805351727
299.09380659022315
299.04830292014555
299.0015511442462
298.95365471308963
298.90479083430716
298.85509701046755
298.8046983202316
298.7535869855989
298.70180306722466
298.6493943342026
298.59635853346106
298.5427641359291
298.48857161905636
298.4339335141274
298.3788509504718
298.32342684571034
298.2676524736253
298.21155809099446
298.1551618719223
298.09848758099076
298.0414794593722
297.9842225782042
297.9266913405123
297.8689735516411
297.81102350142476
297.7529082896079
297.69464404289687
297.6362523422303
297.57772464160445
297.5189307876013
297.45996342505964
297.40073799298125
297.3413044162156
297.2817290157084
297.22190804912674
297.16180215120056
297.101335592413
297.0402136819898
296.97869773318587
296.91771686814656
296.85923844525246
296.80520559058147
296.75661047696366
296.7133446154215
296.674837916931
296.6400235672675
296.60789505910844
296.57791464548245
296.55003337879464
296.5245264509166
296.5017036495465
296.4821902914274
296.4664442094216
296.45503923180905
296.4485586339483
296.4476165377461
296.4525817482751
296.463743206934
296.48132896575964
296.50536882898757
296.5359090238864
296.57290412005534
296.61608462557217
296.66538598171405
296.7203647827818
296.7808470561263
296.8465298765511
296.91716916766876
296.99240610063316
297.07190602504437
297.15535355247476
297.2423989828283
297.3325150198669
297.4251230930125
297.4892828352188
298.58323781891266
298.60231717182523
298.6217891968405
298.64162251500295
298.66185073819366
298.68235108502836
298.70313549475026
298.72399289977807
298.7449125928896
298.76574043090386
298.7865117836857
298.8070925100474
298.8273981081628
298.84724722790907
298.8667564747284
298.8857174545041
298.9041335778693
298.9219055242869
298.93900611467114
298.9552491900792
298.97069475365964
298.9851874736891
298.998641567515
299.0109804733646
299.0221900876523
299.03219146509355
299.0411648313941
299.04952657951145
299.05733634264936
299.06476565745265
299.0718080774509
299.0785722945407
299.0851307784374
299.09160543019203
299.0980732953216
299.104649802412
299.11101773475696
299.1144451547414
299.11573525806625
299.1154760422979
299.11404395601284
299.1114690940338
299.1080344865043
299.1038034245834
299.09882516650356
299.0932087573293
299.0870340003302
299.0802032905447
299.0728999987725
299.0651152560646
299.0568505584492
299.0481326225598
299.0389994267408
299.02942116911584
299.01948711934466
299.009179620842
298.998477860765
298.987381807691
298.97596809134836
298.96418680774826
298.95199088814877
298.93956209548264
298.9267509608043
298.91366183755605
298.9002235623617
298.88651568917265
298.87246593437635
298.8580996374925
298.84349137433173
298.8286023400737
298.8133725178669
298.79786215170805
298.7820380315715
298.76592833801567
298.7495492717274
298.7328078597985
298.7158266048381
298.69857767719486
298.6809554401242
298.66294492914903
298.64432873923744
298.62537006938095
298.60673238402075
298.5890027676218
298.57256714615806
298.55734721586964
298.5429731524715
298.5291936849666
298.51573528066257
298.50244047673186
298.4894363050249
298.47680039032633
298.4647335612983
298.4533515556837
298.4428394817042
298.43324242359273
298.42494941261987
298.4180501352853
298.4126587825074
298.4088627482325
298.4065776484236
298.4058666919949
298.4067030331058
298.409080877596
298.4129072841408
298.41816474724067
298.4247691222201
298.43262334843286
298.4417473367227
298.45212816941586
298.4636445169097
298.47625375546176
298.48990577642996
298.50453663283355
298.520186190657
298.5366116086706
298.55377078983173
298.5716168225992
298.58414709465666
307.16193493870185
307.19474134516736
307.23090258287607
307.27044818840443
307.3133731089252
307.35961496629426
307.4089466589622
307.46097168401013
307.5155286496123
307.57235533867953
307.63136516903535
307.69242101985105
307.75502320345345
307.8190097949835
307.8841382319484
307.9501489196717
308.016632913515
308.08326759789554
308.1498157718663
308.2160825326204
308.281810548865
308.346563449985
308.40989524152343
308.4715951902306
308.5313439386207
308.58892878267267
308.6441219066241
308.69676061610323
308.7465160407301
308.7932488261262
308.83680275371586
308.87753515433343
308.91577856652805
308.9515978498172
308.98515285870087
309.01640207487446
309.0452595231495
309.07014234190217
309.0912220822041
309.1085613943799
309.1222663405946
309.1325897856328
309.1397446491364
309.1438576552932
309.1451626683081
309.1436422883642
309.1395872453679
309.1329561848036
309.12393725898437
309.112675745043
309.09920877110125
309.0836438979738
309.06607339952507
309.0466190769551
309.02534475405844
309.00232427840825
308.9776191332722
308.9513353152699
308.92347954645504
308.89415751199886
308.8633881487121
308.8312419452771
308.7978244376732
308.7631441417353
308.7272126384025
308.69009196833304
308.65188559431823
308.612602563651
308.57221906735407
308.5308655416842
308.48859027551396
308.4453779400115
308.40131662784137
308.3564157671723
308.31063737808444
308.2640997540896
308.21680884135253
308.1686347710435
308.1197165942978
308.0700387800152
308.0195786623119
307.96838059550373
307.91648835996386
307.8642528183643
307.81213802071204
307.7605702988862
307.70950807352347
307.65889157412505
307.6087291044911
307.55898991325796
307.510061204048
307.4622336208465
307.4156845807929
307.3706024627245
307.32728249988713
307.28591872817776
307.2466632720912
307.2096656604537
307.1751442101228
307.14325545841257
307.1140994343785
307.08782327082037
307.06442961896363
307.0439593997779
307.02656368569683
307.01219496168045
307.0010037890472
306.99283084527156
306.9879041711916
306.98623975522077
306.98785923103503
306.9927608928761
307.0011583198176
307.0130599334488
307.02840333522505
307.04714221085493
307.0691437485133
307.0944637248661
307.1135134513487
301.35297165676536
301.3891766251141
301.4280502327695
301.4694502962526
301.51333934768303
301.55957644276407
301.6080915010926
301.65856594848555
301.71085448391614
301.76482598962264
301.8202265602336
301.87679564599046
301.934180036058
301.99209008701297
302.05026717266475
302.1086737727601
302.1668417587451
302.22457460405445
302.2815703501199
302.3376488742192
302.3926143730142
302.44614325593153
302.4980868140629
302.54817071545864
302.59619945252734
302.64198991322894
302.6853632029862
302.7262756867583
302.7645785264666
302.8001627145347
302.83303980333164
302.86343629158733
302.891784916558
302.91844374611986
302.94353947497126
302.9675099718174
302.98970750979686
303.00784399004107
303.0225897544446
303.03413493568246
303.042621404093
303.0482926070568
303.05136721270367
303.0520407093733
303.0504307500265
303.0466594804535
303.04079825705696
303.0329515033215
303.0232093347235
303.01168143348997
302.9983633653047
302.9833542863615
302.96675720786976
302.94859676823955
302.9289584128894
302.90779510533935
302.8852807321046
302.86141614074506
302.8362006733865
302.8097521656576
302.7820963743508
302.7532630292435
302.72335095580667
302.6923103972619
302.6602521085559
302.6271990017027
302.5931405305252
302.5581798232168
302.5222911479834
302.48551219993595
302.4478656776841
302.4094264751875
302.37017900686544
302.33016781559326
302.289358614907
302.247815467554
302.2055716899905
302.16262801012283
302.1189605778643
302.0746062591601
302.02944158899845
301.98361950235466
301.9371362525584
301.89046420691886
301.8441631414028
301.79856727149263
301.75352879744526
301.7090325215877
301.6649696155726
301.6212273456449
301.5781336467884
301.5359162194617
301.49472255673953
301.4547957677473
301.4163506929968
301.37964527217025
301.3449607462228
301.31239273957425
301.2822525757257
301.2547659687279
301.2299872674402
301.2080955590183
301.18923030847003
301.17351249887645
301.1610390835942
301.1518386685906
301.1459395419858
301.1434063492857
301.14433075752623
301.14866893389177
301.1564187198885
301.1676384875871
301.18218777101686
301.2001693989315
301.22144347715744
301.245826479958
301.273220375636
301.3035154905682
301.32571386650807
306.8815858379297
306.9207851644404
306.9633176674011
307.0091200540286
307.0578837406751
307.1095940930598
307.1639838625589
307.2209463066738
307.2802469598603
307.3418087508545
307.4053666993153
307.470742520398
307.5377927082324
307.6063563330461
307.67609002112346
307.7468243242982
307.8183695944132
307.8904686142775
307.9629605290356
308.0355345617658
308.10797766476037
308.18009612513845
308.25162660306904
308.3223668475282
308.3919041828874
308.4601566751135
308.5268100047456
308.5916139250302
308.6542453200171
308.7146278892878
308.77242725629577
308.82751043470205
308.87992360841474
308.9295797228506
308.9766098164196
309.02120479071954
309.0634408323339
309.1025562365624
309.13785681794565
309.16871653501545
309.1947557506154
309.2159061152737
309.2321851730351
309.2437005985399
309.25064532203214
309.2533133513068
309.2519007227924
309.24670418762827
309.2379398471677
309.2258972986571
309.21078011798767
309.192775267935
309.1720921195624
309.1489439121513
309.1235025922802
309.0958613223298
309.06621048504303
309.03465894950693
309.00129614720254
308.9663140831935
308.92973017119266
308.8916880262349
308.8522183138327
308.81146234764896
308.7694198049989
308.7262127119257
308.68188547444146
308.63645357493306
308.589995050284
308.54259957016956
308.49427021474105
308.44504484730294
308.39492467380006
308.34406617618504
308.29240091859515
308.2400133874899
308.18691216096926
308.13313293370845
308.0787420308606
308.0236722484371
307.96807647157084
307.91181679318476
307.85503285616727
307.79773465241294
307.7400085804547
307.68210559547185
307.62400905908385
307.5660896373609
307.50834052849183
307.4509381470153
307.3938502379081
307.3373355670826
307.281527098231
307.2267019477928
307.1729270431968
307.1206214333743
307.07001263946864
307.02140544414846
306.9751949828605
306.93163286130346
306.8911599899194
306.8540158342999
306.8204787129422
306.7908294743623
306.7653125691444
306.7440928803431
306.72724823500124
306.7150491815272
306.7074386155784
306.7045406217029
306.70636125622707
306.7128647135332
306.72395886750286
306.7395380554976
306.75958297051244
306.78383856077846
306.81218283075526
306.8444606646116
306.8684821363718
302.6788819154285
302.73007027632497
302.7851518534828
302.84398327744776
302.90636774646333
302.97215054369906
303.0411035159442
303.1131026477437
303.1878834070212
303.2652944754564
303.34507000650973
303.42704389590165
303.51085566809047
303.59616494359665
303.68275470258584
303.77021126062044
303.85825116229785
303.9465771085876
304.0347677895206
304.12254243688244
304.2094702485381
304.2953567833577
304.37974511806726
304.4624018612316
304.54303626650324
304.62126096489015
304.69698049447555
304.769753865632
304.83929246483876
304.9054386530204
304.96791300892824
305.0266482255821
305.08153808534536
305.1327007206459
305.1802269522973
305.2241615402509
305.26459975976763
305.3004514781487
305.330591717539
305.35457262259945
305.37228104835583
305.38386439792805
305.38939590168377
305.3893969033122
305.38411321775385
305.3739376864261
305.359339955215
305.3405843555069
305.31798406299214
305.2919241005762
305.26265691852984
305.2304315333734
305.1955751136139
305.15828480020986
305.11873126369215
305.0772202245744
305.03383940002135
304.9887497959938
304.9421037509626
304.89408137062793
304.8447690709873
304.79423134119037
304.7426421958112
304.69006710625206
304.63658171837983
304.5823017951748
304.5272597000168
304.47144484888764
304.41502396768027
304.35804391030877
304.30049038261296
304.24242232785775
304.18393539906225
304.12501971202744
304.0657242987942
304.0061150047747
303.9461273341786
303.88588686523013
303.8253395988671
303.764556035969
303.70354463442754
303.6423944282476
303.58097624426927
303.51938701874633
303.4576742153993
303.3958235429176
303.3338629711601
303.27195406916155
303.21006646340936
303.1484172956391
303.087115420503
303.02649290699384
302.96689700634096
302.9086349971821
302.852050062129
302.79743869642516
302.74526519698406
302.69585592885824
302.6495363301334
302.60667597221357
302.5675932823822
302.5324236818833
302.50156016622253
302.4751153196058
302.4533788404996
302.4364658287454
302.424477721066
302.4175399225027
302.4157597511996
302.419240208249
302.4280077689187
302.44200135436444
302.461259579122
302.4855975899312
302.5149230018209
302.5491165271444
302.58796749968394
302.63127838575207
302.6631902240986
305.3485041024794
305.3844484576878
305.42353884789367
305.4655157427087
305.5103077621174
305.55774294783873
305.60776236000027
305.6602458524536
305.71504850767286
305.7720502084698
305.83118583163775
305.89228387183397
305.95523786852095
306.019928992091
306.0861784942522
306.15380942609426
306.2227628507775
306.2927442251462
306.3636912036003
306.43532824876337
306.5074938331508
306.5799370060924
306.6524585256935
306.7247775654505
306.79666930148136
306.8678200330179
306.9379966005888
307.0069076404112
307.0743134076721
307.13983494010887
307.2032705143083
307.26440459596574
307.32322265679727
307.3796300257596
307.43372140586825
307.48555520683686
307.5352339114907
307.5818012557359
307.62428369791076
307.6620506814523
307.69454349596674
307.7215511015099
307.743058677711
307.7592175983988
307.77026106862746
307.7763978236524
307.77799987800205
307.7752672571084
307.7685584557089
307.7581270712642
307.74422305099694
307.7271363951779
307.70709196589263
307.6842499634879
307.65886955182964
307.63110633734374
307.60113835904275
307.5691368851878
307.5351786015578
307.4994496831285
307.4620579015618
307.4231102149198
307.38268986949413
307.3408933682934
307.2978953165461
307.25360156699907
307.20818116179515
307.1616708504107
307.1141928747939
307.065709580348
307.0162905134542
306.96603966629647
306.9149724657469
306.86310023153084
306.81055087773245
306.7572919625837
306.7033453012998
306.6487607275575
306.59363388730463
306.5379010050144
306.4816795093953
306.42490043048736
306.3676480301433
306.3099265898647
306.251827065053
306.19344965649645
306.13489702164685
306.0762804838898
306.0176780390663
305.95914501015193
305.900870805296
305.84297793284213
305.7856637875549
305.7292306141094
305.6739497710591
305.6200985130167
305.56800005274954
305.5180118656905
305.4705437611977
305.4258233817454
305.38428801447986
305.3462024591326
305.3118317365503
305.2813713369001
305.25511379106257
305.23317245460686
305.2157228666402
305.20279574689494
305.1944884026231
305.1907730130412
305.1917089671131
305.1971130959521
305.2069836338678
305.2211166557112
305.23947098102764
305.26181408920655
305.28790077266336
305.31765154639294
305.33980986606946
302.59719046601754
302.63153467563814
302.6695543906317
302.71103086886774
302.7559349129147
302.8041290941343
302.855483817742
302.9097963064103
302.9669471263756
303.02683929832165
303.0893305196996
303.15419206243286
303.2212946131752
303.29040549784156
303.3612840865109
303.43374345330534
303.5075729010028
303.5824009528777
303.65816710921206
303.73447591765245
303.8110801394569
303.8877949271773
303.96435445004175
304.0404861092432
304.1159795957143
304.1906254556091
304.2640659695394
304.33618794827413
304.40670717197474
304.4753666619033
304.54192253691616
304.6061589603559
304.6680193164888
304.72737788967777
304.78421208080835
304.8384895628902
304.890176303424
304.9387640189781
304.9833494333871
305.02340649748055
305.05853025997874
305.08851102794597
305.1133549810929
305.13309732349387
305.1478576583505
305.1577397966454
305.1630935792573
305.1640044911608
305.16076133968375
305.15353854340384
305.142542956816
305.1280344142158
305.1102392384516
305.08930001923585
305.06540766760315
305.03877474011904
305.0096020996268
304.97795462958726
304.944062602875
304.9080732086939
304.87007993487623
304.83025800993937
304.7886624836865
304.7455154217133
304.7008120011221
304.65472928026145
304.60730354937476
304.5586739347271
304.5089443184017
304.45810834655805
304.4062948198653
304.3535181206606
304.29993263348797
304.24554427240986
304.1904193412347
304.13457711620924
304.07814397424164
304.0210769199111
303.96347010243966
303.90540750024803
303.8468299172953
303.7878124977768
303.7283864454932
303.66866024461086
303.60853040467816
303.54815367865206
303.4875070066107
303.4267523760701
303.3659405813103
303.30515010623515
303.24459750071236
303.18445136277313
303.1249148396932
303.06626304311243
303.0087415588145
302.9526324184824
302.89817908765656
302.8457779174408
302.79568036954674
302.74819832833873
302.70358512468033
302.6621757065958
302.6242116116203
302.5899475601031
302.559575498686
302.53331399061744
302.51127036893575
302.4936681765369
302.4805442563704
302.4720470492519
302.4681869546874
302.4689289191377
302.474318414603
302.48423313207957
302.4986246890788
302.51736592959065
302.540387766085
302.56743811891886
302.58812372339685
303.8532775744
303.93787066485373
304.021160312423
304.1034279928408
304.18456221505556
304.26437425829937
304.3421974859795
304.4164182365579
304.4865443566577
304.55250613600305
304.614389685795
304.6715138509415
304.72302853636705
304.76908993048625
304.81012149000077
304.8463990026281
304.87770324509495
304.9038468259817
304.9247753162672
304.94058445987275
304.95136910222953
304.9568678874998
304.95695150809826
304.95155460837464
304.94052868287474
304.9238267303433
304.9012330972556
304.8729101278048
304.8392560964716
304.80085506075807
304.75861395538595
304.71535491306634
304.6737567726768
304.6350727353773
304.5996157199625
304.5676238764388
304.53927098560865
304.5098889518495
304.47672369170914
304.4401089095827
304.40032934305
304.35778013474544
304.31294977663265
304.26626125915334
304.2180936029528
304.1689120134954
304.1189541274994
304.0684073735381
304.0175404090079
303.96641421579824
303.91510349163997
303.8636788266192
303.812248667595
303.76069627685473
303.70919732562635
303.6577151886593
303.606166036027
303.5547053793847
303.5032600467328
303.4518539977341
303.4005070511385
303.34924091049396
303.29800086499426
303.24670129391376
303.19537606670787
303.14388026411024
303.09224861675233
303.04044842965595
302.9885145234057
302.936434129335
302.8843175573515
302.8321453607599
302.77983903716165
302.72734402160484
302.674778848049
302.6219072051186
302.56881138573664
302.5155203879264
302.4620136356091
302.4082159604018
302.3540517323183
302.2994023018315
302.24462329874575
302.19578649356123
302.1628385183635
302.1452396175814
302.1361833386221
302.13129898549636
302.1288761315947
302.1283035955922
302.12900996478174
302.13059951146937
302.13394799713774
302.1403650254504
302.15136631577263
302.1693933537686
302.19592806194004
302.23098098831565
302.2737225238348
302.32331806300425
302.37927741332686
302.4410437736003
302.5079056023498
302.5794834978511
302.65487194497274
302.73305432615143
302.8135522159326
302.89614622540967
302.98080903936216
303.0672190530127
303.1546055469419
303.2425653481524
303.33096075839615
303.4197091484684
303.508284001019
303.59602790852443
303.68273054496757
303.7684445147269
303.82623632979914
