0.022113586248013142
0.02118096072107366
0.0202840138651429
0.01942515765723548
0.0186052031714017
0.017826738568395287
0.017105052548320576
0.016434099156452466
0.015813389608546145
0.015242526900668926
0.014726412129954534
0.014279507044821048
0.01389318097131212
0.013567584934315773
0.01330171652606658
0.013099229008245974
0.012970812263918078
0.012909713841997085
0.012915411357968061
0.012986169694556168
0.013131276140927687
0.013357615618797182
0.013652100465806663
0.01401264711660387
0.014437352929222139
0.014918343505730968
0.015446591243563096
0.01602372215045099
0.016647510613333746
0.01731659682414842
0.017983798911910816
0.018630853604548175
0.019276660115159612
0.0199196967196857
0.02055864702968487
0.021187485439393812
0.021809918051400805
0.022425914689013508
0.02303755503139668
0.023645135877332107
0.02423334233429676
0.024823759917152285
0.025405500250301995
0.02599142980686545
0.026575525212972444
0.027168588375458925
0.027758024963543106
0.028347204786291758
0.028935776781544107
0.029523914772949144
0.03011583860870249
0.03070831226521272
0.031300840891166394
0.03189306026020368
0.03248491616262915
0.033075680051235366
0.03366545458081534
0.034254516628119965
0.03484268597474506
0.0354301851967161
0.036019812763591556
0.036609032345724685
0.03719779335139627
0.037786041788455654
0.03837354541714407
0.03895913739940262
0.0395436567455217
0.04012665005002511
0.040708175618861565
0.04128842121802263
0.041865974035020445
0.04244105137350827
0.043013401387387656
0.04357871124226679
0.04413359792061646
0.044691346111987516
0.045244368280749465
0.04582779663830834
0.04641058302792978
0.0470547542213697
0.047583126781445356
0.047977944993916666
0.0480146357848466
0.047595702268506734
0.0475109006449585
0.04736131766958075
0.04717500394136392
0.04696021128105468
0.04672248680015367
0.04644454076799736
0.04612856953202391
0.045778279908075585
0.045394430473254394
0.044978206804920984
0.04450092428070377
0.04396922754738993
0.04338613705850061
0.04275001914828891
0.04205901595378041
0.04132659618122535
0.04054516571765248
0.0397119598959987
0.038825863491053304
0.03788611968698591
0.03692458364404971
0.03592645318282784
0.03489041469405008
0.033816836851425086
0.03270827320840703
0.03161470776534901
0.030512881637276387
0.029403417772761252
0.028287806517995142
0.027170731823174272
0.026089346414029962
0.025031265806813318
0.023997102943661433
0.022988053118813738
0.022316714027184926
0.02462540260846196
0.023717892299761685
0.022855409825766452
0.022037306534863903
0.021261996364930928
0.020528356394777906
0.019836736136511934
0.019187569078414686
0.018583150265769635
0.018024732715722504
0.017512781918103723
0.017056396432449668
0.01666218317208714
0.01632940552231161
0.016056244839557275
0.015841727321155897
0.015692006823544123
0.015610005983687067
0.015593900823814745
0.015641783072812374
0.015752245403767347
0.015929674092253775
0.0161734780371138
0.016481530704868
0.016851582607639908
0.017281190426230553
0.01776009949256127
0.018282636372546523
0.01884794656939954
0.019455752368331847
0.020097644617024433
0.020739141312090193
0.021370145382113542
0.021991394578526963
0.02260304761965124
0.023205341088164615
0.02379897621548538
0.024395478328113954
0.024996053580760746
0.025600628117702723
0.0262040937785078
0.02680231636715819
0.02739816702561001
0.027990457665080015
0.028582131496717837
0.02917486566037605
0.029771751034431845
0.030368560284605415
0.03096503885155942
0.03156126782611796
0.03215741373962941
0.0327540155912163
0.033350112479294286
0.03394561540222663
0.03454044585359632
0.035134797349718784
0.03572924784149205
0.03632311269088929
0.03691605527266248
0.037508037120966994
0.038097924098442
0.03868645369560855
0.039273945339447405
0.03986048626142635
0.040445659915835944
0.04103004526763316
0.04161361078331693
0.042195384749466415
0.042775431082929964
0.04335344735552868
0.043928035166659704
0.044498278997352585
0.04506417085516931
0.04562607701129714
0.046176175604890075
0.046716280511342516
0.047253916104951395
0.04779813569845341
0.048353206758615146
0.04893743509785166
0.049521836495510944
0.05000027479411879
0.05030746623060591
0.049992760004852706
0.049459648527204525
0.04903089859165557
0.048678138116184835
0.04836241189995546
0.048066372643885615
0.04778133987572465
0.04749584092826964
0.0471939639019149
0.046869276025597616
0.04651948030564321
0.046141542935964196
0.045721374890936625
0.04524647770304694
0.04471427642297702
0.04412478962545497
0.043477341409902164
0.04277040331212832
0.04200618823584811
0.0411856131644046
0.040310233018964185
0.039382253608709485
0.0384072457939938
0.037389886409033915
0.03633378893298362
0.03524135325161946
0.03412618296898125
0.03300578512399622
0.0318830395030956
0.030759192623722634
0.02963540477189506
0.02853540268468074
0.027477510284002995
0.02645850029519659
0.025475891343497523
0.024827442607359577
0.057200751045978306
0.05685425729919702
0.056515918353547946
0.05618566105916517
0.05586390418536912
0.05555075745035451
0.055245697926731875
0.054948585187019984
0.05466004031622679
0.05438003181420841
0.05410918186280867
0.05384777988164896
0.053596838636629535
0.05335649944372273
0.05312765731371415
0.0529109891652258
0.0527080499201993
0.05252021573198259
0.05234798365847426
0.052191891376420364
0.052052695391128695
0.051932522470023494
0.051832026017533006
0.051751328163931305
0.051690864414028016
0.051650656613727634
0.05163175182404988
0.05163407249942964
0.05165734206755331
0.0517014853407054
0.05176368738732736
0.051833081722265674
0.051907265543844845
0.05198541963864962
0.05206684267268934
0.05215108062601239
0.05224039378325823
0.052348868729325294
0.05247420470481245
0.05261415994298829
0.05276307687795709
0.05291912646873402
0.05308077254967888
0.0532474300722816
0.05341893453861829
0.05359571969310422
0.05377811258925412
0.05396490421284957
0.05415599788129795
0.0543507606622329
0.05454932032998263
0.05475165721629759
0.05495782360190627
0.05516764914728158
0.05538091031828718
0.05559736025190338
0.0558169000039375
0.05603933057086744
0.056264720873575806
0.05649272096413483
0.05672345854897198
0.05695636985216282
0.05719160336891778
0.05742887708862501
0.05766837318066239
0.05791015248719635
0.058154192028480725
0.05840067523945024
0.0586494346685951
0.05890035666480059
0.05915328558592696
0.059407898112350616
0.05966423781831799
0.05992218823806631
0.06017969400453721
0.0604384238365912
0.060698293006487075
0.06096129510803238
0.06122732289210221
0.06149918808595961
0.06177329868964418
0.06203207753788997
0.062284590567384314
0.0625054181889554
0.06273276482622944
0.06295396093276567
0.06316622162427993
0.06336918582069055
0.06356233992362978
0.06374151947387625
0.06389381301407468
0.06401725438006882
0.06411097650264876
0.06417507555426126
0.06420472464413599
0.06419114094966633
0.0641340970709535
0.06403432193745948
0.06389204902211518
0.06371109325609375
0.06349783416921657
0.06325306568108734
0.06297749476856027
0.06267203274238502
0.062344036371591825
0.06200305477080705
0.06164978203496889
0.061285037288601185
0.06090907429639568
0.0605270137599579
0.060144084129197146
0.05976127447944262
0.0593792906611755
0.058998323074838634
0.05862112769649503
0.05824964060149222
0.05788446695646318
0.05752605146423438
0.05728617409248
-0.01382897526742856
-0.014314831127591618
-0.014773572148987727
-0.015205614321637388
-0.015613555548623663
-0.016000124898771808
-0.016361513832177054
-0.016691598993796467
-0.01699119588124239
-0.017262662782639278
-0.017508000583002493
-0.01772253671400978
-0.01790111089792608
-0.018045408710408505
-0.018158274505149653
-0.0182413613809851
-0.018291974454798087
-0.01830719271658947
-0.018287408334652738
-0.01823290522511128
-0.018144462030316034
-0.018018456643088442
-0.017852278045112635
-0.01764555036266033
-0.017398142440789906
-0.017111050113862828
-0.016786146217323862
-0.016427404755412284
-0.016038095730192593
-0.015619597008464197
-0.015173415293138532
-0.01471487557790062
-0.014259110598968987
-0.013813637071550507
-0.013381672561688436
-0.01296599888704224
-0.01256643250743331
-0.012162724603988925
-0.01174111103975538
-0.011300365305946603
-0.010843420359424191
-0.010376241314539736
-0.00990452878921377
-0.009433364867223818
-0.008962697250444141
-0.008492145507463997
-0.008019612839723935
-0.007547488272715653
-0.00707779930977916
-0.00661118391533488
-0.006148423800360153
-0.005691205585381517
-0.005240175115980618
-0.004795475774798092
-0.0043562287178929284
-0.003922891094828376
-0.0034958444975503244
-0.003075630918681199
-0.0026622250147081655
-0.0022554089019549634
-0.0018557715170733297
-0.0014655101262159714
-0.0010853390374833335
-0.0007149883972177787
-0.00035359430574329097
-1.8622874955557324e-06
0.0003385087226148868
0.0006679975966161293
0.0009868741926724544
0.0012959311959543974
0.001594460016489797
0.0018820591867436307
0.002158659995779862
0.0024242955101533687
0.002677651368157161
0.0029173064833523904
0.0031438333704075557
0.0033597794943427775
0.0035690079214658436
0.0037734616319971613
0.0039731787412070115
0.004152324821314447
0.004280691986440791
0.004268436831862599
0.004107955554746026
0.0038489506371400667
0.0035399429342479263
0.003224169662112365
0.002930260339248436
0.002669398141914198
0.002409111272799883
0.002118887099940289
0.0017847069727613912
0.0014005718110248354
0.0009671947072564055
0.0004873130825557824
-3.587365691018983e-05
-0.0005989873944735746
-0.0011972107270918529
-0.0018255580304370816
-0.0024756209293519426
-0.0031419382017949127
-0.0038211457741223393
-0.004511193114600124
-0.005208315376790103
-0.005904274202255697
-0.006596225441155617
-0.007283804074883567
-0.007967259554329555
-0.0086434133103242
-0.009304111325889526
-0.009948517110130142
-0.010578006879129217
-0.011194081104774926
-0.011792232082872984
-0.012364406334732764
-0.012911721422805441
-0.01343795049502876
-0.013785055390973305
-0.020228405096128145
-0.020621060048602997
-0.02099291838163185
-0.021344641782417347
-0.0216783260222203
-0.02199619043927202
-0.02229615922060511
-0.022572186620065174
-0.022823417888686536
-0.023051557018398963
-0.023258746583461467
-0.023442178450438732
-0.023597364800417985
-0.023724063072845327
-0.023823989867098824
-0.0238992426413493
-0.0239485305405682
-0.02396912870426832
-0.02396095029979084
-0.023924662772653104
-0.02386073367244554
-0.02376826493655181
-0.023644757955117012
-0.023489612339243793
-0.02330277654405579
-0.023085265460557503
-0.022839462741574616
-0.022569594348450853
-0.02228015877460634
-0.021974067007572623
-0.021656203955145368
-0.02135157097103358
-0.02108697715664679
-0.020878786152276237
-0.020735331677014773
-0.0206594412763427
-0.020629711911827976
-0.020508134424697858
-0.020296459063271613
-0.020028708105862655
-0.01972637218771628
-0.01940401830889064
-0.0190711631529844
-0.018733757098134535
-0.0183961764591391
-0.01806063654492853
-0.017728045618947863
-0.01739877290236516
-0.01707281316673697
-0.01674975202721208
-0.016429534289434986
-0.01611173861522996
-0.015796219976449855
-0.015482416032483244
-0.015170120549109324
-0.014858846777947047
-0.01454819728274842
-0.014238700272616896
-0.013930032545165123
-0.013622025193921994
-0.013314961750732277
-0.013008652988965311
-0.012704077001774077
-0.012401543948468012
-0.012101650774467983
-0.011804758055563283
-0.01151013307859078
-0.011219023175971782
-0.010931048726879928
-0.010646258369191395
-0.010365393511218096
-0.010089433884535972
-0.009819186835800008
-0.009554772497146613
-0.009297066278809841
-0.009048220507307487
-0.008808870909533782
-0.008578334678326485
-0.008353641053516823
-0.008132437857927268
-0.007914597065495198
-0.007711381536765923
-0.0075446976923848426
-0.007475572466461807
-0.007531916892199896
-0.0076843113215666605
-0.007880509010322178
-0.008072516001644143
-0.008231397689464407
-0.008347662061904565
-0.008446035846688182
-0.008555079653420604
-0.00869260248423127
-0.008868891696258391
-0.009089243905508353
-0.009357170352899983
-0.009674992919934003
-0.010042574470866848
-0.010457106216177042
-0.010913602832938572
-0.011401933637619306
-0.01191328449489246
-0.012441518335199195
-0.012982865544324255
-0.013533810014914176
-0.014087437176244349
-0.014640193563029761
-0.015190686730423607
-0.01573918509445897
-0.01628436051585925
-0.016820202708638984
-0.01734499685974427
-0.017858788019931664
-0.018362673404540054
-0.01885421949786694
-0.019326037718732276
-0.019777133269526577
-0.020208919781479002
-0.020492897408516626
-0.009219609213685755
-0.009587355314837176
-0.009958475547255308
-0.010331488354993581
-0.010705482920064855
-0.011078840137499353
-0.01145071893473902
-0.011820101591361291
-0.012185636169674047
-0.01254590986520469
-0.012900046143950558
-0.013246543189199503
-0.013584737591340391
-0.013913136810805837
-0.014230443605138822
-0.014535522084391603
-0.014827533437902522
-0.015105207622704986
-0.015367599989928541
-0.015613641929294422
-0.01584217004308951
-0.01605280582853517
-0.01624442831179404
-0.01641621469679667
-0.016567557631159205
-0.016697635275304934
-0.01680572155321501
-0.016891605717570306
-0.016954939308262085
-0.016996040839863683
-0.017014848128489624
-0.017012254803682965
-0.016989099877752104
-0.01694766739410455
-0.016890430337389736
-0.016819355295694043
-0.016736786268153184
-0.016644037371591845
-0.016541442976008378
-0.016427737493820285
-0.016302065269629414
-0.01616410281729605
-0.016014245226502785
-0.01585261155518898
-0.015680052418087294
-0.015497760434304165
-0.015306108971929305
-0.01510569423634804
-0.014897295021806922
-0.014681283645671417
-0.014458532799992752
-0.014229080433665154
-0.01399348865855546
-0.013752356312629851
-0.013505437185165482
-0.013253567083037834
-0.012996743370565389
-0.012735931044377487
-0.012471175411566957
-0.012203090442882451
-0.011932091155601654
-0.01165852215585353
-0.011382785267825468
-0.011105313259795777
-0.010826657065521371
-0.010546901621139412
-0.010266686699903762
-0.00998624971319512
-0.009706089768927631
-0.00942663326281065
-0.009147889771751619
-0.008870602541108568
-0.008595078609076509
-0.00832136029367405
-0.008049740217591925
-0.0077806883165399965
-0.007514584810768972
-0.007251922201945167
-0.0069927708300368185
-0.006736776831534265
-0.0064842875633773275
-0.0062350734848008885
-0.0059896948872617505
-0.005751519833695877
-0.00552782545828409
-0.0053257557395604204
-0.005149029740774775
-0.004997571444101503
-0.004868907781036993
-0.0047591561582712135
-0.004664613446980557
-0.004583032938438674
-0.004513845154240324
-0.004457411334919742
-0.004415191688697156
-0.004388840223773114
-0.0043797792199611945
-0.004389428233486948
-0.004419426578479995
-0.004471094582576132
-0.004545457619405711
-0.004642921180242066
-0.004763461089126607
-0.004907037429799769
-0.005073131689619303
-0.005261479098194763
-0.005470738028596426
-0.00569991434704126
-0.005947729947703376
-0.006212989441623797
-0.006494686663906849
-0.006791617690330914
-0.007102446684914757
-0.007426076693479509
-0.007761579185090324
-0.008107374453613113
-0.008461999289071244
-0.008823683666055751
-0.009072783667501196
-0.015101311825847978
-0.015177578694246952
-0.015255272158922487
-0.01533401749491288
-0.01541375986618666
-0.01549450665281943
-0.015575913559545771
-0.015657694563388783
-0.01573935694810556
-0.015820967647784165
-0.015902659817246107
-0.015983440686143626
-0.0160634102391871
-0.01614206192531229
-0.016219541928626884
-0.016295031747380232
-0.016368935677835098
-0.0164407532526788
-0.016510260372656977
-0.01657730858756873
-0.016641511172864238
-0.016702640612189006
-0.01676038796957767
-0.016814360361161986
-0.01686403842285742
-0.016909648255014585
-0.016951644898646225
-0.016991228072229612
-0.01702872176746958
-0.017064548174418773
-0.01709882408650727
-0.01713187882928597
-0.01716386584635244
-0.017195224829631886
-0.017226384547834664
-0.017257775839285252
-0.017288378415618193
-0.017308623735375558
-0.017319830243445765
-0.017324921603383735
-0.017324521755303638
-0.017319340422433452
-0.017309839213795444
-0.017296430378655633
-0.017279285421491025
-0.017258568199962923
-0.01723456544420124
-0.017206905855555253
-0.017175917247322564
-0.01714190067149782
-0.017104670966509933
-0.017064158157035086
-0.017020548065859793
-0.016973705526474817
-0.016923875154374726
-0.016871051793580647
-0.01681554758155213
-0.016757304186370087
-0.01669666879340767
-0.01663360134993916
-0.01656800761592242
-0.01650061244351927
-0.016431357917917534
-0.016360541578223847
-0.016287761312743662
-0.01621377920776024
-0.016138214896564723
-0.01606159150877597
-0.015983816387745566
-0.015905030656395376
-0.015825142667752114
-0.015744527132085146
-0.015663226077594305
-0.01558126534279466
-0.015498644202917477
-0.015415694626300927
-0.015332646812301277
-0.01524911906747771
-0.01516542731574096
-0.015081225654827142
-0.014996440928992046
-0.01491162514134646
-0.014828672265748731
-0.014750328997037166
-0.014678764997205839
-0.014613637613327648
-0.01455320290711244
-0.014496430140579252
-0.014441933854341813
-0.014388987521528394
-0.014338694450976856
-0.01429185794700494
-0.014249142011045018
-0.014211153347402292
-0.014178454741841892
-0.014151326132475196
-0.014130408455051573
-0.014116186494102529
-0.014108542209002978
-0.014107943480214115
-0.014113754814474048
-0.014125954643256836
-0.014144011766608082
-0.014168064255980342
-0.014197469731339729
-0.014231827902559453
-0.01427063996666946
-0.014314018115761693
-0.01436148503770924
-0.014412978970034067
-0.014468171872559036
-0.014526709895635861
-0.014588665005024133
-0.014653529629661786
-0.014721695260814594
-0.014792275833357607
-0.014864942909425917
-0.014939863970849246
-0.014991971078882704
-0.025822193992152954
-0.025915345701947284
-0.02601972082158064
-0.026135104896496855
-0.02626109729966345
-0.02639784262639804
-0.02654458124933031
-0.026700941084344714
-0.02686614520770316
-0.027039559180115028
-0.027220590841449222
-0.027408899209981696
-0.02760325876196964
-0.027802691782340485
-0.028006698000805987
-0.028214222986966825
-0.028424225302388913
-0.02863522005132429
-0.028846650345736132
-0.029057848079001598
-0.02926797341933263
-0.0294755451406309
-0.02967940271554055
-0.02987845047725486
-0.030071800954829444
-0.03025874008186231
-0.030438368681209808
-0.030609788693146223
-0.030771989916106315
-0.030924477889253142
-0.031066597252263344
-0.031199789435009926
-0.031325210540703176
-0.031443147661062
-0.03155398782256862
-0.031657936461329576
-0.03175446334234846
-0.03183795065096182
-0.031908524061581345
-0.03196673453105219
-0.03201346484755525
-0.032049192605718355
-0.03207446894301596
-0.03209024757180729
-0.032096725795173295
-0.032094495020058546
-0.03208408520203057
-0.0320657826740945
-0.03203976340129501
-0.0320059806772938
-0.03196499588376734
-0.031917180754072266
-0.03186259031057189
-0.03180232787496907
-0.03173615668056112
-0.031664698084117024
-0.03158817446966537
-0.031506789556875914
-0.0314207605479826
-0.031330502349013994
-0.031236124731906626
-0.03113745951184026
-0.031035415154927592
-0.03092952597862953
-0.030820350509677692
-0.03070751009839979
-0.030591752032927147
-0.03047284446000624
-0.030350918241491314
-0.03022652215109502
-0.030100209113765205
-0.029971924780045893
-0.029841872116223606
-0.029709813771209723
-0.02957573526405365
-0.029439856134876232
-0.029301827718433128
-0.02916104786211241
-0.029017355469994677
-0.028870570379523758
-0.028720953111019933
-0.028568441218696235
-0.028413355872392607
-0.028256533369881164
-0.02809990150740719
-0.027944995677313185
-0.027791620838934303
-0.02764002012364673
-0.02748972647374544
-0.02734104917076563
-0.027195328208110426
-0.027053565073363154
-0.02691644826528609
-0.02678461888057881
-0.026658848320953988
-0.026539821801419596
-0.02642807462921191
-0.026323911570616667
-0.026228288088967083
-0.026142545336563124
-0.02606667971085099
-0.026000781424270675
-0.025945086817326424
-0.02589956068213243
-0.025863957435421896
-0.025838752836013345
-0.02582315325189035
-0.02581671056585746
-0.025820263595345973
-0.02583358830550737
-0.025856672837090488
-0.02588959158774247
-0.025932618397987797
-0.02598576023973922
-0.026049321773487368
-0.026122698953479205
-0.026205904995015454
-0.026299280931568324
-0.026368378463928782
-0.020216307376535608
-0.020337638150967063
-0.020467398216243975
-0.020605105332632986
-0.02075032081816665
-0.02090248116932733
-0.02106184172077777
-0.021228128070216446
-0.021400392715957395
-0.021578110312286226
-0.02176078376326673
-0.021947203066620253
-0.022136394722788316
-0.02232768347530289
-0.022520222557400497
-0.02271367716578468
-0.022906918248750706
-0.023098620054324472
-0.023288590417229207
-0.023475740919434843
-0.023659230682217577
-0.023838810679453256
-0.024012967923547433
-0.024181485235591015
-0.02434324941791339
-0.02449789252783413
-0.024644704457530846
-0.02478323661492071
-0.024912998684714874
-0.025033882041302497
-0.02514551700767251
-0.025249015723733195
-0.025345920678383052
-0.02543746847116091
-0.025524456527195566
-0.025608014295300515
-0.02568739911407319
-0.025754088091920733
-0.025809466873935663
-0.02585402154119789
-0.025888350804860127
-0.025913178693420965
-0.025929124382553084
-0.025936549249990427
-0.02593618202024274
-0.025928003873026243
-0.025912799606621406
-0.02589036361399689
-0.02586110458342375
-0.025825374724683613
-0.025783061135206307
-0.025734671117003907
-0.025680239527356718
-0.02562041466537641
-0.025555006054080728
-0.025484226474494758
-0.02540848798724966
-0.025327693979775925
-0.025242085978676908
-0.025151891476185052
-0.025057424508484555
-0.02495851085424036
-0.02485558604561387
-0.02474867534038196
-0.024637935047806182
-0.024523742244612987
-0.0244057665290661
-0.02428452375414769
-0.024159896761537396
-0.024032558964039375
-0.02390227344682114
-0.023769646027363863
-0.023634305824546255
-0.02349684756539166
-0.02335721478879146
-0.023215065874027573
-0.023071174866929136
-0.022925241460793694
-0.022777133582899997
-0.022627240772198617
-0.02247530835202281
-0.022321752910061984
-0.0221666873981606
-0.022011847313837603
-0.02185911188302411
-0.021709384673633623
-0.02156248404983273
-0.021418104142383588
-0.021275976317347303
-0.021135642687934428
-0.020998198107983868
-0.020864756589903805
-0.020735973041992387
-0.020612511481508028
-0.020495099621420425
-0.020384878434647098
-0.02028272597848386
-0.02018888368545756
-0.02010448241570239
-0.020030435973648494
-0.019966743553094204
-0.019913846217173597
-0.019872205374605767
-0.019842040658187104
-0.019823531328404764
-0.01981669599393329
-0.01982133125607116
-0.019836867390029565
-0.019863823619540717
-0.01990211480024434
-0.019951741208159124
-0.020012412584061185
-0.020084105721606033
-0.020166697956111663
-0.020259877805848165
-0.020362684114976284
-0.02047493658520243
-0.02059634251363208
-0.020683653962375276
-0.0025580639240337095
-0.0026786981311666944
-0.002809398555261103
-0.0029494960279645125
-0.003098473450333388
-0.003255412178089923
-0.0034204509287569227
-0.0035925738595309715
-0.003771303307489399
-0.003956570505518256
-0.004147334243159642
-0.004343594227525902
-0.004544785893986718
-0.004750456705179895
-0.00495986465330028
-0.005172765551969523
-0.005388527761385183
-0.005606750652722637
-0.005826879712797301
-0.006048436661083994
-0.006270381360598418
-0.0064924260265020765
-0.006714128399713101
-0.006934426551590294
-0.007152541844578293
-0.007367828634562976
-0.007579614416683777
-0.007787043214429872
-0.007989025519359701
-0.008185045420585334
-0.00837421781298116
-0.008556001385246429
-0.008730291785657665
-0.008896938348080169
-0.009056091718589046
-0.009208334248189034
-0.009353626635115762
-0.009489995528717467
-0.009615455973542608
-0.009727644180336127
-0.009825184709027641
-0.009907710042930831
-0.009974861272474909
-0.010026711140957023
-0.010063619396678603
-0.010085861103366324
-0.010094306512020713
-0.010089554017036493
-0.010072193514718459
-0.010042749321795809
-0.01000219505762162
-0.009950779620183516
-0.00988926282252319
-0.00981842277778484
-0.009738773746075399
-0.009650649568143077
-0.009554849988089876
-0.00945167674601535
-0.009341511469969038
-0.00922514996786614
-0.009102800797525797
-0.008974850855080683
-0.008841485446715267
-0.008703558530956364
-0.008560980747089006
-0.008414200050495816
-0.008263563491830831
-0.008109189575823319
-0.007951604136790675
-0.00779082309446001
-0.007627084437477993
-0.007460648961496981
-0.0072916196154651095
-0.007120313391662412
-0.006947148599280022
-0.0067718456665222014
-0.006594954962924039
-0.00641634804017504
-0.0062364607868276465
-0.0060551231538436955
-0.005872857846264301
-0.005689100061309168
-0.0055046089252341205
-0.005319402894360955
-0.005133541199716032
-0.004948123957717687
-0.004763157156961828
-0.004579515071495221
-0.004397580700488545
-0.004217762506782504
-0.004040177197656552
-0.0038653502539929213
-0.003693902224219008
-0.003526348940158197
-0.003363171768192914
-0.003205491984833602
-0.00305376580430481
-0.0029091531790706904
-0.002772721960392894
-0.0026451584828103432
-0.0025275782302178777
-0.0024208134520739524
-0.002325412736408063
-0.0022426100869112997
-0.0021727501370905
-0.0021164151529151683
-0.0020737101904494816
-0.0020452926551904173
-0.0020312441627964198
-0.0020314335609528424
-0.002046198199963326
-0.0020750071323595055
-0.002117858636839991
-0.002174347104432175
-0.002244143742757285
-0.002326563159282668
-0.002421269529403222
-0.0025276195032894293
-0.002606065403681335
0.0015986753423556396
0.001462691010726685
0.0013158259905186255
0.0011585993062957984
0.0009915353488605234
0.0008151312165891357
0.0006300438949289117
0.00043644572792298517
0.00023520810142390775
2.6667841756423466e-05
-0.00018857998449530193
-0.00041024518996738845
-0.000637376476985433
-0.0008695242179423987
-0.0011057942021020443
-0.001345557293192011
-0.0015880029373384662
-0.0018324987207121723
-0.002078094998974087
-0.002323781009516096
-0.0025687657502496864
-0.0028123519146507933
-0.0030530100844231457
-0.003290407294574017
-0.0035233291848352356
-0.003750931827516992
-0.003972383055811619
-0.0041867218310316185
-0.004393003051906737
-0.004590807700016886
-0.004778836783070386
-0.0049572391142342015
-0.0051257995953941215
-0.0052845088296529
-0.005433311749889833
-0.005572457330180288
-0.005702189890823137
-0.005819323952227487
-0.005920016821754186
-0.006003030216609373
-0.006067302717593814
-0.006113446186829043
-0.006141419021377955
-0.006152395733358602
-0.006147217314370879
-0.006126722399979877
-0.006092272024361945
-0.006044839688951333
-0.005985160867778579
-0.005914612145597379
-0.005834251264284655
-0.005744653711424545
-0.00564680773916199
-0.005541493458812111
-0.00542933272074409
-0.005310894267669886
-0.005186915197841295
-0.00505782623808923
-0.004924274003623789
-0.004786888422298308
-0.0046458338569995115
-0.004501716117251841
-0.004354531626896619
-0.004204813333892942
-0.004052672869915161
-0.0038984368265886212
-0.0037425475111702556
-0.003584957109371225
-0.0034257505010329968
-0.003265161718842991
-0.003103361227923078
-0.002940225163029806
-0.002776040029802903
-0.002610507346286867
-0.0024442562012532867
-0.002277145556104741
-0.0021090775646227028
-0.0019403719712287597
-0.0017709638607909717
-0.0016005783914784754
-0.001429341498519087
-0.0012574386161998163
-0.0010844848161048854
-0.0009108222203940296
-0.0007363809985737815
-0.0005612368549596349
-0.00038554779253053135
-0.00020952184530857848
-3.3200685248030066e-05
0.00014299452110946487
0.00031869294731108356
0.0004928798190597338
0.0006643821831923586
0.0008322435054830277
0.0009953956127273689
0.0011527140658358199
0.001302948100057736
0.0014450416968271609
0.0015779303095651894
0.0017008106977002152
0.0018127043529699944
0.0019131013537917385
0.0020011900238246175
0.0020761738135695066
0.0021377161189504897
0.0021853952352607186
0.0022188986382313007
0.002238184434732875
0.002242981615299568
0.0022331835655432153
0.0022088596918667706
0.002170221266498915
0.0021172895366808856
0.0020505486822844426
0.0019702156476719634
0.00187658007128903
0.0017702644535150024
0.0016516776697358038
0.0015643173939651554
0.00838896465729002
0.008275234361391189
0.008153412846462005
0.008024549571050019
0.007888574748760601
0.007746251105524492
0.007597671565756041
0.007443443559570715
0.007283505892822534
0.007118496876730997
0.006948435423714925
0.006773592151033275
0.006594061848368858
0.00641015006631401
0.006222194777880861
0.006030362800740422
0.005834584699503442
0.00563579076216976
0.0054335557586208194
0.005229170585696184
0.00502255263424612
0.004814356918987668
0.004605346972792156
0.004395808656119944
0.0041868319651778094
0.003978989069527857
0.0037730506599021785
0.0035700685741135844
0.0033703245027409726
0.003175442382619389
0.002985967322064072
0.0028024286739943153
0.0026250690089172396
0.0024541125115660266
0.002289466878031275
0.0021310493478675
0.0019782919167442375
0.0018339778045879615
0.0017012743084682247
0.0015826044552403821
0.0014799210281680425
0.0013940869346745364
0.0013253673493237679
0.0012736129367981214
0.00123843722374471
0.0012193537902700554
0.0012150147672527816
0.0012251884279652538
0.0012490042683205647
0.0012851951253560682
0.0013331339368290573
0.001392021556926483
0.0014612059451055766
0.0015396439749657633
0.0016269168606072586
0.001722105218989047
0.0018247864052357888
0.0019343520540527532
0.0020502191614200295
0.002171816466300433
0.0022986538904397192
0.0024304653994240972
0.0025666446253309566
0.002706797065717335
0.002850519079202772
0.002997884859863547
0.0031480874376340826
0.0033010546675319957
0.0034567210327878
0.0036143305779834543
0.0037741366456930615
0.003935562672341486
0.004098711279297798
0.004263386198708939
0.004429114038075194
0.004595778830809767
0.004763710860566686
0.004932282331298017
0.00510144792349531
0.005271279552887132
0.005441517774496899
0.005612242972138784
0.005783114476433811
0.005954339300367978
0.006125592786877465
0.006296456170646927
0.0064666145606643265
0.006636020014463206
0.006804271548075321
0.006971238270762783
0.007136381223800955
0.007299663598782195
0.007460166301961395
0.007617299375333795
0.007770302229117081
0.007918175690471149
0.008059967909406706
0.00819496583973851
0.008321717776946793
0.008439877918653476
0.008547787422849182
0.008645058492703724
0.008730837896778086
0.00880451117117046
0.008865385145245415
0.008913199165872555
0.008947296654568934
0.008968113859971996
0.008975034719977359
0.008968557274615978
0.00894853962106234
0.008915699850065888
0.00886999329113908
0.00881227174575104
0.008742890564277676
0.008662368084337289
0.008571714190072256
0.008471470992273081
0.008398051645400317
0.01136233742544327
0.011262963035047467
0.011154229658948639
0.011037011013041512
0.01091116861998605
0.01077746818997941
0.010636159521537595
0.01048761306893696
0.01033242379158271
0.010170657113405287
0.010002698358082344
0.009828921648565995
0.009649838480405803
0.009465661639138425
0.009277186412546897
0.009084497762963053
0.008888256699821146
0.008689021924371036
0.008487314313089238
0.008283491914341102
0.008078385525876575
0.007872545103626855
0.007666432305863398
0.007460816008346943
0.007256247081841865
0.007053240455584055
0.006852763334564437
0.006655154457964284
0.006461178326348338
0.006271828191616666
0.006087506247095091
0.005908834507167389
0.005736312785684713
0.005570107150361841
0.005410134531487003
0.005256690814853333
0.005109856072098133
0.004971080539446799
0.004843105495406894
0.004728165647130246
0.004627431552986614
0.004541659504799491
0.004471315434176643
0.004416218617496546
0.004376080778273368
0.004350577658980194
0.004338832133498758
0.004340408008463154
0.004354576109390016
0.0043807424756950476
0.00441800628890149
0.004465810282160114
0.004523210736969397
0.0045898922442029755
0.004665038661462686
0.004748043884884899
0.004838345752754501
0.004935496802139274
0.0050389151508434295
0.0051480069602767775
0.005262359038191964
0.005381589851967368
0.005505383825903522
0.005632961970146956
0.005764783742167313
0.005899598796140377
0.006037817965454741
0.006178719878134515
0.00632233467890187
0.006468243706845482
0.006616346835401566
0.006766545697414672
0.006918280766601143
0.007071706365438837
0.00722673629515099
0.007382912170683148
0.007540337744659168
0.007698812248557278
0.007858313362128194
0.008018822290752604
0.008179976118413453
0.008342157256908336
0.008505004998276292
0.00866843069630602
0.008832756540514788
0.008997278550147949
0.009162534063640084
0.009327658773693782
0.009492705049508596
0.009657644788292388
0.00982173564022041
0.009984401876226788
0.010145270874931325
0.010303137536273094
0.010457603176458332
0.010607366459837099
0.010752021496801208
0.010890408522149512
0.011021806849943791
0.011145162956278067
0.011259828974021472
0.011364866498734564
0.011459702540965266
0.011543544285678267
0.011616157586063396
0.011676881630010606
0.011725454459224705
0.011761107185811323
0.01178439342313668
0.011794772838707467
0.011792608410336029
0.011777952190846068
0.011750900275354843
0.011711935500420578
0.011660968582071529
0.011598853017653803
0.011525660293474106
0.011442199724988718
0.011379506131415789
-0.023932165091780474
-0.024192381342980098
-0.024447485187945643
-0.024698654586714917
-0.024945411270988236
-0.025188214250449207
-0.025424750662007493
-0.025651083282605406
-0.025866367691548316
-0.02607088159428721
-0.026264944711224324
-0.02644666825108337
-0.026613667231795927
-0.0267658013808429
-0.026903921102267733
-0.027028996000178034
-0.027140130077500386
-0.027236303200462317
-0.027317592101864747
-0.027383934603376837
-0.02743556775325375
-0.027471056641040867
-0.02748965808559142
-0.02749098238166754
-0.02747459845905848
-0.02743969154879324
-0.02738529732780829
-0.027311558518514332
-0.027219676286800863
-0.027110891635997617
-0.026988896708300663
-0.02686243964462553
-0.026740411155057695
-0.0266267680215543
-0.02652302088253711
-0.026430244215468787
-0.02634915899641833
-0.026266384537411317
-0.02617121552759409
-0.02606129788742008
-0.025936607889046268
-0.025798725813707953
-0.02564913080009454
-0.025490039481430374
-0.025323053464762345
-0.025150286813951157
-0.024972604999301356
-0.024791066320817047
-0.024606647696244446
-0.024419550455235813
-0.024230412633911885
-0.0240391661860539
-0.023846233867787607
-0.023651231847672937
-0.023454207517336113
-0.023254928358845836
-0.02305329670912632
-0.022849683611593823
-0.022644199212935492
-0.022437007905459196
-0.022228647255484877
-0.02201963875017735
-0.02180975302749761
-0.021599652426867014
-0.02138960394213118
-0.021179270586022547
-0.020969278073743956
-0.020759639114030635
-0.020550887937179317
-0.020343004564885414
-0.020136647759820644
-0.01993187460678233
-0.0197285545138154
-0.01952683212574692
-0.019326594362251606
-0.01912795461826391
-0.01893120734144514
-0.01873641729981844
-0.018543482486109875
-0.01835232595133881
-0.018162539074412017
-0.017973797006787365
-0.017787334533322208
-0.017623923346270578
-0.01751597763364777
-0.0174681827709494
-0.01746112419080247
-0.01747839615224472
-0.017510747456607183
-0.01755320596262603
-0.017600058568324046
-0.01764762107235249
-0.0176996229903354
-0.017762374319170365
-0.01784195824157897
-0.017947494705467224
-0.018083526686300016
-0.01824987463437345
-0.018442951429111374
-0.01865997127715543
-0.018897317235273197
-0.01915286423570797
-0.019423306926033113
-0.019706192446654665
-0.019997911556585063
-0.02029481402366756
-0.020594958586558618
-0.020897584491778497
-0.02120212559833026
-0.021507742711621036
-0.021812293933511803
-0.022114621368472677
-0.02241522804315037
-0.022714294490461792
-0.023010885814745002
-0.02330340844229518
-0.023591896862977878
-0.023876412695121835
-0.024068060825628203
