292.2737926405435
292.3583605549673
292.440347123658
292.51951622063496
292.59599182809274
292.6687614411942
292.731552332866
292.7886182241839
292.840298302315
292.886731446422
292.92751497259866
292.96005178561546
292.9860871599796
293.0058642496647
293.01944067072526
293.02653121578413
293.0263485693922
293.019740916901
293.0068830677108
292.98782854777534
292.96205635941436
292.92932726351734
292.8904297381353
292.845454361499
292.7945205229416
292.7387891122517
292.67906840447455
292.6146293712681
292.54557420635354
292.4719777195814
292.39890607652893
292.3283432441545
292.2567891616759
292.1842293118663
292.11065537165564
292.0389658677706
291.9692648297196
291.9005763278793
291.83270560989047
291.7655606542881
291.6955907580732
291.6290525997079
291.5548855490767
291.4884455682227
291.4237932233243
291.35190344790266
291.28783661031304
291.2253524646945
291.16430131224723
291.1047703408367
291.0475051010474
290.99198528453076
290.93811700323465
290.8858467630824
290.83518314383616
290.786020091004
290.73839784864055
290.6923619366166
290.64781005893656
290.6047931911718
290.563505121351
290.5237290286292
290.48538343302766
290.44843246443946
290.41286773697396
290.3787542057694
290.34579372096914
290.3140215625189
290.28336780896785
290.2536994357844
290.22456261796265
290.1962321842669
290.16863486153363
290.14851443413045
290.14018750810624
290.1220520614708
290.1047183545773
290.1221355394172
290.12682875347946
290.1532848375455
290.17392129782644
290.1783162271708
290.1832654043164
290.25098903711324
290.2705593516982
290.28321185994275
290.29449458993105
290.3046350168245
290.31357568210416
290.3285063260311
290.3502443908195
290.37307095596384
290.39679196998424
290.4214283469611
290.4503111474175
290.4836392620285
290.5203041982753
290.56044034298316
290.60412940945764
290.65298290111224
290.7067943777189
290.7653303926995
290.82851751409424
290.896294344157
290.9704540077653
291.0495963475686
291.13332064774113
291.2215142157291
291.3139639730451
291.40867970370203
291.5055765316587
291.60472042537424
291.70608343369855
291.8090207084414
291.90746942485464
292.00502735339563
292.10204238635094
292.1985589985038
292.26394247554623
292.79747577203074
292.8794852584381
292.9571751393145
293.03096403556475
293.1012978829132
293.1684534398401
293.2312376604754
293.2882225027016
293.3394560932677
293.3851982516061
293.42557111118305
293.459965728371
293.48804924231604
293.5099649996845
293.5258111695102
293.535775823668
293.53995604833705
293.53834865245454
293.5309402810904
293.5178065710655
293.49893761823637
293.47436946740396
293.4441630847856
293.40836571754204
293.3669812764321
293.32015511330025
293.2690644127143
293.21404252786397
293.1550275977729
293.0919041555033
293.02526318517585
292.9584452183044
292.89218466301435
292.8262982889345
292.7604493128578
292.69513354895054
292.6317799102076
292.57011167677274
292.50970417651774
292.4503530194112
292.3918623881975
292.33366508225214
292.27456178922523
292.21369138141824
292.15491135670226
292.0963543793154
292.03460616114074
291.9756903916345
291.91923443596437
291.8649696736438
291.8127210717829
291.76246723365614
291.71403078749483
291.66736045234785
291.62235004840096
291.57908752835317
291.5375180062894
291.4975614047347
291.4591432446628
291.42219746656235
291.38644619405363
291.35197878323663
291.31879836407916
291.2868975943542
291.2562282173127
291.2267146460372
291.198226309307
291.1706557392549
291.1440610017714
291.11830133262754
291.0931564580783
291.0683832103322
291.04397290801836
291.01999247651963
291.0079379881224
291.00193238032244
290.9912506902192
290.98914244381086
291.0012235298582
291.0233143590091
291.04544899038973
291.07133755230103
291.0988052989986
291.12832163541015
291.1629351321759
291.19460508221556
291.22017034650537
291.241162921193
291.2587129917878
291.27207097088535
291.2790278111058
291.2833121862598
291.28684646717994
291.2901620689025
291.2961390631799
291.3104193908349
291.33175644572117
291.3587727080382
291.3908804992787
291.42733874604437
291.46779979165075
291.51270764218714
291.5622737271669
291.61655812490585
291.6753303313532
291.7387346120112
291.8067168830956
291.87916011067193
291.9558894895313
292.0367818704215
292.1210869417533
292.20766868377757
292.29582733808724
292.38542504679003
292.47373853465
292.5601615313239
292.6455973482236
292.73033804285836
292.787545563619
299.5639247926166
299.59954500425846
299.63466080554366
299.6690958064836
299.7029222843918
299.7360459993513
299.7682607776557
299.7993301359276
299.829188752254
299.85780500949295
299.8851319619648
299.91086110002436
299.9348980992422
299.9571212027852
299.9775550602502
299.9961625572409
300.012871696663
300.02763222185837
300.04037652656984
300.05110859535796
300.05973852429463
300.06606360915094
300.06998889094757
300.0715437677759
300.07068374776406
300.06739555794763
300.0619085458825
300.05426294419965
300.04444593146764
300.03248947471843
300.01855114786645
300.0033892557746
299.9870750587862
299.9697716287807
299.9514217010829
299.93216186273094
299.9123919990304
299.8925431386039
299.87223657189867
299.85120486727305
299.82967091157605
299.8075435103304
299.7843835207885
299.76007119074
299.735399781491
299.7098531165092
299.682410604109
299.6545395514813
299.62636576128136
299.5979286840921
299.569390093277
299.54083004047214
299.51231975311657
299.48393420647335
299.4556790136237
299.42751553532196
299.3995393041097
299.37171277814315
299.3440802002037
299.3166531457374
299.2894140215015
299.26237029891234
299.23552165489514
299.20884909508044
299.1824132223639
299.15620618613553
299.1302918834754
299.1046552168284
299.0793323630142
299.0543114372047
299.02952510713493
299.0050003554458
298.98068048695507
298.95663136691167
298.9359029876557
298.9157600875979
298.8961078629585
298.8788910818946
298.86396934739327
298.8512282453652
298.8399157858102
298.8311197646724
298.8231200092265
298.81746417497715
298.81238297337956
298.80835928437756
298.80560162850765
298.8041122147805
298.80391203397085
298.8050956180037
298.808232983762
298.81335125362517
298.8204879686369
298.82965307226596
298.8409546084481
298.85457538858583
298.87050509260405
298.8887904039205
298.9094268298091
298.93221790959296
298.95689622724547
298.98341779637445
299.01184066256127
299.04218877161304
299.0739560183487
299.1065901462654
299.14005895796237
299.17437407018383
299.20952348946383
299.2451734845612
299.2811385386303
299.31736651541684
299.3538023121045
299.3904364036221
299.42711942305095
299.4636728465722
299.50001236170283
299.5361512622185
299.56056464043996
289.69456035856683
289.7334960636749
289.77091756419463
289.8064711922375
289.8401940682321
289.8721922884818
289.90216267780454
289.92953293913683
289.9542017293395
289.9762908443287
289.9958877169149
290.01274648224296
290.02637632799247
290.0367086568326
290.0437243508829
290.047635296616
290.04804776946537
290.04447977994613
290.03708391808266
290.02597880172544
290.01126305935975
289.9929227247562
289.9708408546963
289.9452033190258
289.91635397783443
289.88441531084294
289.84974472067785
289.8127629982196
289.77377915134224
289.7330887077251
289.6912951672018
289.6507771097702
289.61382628046107
289.581427337397
289.5540208945782
289.5317188457483
289.51542838372757
289.50509399242344
289.50139158716695
289.50462548026024
289.51444616217793
289.5292582759753
289.54655837398445
289.56304476456154
289.5801465729255
289.59759397674225
289.61027142899894
289.62066344562203
289.63049259108914
289.64057986101557
289.65110338027176
289.6617396057533
289.67236651451185
289.6829413350154
289.6935274685493
289.7040776913999
289.71429340731964
289.72389651497207
289.73290285064803
289.74118457030175
289.7486068248992
289.75451639039
289.75871533034535
289.76122649302476
289.76216878926294
289.7614093011534
289.7584728336485
289.75333103718816
289.7460807017669
289.7368943497624
289.7256318017128
289.7120279018102
289.696134212477
289.6779794631799
289.6607203632678
289.64617928820786
289.6320594847862
289.61731654049976
289.60345154374653
289.58997066573716
289.5756309665295
289.5602909383838
289.5435737617289
289.5224394504697
289.4960729360939
289.46554405395136
289.43180700181074
289.3950842408981
289.35534881433415
289.3129190767077
289.2709234374262
289.23199339147203
289.19747256502376
289.1676201063145
289.14268263254917
289.12301953093527
289.10902202150476
289.1007271624355
289.0981373080863
289.10093779350933
289.1087029602383
289.12097828918206
289.13753113668514
289.1580757991075
289.182300904234
289.20946080327195
289.2389222099428
289.2705623704287
289.30437167169197
289.3401284237391
289.37739909947646
289.41579927046433
289.45522426758583
289.49568028368867
289.5364366490051
289.5766001384147
289.6159956090269
289.6546527525984
289.6806041078918
290.2453162356566
290.2794668817897
290.31099190511645
290.33987827885363
290.3664903495062
290.3911370475094
290.4140214189508
290.4348792633641
290.4535217110105
290.4699344355303
290.48414658045857
290.4962404494819
290.5060158500795
290.51331722814655
290.5181351478948
290.52044634841195
290.51997701462176
290.5162154889544
290.5091455847732
290.4990067578068
290.4859746528004
290.4700607373362
290.4511902203099
290.42959507393095
290.4053855637068
290.37878540847083
290.3501090450234
290.31968642382867
290.28768772418715
290.2544001646325
290.2200029640134
290.18581007159145
290.15305641219885
290.12242938753985
290.0941957869837
290.0684854647316
290.04412588607636
290.0179904192103
289.9930955233186
289.97068623372974
289.9509568670786
289.9338096100716
289.919177366634
289.90684089563956
289.8965205172789
289.8880266552406
289.88118634137464
289.8757992264534
289.871751277442
289.868917340756
289.86725713150355
289.86673812640936
289.8672137070461
289.86869861888533
289.8711446160821
289.87451217962297
289.8787602107125
289.88366562424955
289.8891659500462
289.895177041585
289.9016145088559
289.90837727388777
289.9152230231726
289.92191422936105
289.92826915971716
289.93418237627077
289.9396354368274
289.9443884292467
289.94839009169425
289.9515524387208
289.9538019820984
289.95493947794665
289.95482225849037
289.9534713209835
289.9526184260035
289.9535625768826
289.95568221805524
289.9584109682962
289.9623847169509
289.96714828499466
289.97124433046883
289.9739350193513
289.9747315035831
289.9721571335867
289.9655340823997
289.95464260490405
289.9393305687036
289.91973996915317
289.8961188986234
289.8688569851492
289.84022435819486
289.812328321038
289.78634387678477
289.7626934498443
289.7418426469537
289.72425975374136
289.7104226081143
289.7006900845493
289.69522597788796
289.6939352155326
289.6968738816971
289.7038165809168
289.71459917427734
289.72908552960473
289.74698352079514
289.76771823149153
289.7907692797112
289.8158216143856
289.84272607832133
289.8712079701456
289.9008605191312
289.93127422343883
289.96232045976353
289.99404814629787
290.0263373192074
290.0588829767825
290.0913402161093
290.12363604887634
290.14545630030585
289.9986183284262
290.014959249219
290.03195476168474
290.0495398464852
290.0675406175265
290.0858584001554
290.1043540665482
290.1228856500246
290.141324693283
290.15956114681416
290.1774027723455
290.19478905121906
290.2115812366529
290.22761704249257
290.24283834679613
290.2570147487087
290.27015583883264
290.2821116195338
290.2927994709264
290.30205537525455
290.3098425638487
290.316019522031
290.3205767596989
290.3234676479588
290.3246412824893
290.32407432185914
290.32176567959266
290.3177410180024
290.3121485813433
290.3050921720907
290.29674883809116
290.2872273717176
290.2768257560972
290.2656507233
290.25404264875726
290.24216417503465
290.2302469231824
290.2185153441401
290.2071365423531
290.19635288219916
290.18643779144026
290.1776327360413
290.1701123506159
290.1639580292724
290.1591689848744
290.1555888237546
290.1531416124487
290.15142508838886
290.1501138204831
290.14910501819367
290.1483911319546
290.1479658681365
290.14782241943624
290.1480111326483
290.14858956091143
290.14949416855035
290.15074355820536
290.1523127274257
290.1542178394483
290.1564233325255
290.1588251391479
290.16145785369486
290.1642113996013
290.1670041462617
290.16970536144873
290.17234381657096
290.17479992980685
290.17703022412167
290.17900338486135
290.1805820846462
290.1818309669658
290.18260920332455
290.1828167572418
290.1824041585484
290.18133726391727
290.17960891833354
290.1774375321307
290.1749383270783
290.172188995591
290.1693217585821
290.16630975739923
290.16318615487273
290.15991892575346
290.15645439324317
290.15269175573246
290.14857095849186
290.1438736581976
290.1383671330503
290.1318064727891
290.1239676338777
290.11472705134577
290.1040207596103
290.09199763669284
290.0789657746618
290.06502566392174
290.05053657367597
290.03571698628764
290.0209418788418
290.0065417890319
289.99281331742685
289.98004686158856
289.968462097661
289.95826646668223
289.94963977125235
289.9426967662863
289.9374965043011
289.93414818560103
289.9326369344893
289.932874535744
289.9348792949736
289.93860438288874
289.9440284994038
289.9510688141509
289.9596891152036
289.9697706358659
289.9813214347731
289.9940675889411
290.0079143755591
290.0178659851175
290.2648085219262
290.2669234610955
290.2691905763231
290.27159966578097
290.27416630664914
290.27680931948765
290.279583818113
290.2823877105046
290.28524956908694
290.28811141618684
290.29089759567705
290.29369809775096
290.29640051432915
290.29899240384924
290.30145527701256
290.30381022720474
290.30598655386933
290.30794485538945
290.30969737955814
290.3111589831871
290.3124006760592
290.31337733874386
290.31404625805953
290.31441471088675
290.31452838841136
290.3143424116
290.3138501093505
290.3131207378596
290.31207288859395
290.3108108469716
290.3092350410792
290.30745250586597
290.30550564086644
290.30343773078084
290.30129857687444
290.29909230562794
290.2968655292567
290.2946233323529
290.29249761606627
290.2903850774551
290.28845812015396
290.28664321765194
290.2850254882625
290.2835779116589
290.28228930159366
290.2812579756004
290.2803747833498
290.2796506051882
290.27912286833725
290.27879542007713
290.27863487400424
290.2787416675233
290.27910855109815
290.27974069501397
290.28068386572073
290.2818712138424
290.2833111306657
290.2849669805157
290.2868584027692
290.2889220524943
290.29117047627653
290.2935474108461
290.2959834712805
290.2984472886118
290.30099042618014
290.3035249634614
290.3060555722504
290.3084943440683
290.31087478860644
290.31322553751363
290.3154235445616
290.3175117172617
290.3194463664889
290.32121144698823
290.32293258702197
290.3246974292109
290.3265480534987
290.3284766412784
290.33042050413053
290.33243425944903
290.3344815181569
290.3365155795379
290.33850200200044
290.34038969421607
290.341967782392
290.3431299229775
290.3438128751442
290.3439355664676
290.34353085270095
290.3425855345475
290.34109534089316
290.3390025562289
290.3364607344759
290.33338999727096
290.32991836723176
290.3261002368017
290.3221394915738
290.3180733331112
290.3140395816186
290.3100455811374
290.3061725487881
290.3024640000935
290.2990190430969
290.29582719487587
290.29295589597854
290.2904078047616
290.28822373597393
290.28636860253107
290.2848696709483
290.2837376509994
290.28292675323655
290.282495731906
290.28237011277884
290.28259388337517
290.2831148775723
290.2839237525736
290.28496615232325
290.28622904441073
290.2872029652525
294.0220892079301
294.0411824360465
294.061151114158
294.08207373868663
294.10391085979563
294.12666690304167
294.1501897997512
294.17418670579906
294.1985893026702
294.223315396524
294.2483620867498
294.2736415034507
294.29896261164436
294.32429504741464
294.34951029428174
294.3745724846241
294.39929791936044
294.42366724123116
294.44754021099624
294.47083897632245
294.4934479672592
294.515267465887
294.53609111658307
294.5558914295101
294.5744816213691
294.591870163747
294.6079779111034
294.62287771041343
294.6364822091162
294.648741114511
294.6596732497831
294.66936598173805
294.67802283074695
294.68571120080986
294.69243747015634
294.698252270331
294.70319211075446
294.70704973000807
294.7098299665934
294.7115790761364
294.71226532695454
294.71194107472667
294.71063591934717
294.7082949161521
294.70505108964295
294.70083935185266
294.69573457521807
294.689711437517
294.6828674589835
294.6752740460497
294.6669607637493
294.65791741677884
294.64827452999657
294.63788465501426
294.62687547325913
294.61523585736785
294.6029743517294
294.5900775081297
294.5766512562002
294.56263410836965
294.54808119456226
294.5330176472569
294.51742227629217
294.5013614504122
294.4848016773436
294.4677918969005
294.45033408501763
294.43246451655403
294.4141736739869
294.3954086278785
294.3761836137356
294.3564995893129
294.3363452164747
294.31581188925173
294.29491363329544
294.27366298551385
294.2521773569094
294.2305673901089
294.2089427730324
294.1873304415009
294.1657353308184
294.14421688150844
294.1228651589607
294.10177827391425
294.081017793918
294.06067355786837
294.0407602504268
294.0211794826664
294.0020395165034
293.9832437102674
293.9649509816822
293.9473198971833
293.9303781050646
293.9141692455081
293.8988235522486
293.88446128534486
293.871254110582
293.8593513387753
293.8486902420421
293.83919796491347
293.83092008494793
293.8238821701889
293.81804398402676
293.8134742614608
293.81024496087997
293.80831332131856
293.8077960405236
293.8087508473402
293.81108254507575
293.81486940476236
293.82008554100133
293.82666283259965
293.83465890811596
293.8440795869854
293.8548226641468
293.86689496819827
293.8801692945294
293.89453219431266
293.9049121949946
290.9336791526083
290.95363153038994
290.9744719868884
290.9961330080223
291.01858249595097
291.0417618299586
291.06553031308584
291.08965809446124
291.11410116992363
291.13878550355463
291.163560463331
291.1883786490257
291.2130320415977
291.2374320026067
291.2614034973837
291.28496935416257
291.30791693453887
291.33027121497156
291.35177666569496
291.37244275741756
291.39221833611987
291.41091327042915
291.4284917078615
291.4448569691448
291.45994810023524
291.47367640271943
291.48604436639596
291.49703696824605
291.5066777777907
291.5148796643285
291.52171152318573
291.52726141043814
291.5317146701588
291.53523581957256
291.5379036114869
291.53983437794886
291.54090746293264
291.54075736821375
291.53954627093935
291.5373690183065
291.5343141045032
291.53040600032426
291.52571580281113
291.5202535346351
291.51406728953947
291.507267425073
291.4997781278084
291.4916819793968
291.48306126370284
291.47389560276224
291.4642762911441
291.45419635130014
291.4436820314249
291.432762219278
291.42147750513277
291.4098303837252
291.3978364173836
291.38556895230283
291.3729968128366
291.36011874378175
291.3469812753095
291.3335839974187
291.31991927366767
291.306014089444
291.2918302788491
291.27740218520086
291.26274737900866
291.24783573863294
291.2327171168002
291.21725656053303
291.20156073442257
291.1855940138871
291.16937462087924
291.1528404684193
291.13605780510585
291.1190912334225
291.1019145787883
291.0845790777394
291.0671113750746
291.0495292931087
291.03187041996733
291.0141999825407
290.99661644428306
290.97918805642735
290.96189130164163
290.9447852367809
290.92783561063544
290.91099953026594
290.8942040861405
290.8774799841768
290.8609223860079
290.8445878839996
290.82855248050333
290.81297645419085
290.79798511649994
290.78367096495145
290.7702500293177
290.7577980007519
290.74648987588205
290.73630526176885
290.72741449998483
290.7198512471803
290.7135901193736
290.70865999866555
290.70518560196064
290.70316000600724
290.7026619682113
290.7038076821862
290.7065456582789
290.71091779710196
290.71682237132717
290.72431743961266
290.7332556739807
290.74371608605776
290.75562630992783
290.7688790337675
290.7834219747338
290.7991293625466
290.8104661243664
299.8581320967607
299.87523271240457
299.8936365907543
299.9134097138515
299.9343493232259
299.9565031795156
299.97966747960345
300.00389924292017
300.0290153918657
300.0549646358469
300.0816852062019
300.10900702963124
300.13685572675035
300.1651447296097
300.1937108836782
300.2224589930497
300.2512919494569
300.28003333389364
300.30861720281433
300.3368581581302
300.36472933854645
300.3920901447779
300.41874913555984
300.44468856788694
300.46973423201746
300.49380455796575
300.5167941153909
300.53861091293226
300.55916322430835
300.57841729696844
300.59628331447163
300.61274771467623
300.62783721598737
300.64153137989206
300.6539501857399
300.6651425225349
300.6752183399093
300.68399818157076
300.69128767228403
300.696981926607
300.70104361230324
300.70354993347917
300.7045672053929
300.7041731869058
300.7024581590984
300.6995901664484
300.6956238477572
300.6906153520597
300.6847100163424
300.6779051273061
300.67028164577124
300.661941908026
300.6528989577799
300.6432331013349
300.63295616747916
300.62215990563544
300.6108476224856
300.59908815218887
300.58690176310273
300.57426260131564
300.56122031638137
300.5478168700716
300.5340596473929
300.5199062688659
300.5054241442186
300.4905923621015
300.47538787271844
300.45987070379
300.44395645491755
300.4277479041274
300.4111807055906
300.39428191294564
300.37701782084434
300.3594452127009
300.34150909706284
300.32322214047633
300.3046078815048
300.2857112651958
300.2664991710599
300.2470132764923
300.22728066000764
300.2073209823272
300.1871260019356
300.16670645701095
300.1461337530381
300.12541248153383
300.10458877786016
300.0837187573216
300.06281553042277
300.041900491744
300.0209838823879
300.0001073833035
299.97936425137414
299.9588159854583
299.93855508216285
299.91864863237106
299.899314552271
299.88058090153834
299.86268242047225
299.8457217642242
299.82991380602624
299.81532772071023
299.80215536556017
299.7904502186598
299.78034878285393
299.7719452996636
299.7653082119865
299.76047418015423
299.7574497771342
299.7563467909397
299.75709191971987
299.75975188666905
299.7642517352554
299.770555058834
299.7786420159476
299.78850055780424
299.8000277741131
299.8131783500051
299.8229923238598
294.48697332132394
294.51325549347456
294.54137259251695
294.57123215234935
294.6027340628795
294.6358304231269
294.6703173610443
294.70618350766784
294.74326756108263
294.7814571460739
294.8205868575759
294.86052694225475
294.9011327395829
294.9421239412645
294.983440380977
295.02485615215545
295.0662282155239
295.10730947375146
295.14797948515
295.18809130473466
295.22743371765233
295.26584869428586
295.303288889308
295.33949969319957
295.3743834959586
295.40782235270626
295.4397304966914
295.46996835958373
295.4984092016081
295.52500727771985
295.54967898517083
295.57233192645424
295.5929606940932
295.61165284437664
295.6284522497698
295.6434331630053
295.6566246037747
295.66775418380996
295.67667356955957
295.68327518933694
295.6876645875234
295.68984328803043
295.6899441508282
295.6880335818049
295.6842498459251
295.67870200764236
295.6715121259311
295.6626935326652
295.6524159612027
295.6406789851663
295.6275710376934
295.6132071071484
295.5976590120826
295.58100600186134
295.5633028898521
295.54468132700754
295.52517256986766
295.5048665575818
295.48373462856034
295.4618935666174
295.43936467404774
295.41616944937834
295.3924406127645
295.3681444861995
295.34339189271424
295.3181360475015
295.29246942801507
295.26632201210396
295.23983344816753
295.2130229846091
295.18586802035753
295.1584628058065
295.13077282082094
295.10292510478394
295.07482482820615
295.04656213231834
295.01815697747907
294.989589192099
294.96091735548987
294.932196647682
294.90345024213957
294.87472030502283
294.84600662235727
294.81733326490496
294.78877698527435
294.7602961577373
294.73193363295786
294.7037914854425
294.67586834521074
294.64822507029623
294.6209422945263
294.5940875463751
294.5677498433238
294.5420768517084
294.51716527150637
294.49311758921436
294.47010891233094
294.4483161669346
294.427852461011
294.40889117746366
294.3916184787665
294.3761288186222
294.36255548307867
294.3510040818664
294.3415879193426
294.33438318439306
294.32947358052314
294.3269255637019
294.3268062361136
294.32916277474555
294.3340262670616
294.3414470118141
294.3513688839963
294.3637381129187
294.3785895103709
294.3958074754341
294.4152901088189
294.43699381223325
294.45296099692143
302.97460653276346
302.98782725613194
303.0025375922516
303.0187388591462
303.03630766710893
303.05524009682534
303.0754895578548
303.09699868302465
303.11965734560306
303.14341810733583
303.1682339773411
303.19396550813775
303.22053431339486
303.24785230792145
303.2758237582158
303.30431837031745
303.3332242959711
303.36246586633627
303.39186986289315
303.42137759209146
303.4508385373469
303.4801368034126
303.50920733046905
303.53785316975376
303.5660160563273
303.5934849461663
303.6202509497976
303.6461760743713
303.6711491491077
303.6950884072565
303.71792927705206
303.73959642342646
303.7600712057637
303.7793853941914
303.79757235997846
303.81467765097074
303.830739596975
303.8455364617209
303.85890606581887
303.87072910228454
303.881026680492
303.88970755566044
303.8968715791744
303.90254218294467
303.90682103925457
303.90976142190965
303.9113786462042
303.9117393068125
303.91091007029996
303.9088922468299
303.90576927851134
303.9015214530382
303.8963558471051
303.89019903728183
303.88316122197057
303.8752391268936
303.86655329102143
303.85711805673384
303.8469597758024
303.83611514001996
303.8246190215613
303.8125034125036
303.7997677341647
303.78641049870464
303.7725286253108
303.7580609362065
303.74303773838915
303.7274652458685
303.71140852599495
303.6947708959481
303.6776216273767
303.65996808529485
303.64183132309734
303.6231514264963
303.60402134517426
303.58436843216214
303.5643306094544
303.5437980456216
303.5229009177646
303.5016150884935
303.47999895424726
303.45805600232814
303.4357882885514
303.41324972088717
303.3904423326805
303.3674416313519
303.34422102127803
303.32085828755027
303.2973708138337
303.2737425882947
303.25008093669646
303.22643619642
303.2028472526706
303.17945039556
303.15634422806994
303.13360850353814
303.1113919546325
303.08985996600046
303.0691009325416
303.04932073533206
303.03059293412764
303.0130695459511
302.99691659547625
302.9821524954291
302.96893208523545
302.957351082571
302.94738156676954
302.93920859829683
302.9327788010379
302.928151709287
302.9253540430324
302.9244142633969
302.92526136330775
302.9279293731667
302.9323970617921
302.9386235396462
302.9465509006225
302.95619673906907
302.9636578654557
300.8990130921432
300.9150246481059
300.9327812135857
300.95227404253853
300.9734189458554
300.9961470785953
301.0204031626862
301.04609051543764
301.073185434634
301.101517858574
301.13106283783844
301.16167306200225
301.19327999407653
301.22567489894556
301.258819932604
301.29252049922604
301.3266794578785
301.36110310236336
301.3957374661605
301.4303926830042
301.4648760386613
301.4991631568265
301.5330556906884
301.56646784387664
301.59927322083695
301.6313478572201
301.6625894890559
301.69285504829014
301.72205493850777
301.75017497871323
301.77701752615496
301.8025539312387
301.82677392535516
301.8496143973101
301.8711184611876
301.8912512105286
301.910095424173
301.9274877392988
301.9432115013234
301.9572086954654
301.96942818772277
301.979847019162
301.9885362594276
301.9954263249085
302.0006636875224
302.0042031629358
302.0062122896248
302.00662711790625
302.00551789453164
302.00295092632007
301.99893407665456
301.9935686108697
301.986855626261
301.978864515538
301.96969758576836
301.9593808530342
301.947990252301
301.9355455700426
301.9221103709478
301.9077494276283
301.8924704785277
301.87637240358106
301.85947121869077
301.84176476291935
301.8234096171187
301.8042947477107
301.78454986275716
301.7641858656939
301.74325139736135
301.7217251394783
301.6997010547282
301.67712363854935
301.6540929791846
301.6306009259051
301.60670493646944
301.5823539129106
301.55766629181795
301.5326075816088
301.5072402159501
301.48160485774616
301.4556742699402
301.42954750504265
301.40321616624846
301.3767400261536
301.35012053006045
301.3233842455242
301.2966057233435
301.2697827367041
301.2429527105433
301.21620169550937
301.18957464865554
301.16310607946355
301.1369299115688
301.1110768652801
301.0856950968761
301.0608428241515
301.0366936843667
301.01332591658024
300.99094679865266
300.9696119948094
300.94946615951494
300.9306599883927
300.9133097531839
300.89750400554243
300.8833670091678
300.87100560599674
300.86046615714275
300.8517988271176
300.84512330278153
300.8404610202082
300.83789909930306
300.83742759202966
300.8390644896303
300.8428155314973
300.8486002421091
300.8565133124398
300.8664578149126
300.87835380627666
300.88754769513696
294.7833587739886
294.804653923772
294.82585200997295
294.84686536439193
294.8677463086132
294.8883569408199
294.90853436753343
294.9276267439835
294.9454691018598
294.9619017563214
294.9770247502684
294.99067756327605
295.00265236713057
295.0130658760602
295.0220930872755
295.02972563247556
295.0360104994273
295.0410034856071
295.0445486335795
295.0466915558411
295.04740201137037
295.0466512984054
295.0443849765676
295.0406362957022
295.03539232238114
295.0288074601436
295.0211797383297
295.0126364211322
295.00331460498245
294.9935175351034
294.98330500237927
294.9733206166744
294.96414727830347
294.95596733737983
294.9486798181926
294.9421931898859
294.93651760980265
294.9302078353851
294.9230540024685
294.91577184709115
294.90885117512374
294.9024613041455
294.8967070412181
294.89146959653493
294.8867028112669
294.88232861210975
294.87822098090834
294.8743073578898
294.87046205688034
294.8666911632281
294.8629240686887
294.85925661201077
294.8557213797486
294.8522932445557
294.8491186623925
294.846186698842
294.84351635296844
294.8411283620628
294.838938117947
294.8369825543361
294.8351445951804
294.8334019196643
294.8316757015424
294.8298090265032
294.82774894799775
294.8254553049445
294.82282880760204
294.8198369624981
294.8164067981455
294.8124945627388
294.8081063325902
294.80317178576524
294.7977168715467
294.79160448652567
294.7849763596648
294.77773347412295
294.7701493726547
294.76242044825983
294.75471822176786
294.7470941729028
294.7397120648224
294.7325476831466
294.72552918099046
294.7186954534498
294.71238019419616
294.7060914601429
294.6992731435586
294.69152125439155
294.6826384405989
294.67246210150665
294.6614911464015
294.65019711575104
294.63889013016336
294.62775621904154
294.6169778033978
294.6068005337939
294.5974630135045
294.58910275986887
294.58187119180496
294.5758556439376
294.57157323697754
294.56905346079236
294.56834909800307
294.5695715985715
294.57278002003744
294.5777342976835
294.584470544754
294.59279582579876
294.602744174543
294.6141529439176
294.6268235142555
294.6405665533598
294.6553044792626
294.67092459834777
294.6871716943221
294.7037746488931
294.72057414909375
294.73754218705835
294.7491772620827
