-0.04412478983520219
-0.04197973426212271
-0.03927443746570244
-0.03679203763488717
-0.03471925887314544
-0.03280882202273674
-0.029338281525098937
-0.025843023978735915
-0.02258296563826697
-0.019610144045407556
-0.0166589260106559
-0.013743176322480576
-0.010811597994610208
-0.007777606324413656
-0.004634303267597763
-0.0018400267999754752
-0.0001075281591857635
0.0012113849734701795
0.0021583923280470187
0.002789717782181368
0.003596401522614023
0.005127618426470918
0.006656544894915757
0.008186368605091537
0.009745798031807923
0.010985604264824101
0.011655812803943712
0.012339521632563766
0.013051778751710943
0.013821346753357796
0.013441220936962888
0.011626468582082918
0.009465723765349038
0.007147877753985089
0.004713109183019133
0.002066977213469975
-0.0007525646490062246
-0.003236506689430967
-0.006058438620475282
-0.00915334159221541
0.004114659799183485
0.011746166723975705
-0.0037551148224240524
-0.009350943216454627
-0.014999220377714523
-0.002589801097267649
-0.0012490804827448266
0.00010819402424841418
0.001662068699700545
0.003311676637895397
0.005414493821543253
0.007735469224967011
0.010213268576313819
0.012869765501285817
0.015642489951622266
0.017952139968826317
0.020208990703259926
0.022458156467058437
0.024676074565663335
0.026847308812712106
0.02899219685393816
0.031142731104637212
0.03333280415668834
0.03549592062171281
0.03775626983914913
0.04065739181175969
0.04362593564922955
0.04665703705444205
0.049773645207086076
0.05280445934574062
0.05531935207836226
0.05781936113642921
0.06035958371700329
0.050258598279297614
0.01969024284945499
0.00854696443773056
-0.003629615309889571
0.04425158788283758
0.02253307346367621
-0.07780876232016302
-0.09481204113862021
-0.07333085245434533
-0.08576719033519306
-0.0878691395711966
-0.07883840834584491
-0.05850061013706949
-0.03566373837834102
-0.011436461183817758
0.013833926056062113
0.02700368628401395
0.028523797914219443
0.02703587871483201
0.023234262358045953
0.017506894918908368
0.0112466969565131
0.004483382432000766
-0.0024334712605294084
-0.009261854772448532
-0.015847447983536583
-0.018396093820315568
-0.019361431269841467
-0.020052036070430834
-0.020472333798802436
-0.02058777911682943
-0.021290870324246924
-0.02220188894878973
-0.02272977693873308
-0.02289260541122104
-0.0228906443739659
-0.025394395111344312
-0.027736650856480936
-0.029890940647470818
-0.03200565067634377
-0.03416265332148226
-0.03627936218366629
-0.03813517919378537
-0.040018908086138026
-0.04208990567333398
-0.04367034244162956
0.014208950166239843
0.01720057038012502
0.018861656256488352
0.019735630618718244
0.019982584829098593
0.01960437809055882
0.018867545141555843
0.018462525330894364
0.018295073679281425
0.0181677144744272
0.018012252309500418
0.017723081163725524
0.01712377329801464
0.016374158984375144
0.015524685848496913
0.014662655741932448
0.013840526524383123
0.012908166055520117
0.011716286865476424
0.010272400243444502
0.00853750929384204
0.006714483161040305
0.00490146741984491
0.0031681615056278808
0.0014722957342881203
-0.00014522823260339177
-0.0019039353291771587
-0.0036992773720774773
-0.005461308068465237
-0.007166707347718648
-0.008871444123364781
-0.010977440346984014
-0.013493032688611782
-0.01624358494990726
-0.019146815346473795
-0.02215303296281444
-0.025010633401225627
-0.02749446308614061
-0.029834934257012023
-0.03353730254759341
-0.035333680463982185
-0.028229822414823434
-0.026701918240861308
-0.03374145768714338
-0.04194565241933168
-0.046144016513964416
-0.03974142346589184
-0.03432934805281172
-0.02953638707345464
-0.02500590848753411
-0.020481375905998734
-0.015817434153617655
-0.011074879432506601
-0.0063327829485374946
-0.0015779853670236195
0.0029911432059907643
0.0072539998802771686
0.011375317526091758
0.01533299453244432
0.019209800273805134
0.023033766940440015
0.02693495044084391
0.03084323622160813
0.03470974458723804
0.038553380061688645
0.042188847041408004
0.045667338462833565
0.04911038731658081
0.05254446847162656
0.05598501559887261
0.05958560325408374
0.06330604679158684
0.06700757352864084
0.07063859159830126
0.052451644213321526
0.02249550031266994
0.0007518747671519439
0.0003170622218105333
0.025583344413996668
0.006536696937341593
-0.03132673675914865
-0.03971030685213503
-0.03348433342264249
-0.03360493195844591
-0.0366252761489702
-0.03597953537778625
-0.03299254533234836
-0.028742887574845482
-0.023596144271442368
-0.018237058702007026
-0.012742834732298649
-0.007196329615816658
-0.001867747171777877
0.0029248650985335563
0.0065785621635972135
0.007903403779592798
0.007603589723546191
0.006571658199677523
0.005196822852418476
0.0037626523341036796
0.0025018484679754857
0.0015559073933440837
0.0008729823845295243
0.0004182249167017338
0.0002627994043033285
0.00017459219972782445
0.00015931932493581014
0.0003421509661685736
0.0006241958621699009
0.0002030109566367618
-0.0008334940504258105
-0.001541382304793379
-0.0015738079872610587
-0.0011531171345995682
0.0017070732889485512
0.0059648122788008625
0.009959697974954676
0.013505325993254052
0.01563744717425074
-0.004568017321171342
-0.004399228388747939
-0.004197051051191357
-0.004013776030542547
-0.003922266624234727
-0.0038889144723993456
-0.0038882962967237288
-0.0038770163646923823
-0.0038125651150346445
-0.0036826936112781344
-0.003509693145158982
-0.0033376638790271187
-0.0032198475844515922
-0.0031492577555366787
-0.003159570448106723
-0.0031867824579740168
-0.0032246786122781586
-0.003258250476983807
-0.0032880341657525445
-0.003315183211502936
-0.0033238548202906408
-0.0032962685485994105
-0.003260856885803629
-0.0031589346661588763
-0.002991357117120487
-0.0027679904050926926
-0.002475626987068672
-0.0022117473912882622
-0.0018999515700910544
-0.0016132576508861127
-0.0013155646466937677
-0.0011351979740469391
-0.000991642970783431
-0.0009673276991596398
-0.0010321899969003528
-0.0012243541595301118
-0.001550950548175164
-0.0018560912663405382
-0.002437130133547923
-0.004113249173415401
-0.005820813964859462
-0.006046612952151002
-0.007419571451067449
-0.010648682206302072
-0.014302954502487128
-0.017039622915049256
-0.016928058000528812
-0.016338158329647523
-0.015422524512768909
-0.014329817078966313
-0.013027780346839888
-0.011602718049590814
-0.01004468938919738
-0.008371761233652492
-0.006628552541195437
-0.004835343980401834
-0.0030501638092949104
-0.0012662686111123687
0.0005264760010812088
0.002275062278718258
0.0040898986697012855
0.005977471862201777
0.007934481361681544
0.009930855974684773
0.01201706276428821
0.014112643021621683
0.01625993003023111
0.01837888417269707
0.020539651444862132
0.02271886573359553
0.024931990519499916
0.027158739750593384
0.0294389172705036
0.03167054773198427
0.028170043922311705
0.024040960030858264
0.01954350921721121
0.01809852787223591
0.01947114185272322
0.01597456111522898
0.011332223002836234
0.010934780365615838
0.009964203472390241
0.008239373940954394
0.006369123380024316
0.005317728766483381
0.005166073730016012
0.00595522950896039
0.007651237081784426
0.009805630077502419
0.011040854507815678
0.011196875223758899
0.010322052303156425
0.008447882248749703
0.006009096098252612
0.0038961780404151228
0.002127909368170555
0.0007025632346792524
-0.0003557566039018008
-0.0011447177403129372
-0.001738121214667711
-0.0021109883863681535
-0.0022688270807569096
-0.0022489117190982576
-0.002117525694388458
-0.0020720439752804267
-0.0020639836693809675
-0.0020971350254462818
-0.002137622380494909
-0.002236169924943851
-0.0023765257968576883
-0.0025414178778890013
-0.002726578361141014
-0.0029302520029848753
-0.0031367895369967445
-0.0033740203801387383
-0.003571921227357641
-0.0037933702882152172
-0.003973758326205054
-8.202111304573984e-05
0.000957040311045342
0.0018919997311171207
0.002931522995394863
0.004030975979518967
0.005202659620808134
0.00646200383854485
0.007781858139244749
0.00913483266489892
0.010500816921395293
0.011889505978284682
0.013217295015923955
0.014473857573926014
0.015659062621358397
0.016761509974661824
0.01783520971526499
0.0188781648846468
0.019806853865899983
0.02071258319499397
0.021573689954907316
0.0224019246080183
0.02322412376256963
0.024086827821656418
0.024949428277487033
0.025822570293163587
0.026744687608601374
0.027676531158402237
0.02862752030102799
0.02950300037152497
0.030155137108463768
0.0306140877824789
0.030942584871274992
0.031175937790173882
0.031228202077569052
0.031036494019499348
0.030525836085201746
0.02914527171601278
0.026960798404946057
0.023906018282765607
0.01943151458018977
0.013449511633837254
0.008854159793564943
0.004118682339875929
-0.006499751692941279
-0.020420562350029994
-0.034236687712627265
-0.03756708012765276
-0.03501306578019373
-0.029895520775115297
-0.02367805628879945
-0.017077511927749735
-0.010438681658293343
-0.003937255765016017
0.00231547860279123
0.008309960378071711
0.013952488696235879
0.01918327804154064
0.024015483460449048
0.028470291011357455
0.03258762039306765
0.03646875635682196
0.04012352218689052
0.04357749474456017
0.04688303891360254
0.05001815022168273
0.05296476540252199
0.05575206158535672
0.058354477148970824
0.060805310744389766
0.06309738736290557
0.06521055207412872
0.06712838320226847
0.06887102466723331
0.07042124457121833
0.06616707683545138
0.0524926277464584
0.033427506053253245
0.014399459712371084
0.0020736507839344623
-0.006908599016874766
-0.016268651044340905
-0.023192197063360134
-0.02395149925102436
-0.020681781247504315
-0.01665807415423148
-0.013743492976193492
-0.012192040867877157
-0.011566818685397324
-0.011368002166006126
-0.011354276440656749
-0.011261669854173359
-0.011113819640496429
-0.010899655868953771
-0.010724384337903783
-0.010651580886195297
-0.010579299142648947
-0.010465108760164692
-0.010289416839552793
-0.010046133401823741
-0.00977916759235198
-0.009568365787507369
-0.009498203023163282
-0.009562281600145864
-0.009749349366554784
-0.010019227266521796
-0.010267614216702466
-0.010437396262894777
-0.010526627466643176
-0.010535311397751271
-0.010498042209129985
-0.010602858664125967
-0.010823816918469033
-0.011147923217560496
-0.011511452535805074
-0.011873058630579775
-0.012033893752804321
-0.01204883080617006
-0.011880751145917579
-0.011665989807181401
0.041586548417686324
0.039774789681720636
0.03798092004566492
0.03644698686078202
0.03516748510144817
0.034145037258579265
0.03333133530971922
0.03276834694905805
0.03237615986127334
0.032167117605123155
0.03215537656907832
0.03232887809941501
0.03268533342374488
0.0331692757413517
0.03373704769608538
0.03441335173603583
0.03514842506625113
0.03599611011578866
0.036936909807286845
0.03788985083732435
0.038886380707626594
0.039815170857139634
0.04064061065482145
0.04132271732813607
0.04192485699585023
0.042501113486483395
0.0431807649579359
0.04404408461487809
0.045022863208697285
0.04610863131254922
0.04709362997654984
0.04776360997552932
0.04799104374989181
0.04772642959816072
0.04692522741103964
0.04561332417687107
0.044669516158490435
0.04676577289987065
0.05005045537652737
0.05342963640842201
0.05640877894203922
0.058898421373133586
0.061083278987197794
0.06292839315521852
0.06419800798200438
0.0647915237354344
0.06476871573534222
0.06437220819277467
0.06379545679556622
0.06317827462913361
0.06259214340973013
0.06207109107519888
0.06162747113729496
0.0612740352610042
0.060934097186385996
0.060628568895936014
0.06026645677078792
0.05984524389854902
0.05936345890514688
0.05875379984828849
0.05814024967594863
0.057554830132903446
0.0570205413512982
0.05659632934192396
0.056277855233685864
0.056126183157001644
0.056057061130539695
0.05608308888363735
0.05620639294045815
0.05645843393025209
0.05678632464705295
0.057170727502040795
0.05760555286047322
0.05814261045489006
0.05562359309544343
0.04699883785392101
0.03292017100968384
0.01628026174570653
0.0021342765670761582
-0.009581213630958145
-0.020136118420268825
-0.02770063692404515
-0.029680616775305736
-0.027049187957786453
-0.0219893016787548
-0.01628490719471838
-0.010814537546334345
-0.005951110704504072
-0.0017004676177299304
0.001977851972059997
0.005218948579017385
0.00802472911589713
0.010297857369321924
0.012077302022717088
0.013352139688698271
0.014158993218146563
0.014516180622495139
0.014569836004518728
0.014390904829187177
0.014019175329586122
0.013579790219926089
0.013050243490441073
0.012399826645131893
0.011544152555384567
0.010526263726878511
0.009437195987333323
0.00836898040444937
0.007341693184062473
0.00643959637275545
0.005667522732174753
0.005016329843356201
0.00434827141960272
0.003565530673567245
0.002623275845056689
0.0013697909661882731
-0.00038280977304054945
-0.0025504576034698317
-0.005043817018269688
-0.006902886180049028
-0.020408470587271157
-0.01883501440886332
-0.017204366220240953
-0.015573529350469677
-0.013921802759470532
-0.01229495510374772
-0.010685896774007959
-0.00911668068612738
-0.007527169597839972
-0.006007955700724322
-0.004530987937282792
-0.003101573707951748
-0.001734128814205032
-0.0004342330071931977
0.0008135701092916498
0.0019987411756992907
0.0031002604863109373
0.004156235621415543
0.005127896394696437
0.00602919412610483
0.006869552758863746
0.007630041366894402
0.008309641486323386
0.008998275470391311
0.009530931000747306
0.010029597614341128
0.010424369495950537
0.010745068768729963
0.011000234951932272
0.01116674414491814
0.01122698366623642
0.011184609950576527
0.011054021121043051
0.010864417571613846
0.01064847509809696
0.010397642544647638
0.010178177354329009
0.00987670954271828
0.009521152883683553
0.008994122027874453
0.008247181682023763
0.0071527849321232455
0.005673223925401113
0.0037757317721414797
0.0012819099279535986
-0.0019326859830099581
-0.005767643802414366
-0.009647712366845774
-0.01309808317599348
-0.015881115020174162
-0.0179638753632259
-0.019428790905534017
-0.020296790851601774
-0.02070400680520857
-0.020708593139912374
-0.020424371520670784
-0.01987118193185355
-0.019152852191036504
-0.018249175343981308
-0.017239312898010933
-0.01614729431552447
-0.014966800946661503
-0.013705732359213216
-0.012353400672187423
-0.010954860916473068
-0.00947383343499734
-0.007900147105225004
-0.00629008885530867
-0.004666885001782837
-0.003002528870308649
-0.0013245229180120295
0.00034056902944303334
0.002005237679973442
0.0036254138255629293
0.005180931263370629
0.0064739489887257655
0.007039191487025998
0.006546406669569649
0.004971735339487173
0.0025847624964954402
-0.00035973158829387614
-0.0036422558444933755
-0.007082502713039454
-0.010460835143600935
-0.013487898233418531
-0.01609324817870557
-0.01827171124311698
-0.020093342237769953
-0.0216651355734656
-0.022964618976083172
-0.02406691207369762
-0.02500513781909322
-0.025796018841980742
-0.026431822915818283
-0.026936435355541938
-0.027354802328762747
-0.027653306363050495
-0.027832724182483802
-0.02791064753108454
-0.027897426358369434
-0.02779161657361291
-0.027619650874054328
-0.02738255550602033
-0.027130090395390806
-0.026788723635668338
-0.026417200841369278
-0.025994005404296337
-0.025530310099909848
-0.02505823792901963
-0.024529060079542
-0.023956997538615698
-0.02332767910815726
-0.02261650528947836
-0.021875903557496867
-0.021062880441180327
-0.020181826493743733
-0.0192624946348528
-0.018251184865740944
-0.017537224225676988
-0.041626531944839534
-0.04170743953304304
-0.04179003165888094
-0.04189227850979542
-0.041970353620387396
-0.04205884450185435
-0.0421373603069491
-0.042225364899018174
-0.042320114932937476
-0.042390518995166215
-0.04244867315624003
-0.04250212624180013
-0.04257628893844777
-0.04263049461926353
-0.042675706705034316
-0.04276638137215062
-0.042821323662490286
-0.0428814136902575
-0.04293191450379422
-0.04295468901047936
-0.04298087120833648
-0.04298655995211575
-0.042979296187661664
-0.042973878502995534
-0.04295284296323004
-0.04291588569283374
-0.04286741119074858
-0.04279874961743681
-0.042725485289503075
-0.04263887114528495
-0.042588044668716185
-0.04252324391996014
-0.04252405260720644
-0.042540599101608956
-0.04264356833494047
-0.042788198602071545
-0.0429391185563832
-0.042968718299599876
-0.04287681158058397
-0.04278540417442828
-0.04268171726686348
-0.04256932092131539
-0.04248652092915038
-0.04240259318391721
-0.042391868205137115
-0.04247946375383598
-0.042543120280030336
-0.04254074917068876
-0.042440948801450794
-0.04223826897064222
-0.042008850298094404
-0.04169407044735526
-0.04134317208798569
-0.04095948698961478
-0.04050731632172641
-0.04002277999662649
-0.03951853046353065
-0.03897900751720713
-0.03837913585648191
-0.03779368238475986
-0.03712248617587013
-0.03648186810732816
-0.03580172601811236
-0.03512388538717495
-0.03441885544908153
-0.03372686551907172
-0.0330256858748046
-0.03232274117657414
-0.03158549800122393
-0.030866996879249396
-0.030144326803013134
-0.029402719929275303
-0.028676352474209073
-0.027978554090849848
-0.027437989310918388
-0.027389271395853163
-0.02789633044505902
-0.028748879538753255
-0.02961110379314181
-0.03034286348535108
-0.031087602898301696
-0.03177172306638884
-0.03221337893151707
-0.032395679770505344
-0.03233203785644187
-0.032129590477875905
-0.031864830096398136
-0.03158094656510396
-0.03133406420531933
-0.031094133236917617
-0.03088028613873512
-0.030710548519533705
-0.030570007817306077
-0.03046345651389086
-0.030424158008103632
-0.03040196885453894
-0.03046117952375857
-0.030570446169459194
-0.030715743456335227
-0.030924834604734684
-0.03116647170259191
-0.031482857870608456
-0.03178048557272516
-0.032111043146154844
-0.0324538521647783
-0.03283481513852725
-0.03320097021532743
-0.03359555173018072
-0.033987531214636116
-0.03436390837186428
-0.03477538077945179
-0.03518311675784708
-0.03557881632588444
-0.03596044123974864
-0.03635147478900759
-0.036714662363803836
-0.03706378015953682
-0.0374435558395517
-0.037661859449183495
0.011762263523942539
0.011559612071030678
0.011419199718881787
0.011252932462595552
0.01108294855550734
0.010921287434099392
0.010782739136781527
0.01074389178934923
0.010792615612687607
0.010876983006735922
0.011042908157832789
0.011269227150128807
0.011544648958648282
0.011861129235751177
0.012220051144582144
0.012613542141726825
0.013015036518251418
0.013478888047501537
0.013928950867560262
0.01438608029621873
0.014875665274280272
0.015376603231130345
0.01588455838845125
0.0163705755864033
0.016888569671832415
0.017409856054040787
0.01791929113560475
0.018405223439376197
0.018902805135140182
0.019386699883073698
0.019839575449665137
0.0203012158339359
0.020740250078147414
0.02117562558675751
0.021607458897215832
0.02199147813591848
0.022369337593440928
0.022707074794169283
0.023061921486307903
0.02331808688333339
0.023466654329132284
0.023592748707130275
0.02364516046402702
0.023652243263484543
0.023575157273239614
0.023429011576860406
0.023250706007099855
0.023080387859627623
0.02288219667393706
0.02261069057788403
0.022286567317976524
0.0219002066350554
0.021442353177250094
0.020949505012288514
0.02040090464247154
0.019824446935458685
0.019219721660589904
0.018591535088143398
0.0179169138224832
0.017219332701269477
0.01650765082387727
0.015770290615059815
0.015024823006186764
0.014255481243191126
0.013460998699449118
0.012692397333703169
0.01187605653773355
0.011069291926614853
0.010286787878011258
0.009528567783446297
0.008887918253019742
0.008301540398736705
0.007824551661329407
0.007426750348549615
0.00704859304549584
0.006719291644124388
0.006379253705999412
0.005938920786476941
0.0054358257487730835
0.004796276547547274
0.0040416825674320575
0.003091609754079324
0.001867683143518688
0.0005359269421477398
-0.0009458586949569311
-0.0025173032704231524
-0.0041905010648278845
-0.005957419330206233
-0.007765723433492749
-0.00962553402488893
-0.011575335244548549
-0.013605373566457142
-0.015708120909993076
-0.017879239857203705
-0.020098897485400478
-0.02240746543467355
-0.024852845765502802
-0.027461738606028952
-0.030190708930813305
-0.032965643188297415
-0.03578490372171968
-0.03859633495745149
-0.041279299213309556
-0.04388097293263106
-0.04637754637727695
-0.04876526228736545
-0.0510600268874875
-0.053359095025935596
-0.05557827062090495
-0.05771917439583912
-0.05980509687712617
-0.061802497563460006
-0.06373601051026137
-0.06555322703267377
-0.06731986719346546
-0.06894992336584849
-0.07051340328734661
-0.07190201781084629
-0.07275372903452708
-0.009519692704559112
-0.009506715587966374
-0.009456468323692305
-0.009388937843539003
-0.009258213153019348
-0.009108015353061905
-0.008896142376254869
-0.008531249044126653
-0.008010812384248719
-0.00740402108621486
-0.006688033011383773
-0.0058999178822703524
-0.0050465266691742195
-0.004120122649074182
-0.0031602599165511214
-0.00214793159636401
-0.0010724399119206153
2.433838353670901e-05
0.0011525552561110512
0.0023124015207547093
0.003506268656545952
0.004696244541451145
0.0059139031962664144
0.007146103654475883
0.0084010059675311
0.009660755580285847
0.010926542575091618
0.01221401713744817
0.013500616202279147
0.01475737573551562
0.01600305097491965
0.017248532595893123
0.018432632144079683
0.01958826749680389
0.0207178103015602
0.021814386787925077
0.022879229115174492
0.023861178957553426
0.024770600776402932
0.0254956208979668
0.02603311662125489
0.026391874224645263
0.02670256049712941
0.02691111321888229
0.027001378868755224
0.026983905296460133
0.026872250782366193
0.026742097054736368
0.02654415248538642
0.026313349069739853
0.026051372540786377
0.025721920628733012
0.02535102378153948
0.024971183313485575
0.024498056380887614
0.024022131230072154
0.023472172706350845
0.02291197334180899
0.02231101349921437
0.021648723626352173
0.020951881970871642
0.020232182088017848
0.01949899999372767
0.018745176073056615
0.01797855191649326
0.01718382380977964
0.016410035690172336
0.015624917304313979
0.014817471206770766
0.014062719069551158
0.013325153831553704
0.01260236017974221
0.011954080416779604
0.011316088452689785
0.010684540383930612
0.01000979328073146
0.009270888440399803
0.00844199325164868
0.0075794104309326385
0.006617290903020492
0.005595215466532983
0.004366788593613515
0.0028193872150718913
0.001122898126061844
-0.0006803964415976855
-0.0025773516784796443
-0.004496472674221628
-0.006438350163256293
-0.008394752610162646
-0.010318057359506163
-0.012210594451122294
-0.01413737140026585
-0.01603224011312483
-0.017897812162474065
-0.019775805983821816
-0.021631008487996088
-0.0235176120686184
-0.02541575962285441
-0.02733153104824549
-0.029246335470112267
-0.03119610130033404
-0.033128047239121716
-0.03490760617705517
-0.03645777100055302
-0.03785587736176706
-0.03912158246250047
-0.040336365941151676
-0.04151726962868233
-0.04269547351395685
-0.043848570790609005
-0.04495577537405353
-0.04597764036772567
-0.04692953381363514
-0.047840717407138356
-0.048658289799128465
-0.04946970894754347
-0.05023097861814473
-0.05089600109712409
-0.05131282667574743
0.03720533466356676
0.03642347651826347
0.035527022310387124
0.03457626138028832
0.03347610772022446
0.03226922464293133
0.03099448183185465
0.029640120388666154
0.02815739759862738
0.026642459871459023
0.025069932758439526
0.023459632889036932
0.021812626311462604
0.020157328641159985
0.018468132532720824
0.016783417437061316
0.015083926194744515
0.013385913897966381
0.011677835069006484
0.009970151778966645
0.008263201299788707
0.006558915807611695
0.004887516044871327
0.003193922220343236
0.0015513073343454932
-6.922166771550075e-05
-0.0016664558260164523
-0.003209885141218811
-0.004723625927351864
-0.006179611009224809
-0.007573621146074932
-0.008928516151419165
-0.01024448993172066
-0.011471050892185036
-0.012663336026379974
-0.013794313009837371
-0.014891554890386327
-0.015942809371055758
-0.016928794803166974
-0.01790387028450637
-0.018927181715106763
-0.019975210190406347
-0.021103786104315677
-0.022285368211701257
-0.023582514786710123
-0.024914155657778828
-0.026370452928601375
-0.027815549664835636
-0.029229464433146817
-0.03054958878934814
-0.03172327955714531
-0.03275240245503709
-0.033579746438954595
-0.03421225298126881
-0.03465676553807137
-0.03492927960772684
-0.03495556047203881
-0.034798034789950597
-0.034460806172995476
-0.03392678313113221
-0.033282639516549736
-0.032449930775070926
-0.03148229072781142
-0.030364900412814963
-0.029148584874661515
-0.027786114124156172
-0.02635951366735586
-0.024800740274803806
-0.023181045191674677
-0.02145674353329141
-0.019679104431502774
-0.01781199762074014
-0.015898793677922903
-0.013955214334477963
-0.011922867713823655
-0.009871913251878979
-0.00784189621008175
-0.005844721786660906
-0.0038597853288378004
-0.001981230403866866
-0.00015860066589852526
0.0015915260566689256
0.003231324695173579
0.004843350062858535
0.006358631803425948
0.0077955716343620874
0.009168568494045324
0.010464518951878858
0.011700451198930241
0.012822411141001196
0.013895041681947636
0.014895411631556697
0.015815243466744667
0.016676279409146816
0.017468299253797923
0.018239552942660886
0.018938659879104723
0.019595896731877355
0.02020881411392678
0.020788556212686042
0.0212976578524944
0.02175039760214598
0.022162172611567686
0.02250783425372939
0.02277646095060006
0.022991668144263275
0.02314115542156067
0.02325880484285383
0.023302557708380134
0.023261661601435165
0.023183254448029624
0.023020229861905616
0.022772632561671287
0.02246808318334149
0.02205428699430814
0.021580765352824303
0.021023122650316778
0.02036415842884656
0.019862436621404224
-0.016974998085050888
-0.016996302887282093
-0.016922214056535833
-0.01677847363024878
-0.016498402452566528
-0.016139035691673322
-0.01570584766182627
-0.015215840644166957
-0.014637579330767923
-0.013986761758444094
-0.013252919545828901
-0.012427332406902018
-0.011515212042065378
-0.010538843870015397
-0.009448912242215198
-0.00829963733194619
-0.007079455207412685
-0.005827797245752317
-0.004510056608542416
-0.003168083294381763
-0.0017829094250096948
-0.0004122281175027198
0.0010005840083585481
0.0023790481388907495
0.0037616014994952545
0.005165376570750452
0.006518217207731502
0.00789369340440474
0.009226381317808677
0.010530751228946719
0.01181217014938554
0.013064726888925663
0.014256858118733685
0.015418221059288735
0.01649903503337098
0.017507382362952194
0.018418985717036603
0.01926117513253926
0.020045898025111447
0.02073768282399484
0.021299342126332155
0.02166886214168799
0.021929141794992828
0.02200782204398124
0.02187594516795487
0.021552435231209005
0.02102893186212599
0.020379453326455764
0.019646002826593147
0.01889238275605128
0.018111992220413174
0.01734797719696754
0.016626070062911065
0.015931926811794003
0.01532063605547138
0.014699556614039358
0.014146082686785213
0.013624747175857502
0.013158588430695017
0.012702112337535288
0.012303463896869217
0.011902037882236583
0.011505932900153462
0.011167810403471961
0.010810438968478215
0.010473292451427613
0.010110993039842952
0.009775412556943735
0.009465309754925611
0.009115108191669836
0.008772259024630424
0.008442757244593448
0.008117266353865433
0.007781266399608814
0.0074475560305256455
0.007127599282863055
0.0067930236989541155
0.00644817715379357
0.006082557258792302
0.005730598153846038
0.00529937761889019
0.004873562359058387
0.004385873677508849
0.0038475528311816645
0.0032710339502211774
0.0026247521750607347
0.001910051690314064
0.0011356853848904667
0.000252444637324965
-0.0007000129511070196
-0.0017176857737144018
-0.0027997221327502137
-0.003965991887889117
-0.005195663909286783
-0.006470705530843319
-0.007779660832561036
-0.009119408607341213
-0.010488452415061671
-0.011864570085005566
-0.013254749777225275
-0.014667784998241219
-0.016072452014292568
-0.017497384689978482
-0.018887054752465136
-0.020272035732972826
-0.021622907214619097
-0.022933656016657446
-0.024203365508839794
-0.025389308780209247
-0.026495514609166354
-0.02755417226451699
-0.02847446889339606
-0.029324426691699566
-0.03004857111207725
-0.030677998230556842
-0.031191044836707503
-0.03161238571523956
-0.03192743766073652
-0.03205578215524476
0.012125498856171786
0.01104294630182445
0.0099272472517465
0.00880095903468653
0.007637630261097144
0.006464224633328126
0.005279867724805736
0.00411782000371623
0.0029279654823022292
0.0017886504399486072
0.0006595485554768128
-0.0004010558874234192
-0.0014406308606229054
-0.002432773070330024
-0.003372074744896771
-0.004284261949345865
-0.005164214116838742
-0.005967551819503756
-0.006743676461122534
-0.007495823839636862
-0.00818672475724766
-0.00883863444036394
-0.00945613091988123
-0.010016237273050963
-0.010539484298687273
-0.011005107586001595
-0.011445220418686066
-0.011800510540025106
-0.012073966162718044
-0.012347855485195649
-0.012515006970545008
-0.012650192600555814
-0.012735995071892539
-0.012798027980264137
-0.012816103565893579
-0.012821595134841234
-0.012806325900961707
-0.012778320902763833
-0.012703141810790212
-0.012625974512375538
-0.012601515468439435
-0.012669690565528312
-0.01285469777757147
-0.013183356565360115
-0.013664800294974102
-0.014378822314894261
-0.01528399571988495
-0.01627498522632913
-0.017268077822471656
-0.018218785854146446
-0.019048808747085717
-0.01975952692593415
-0.02028934739658467
-0.02062265424114961
-0.020778258626696102
-0.020752292837892466
-0.020526415306505945
-0.02013204846161352
-0.019569847228517023
-0.018853424522596654
-0.01797037085091504
-0.016997491630370242
-0.015891331267247996
-0.014661996345365302
-0.01334422037320435
-0.011954940746481629
-0.010468847708113444
-0.008912402526396322
-0.007285069355607055
-0.00561178659209084
-0.0038988611684847687
-0.0021448277549961188
-0.0003514783296979165
0.001479923381464922
0.003323989183768598
0.005181327838868956
0.007011767062328884
0.008777157923949902
0.010448961065074475
0.012020190140206648
0.013452052057871795
0.014764472940149813
0.015987584105797578
0.017058624090007635
0.018036874323612357
0.018891834841112606
0.019625402654367925
0.020317470030534864
0.02086505057760898
0.021327101498569888
0.02170021699227903
0.02199685152972028
0.02221021700359254
0.022335299403301728
0.022416608547733
0.022408528053890677
0.02235607473518442
0.02224168216838617
0.022041841053784945
0.021788709327833937
0.021515322382258804
0.021127838527806482
0.020694130977925378
0.020219674823878386
0.019685471760476598
0.01906582485027639
0.01843242994291043
0.017732144735442375
0.016992223688273772
0.016203286194554415
0.015362974610084032
0.014485360261457839
0.013565694579866361
0.012620043573405309
0.011647788886212254
0.010625304320223012
0.009591349370932686
0.008528372641587687
0.007779988601776401
-0.013269032648859142
-0.012891074631084078
-0.012440022897137172
-0.011926998477655687
-0.011373960265607662
-0.01073393765912066
-0.010050935585267842
-0.009301974680094126
-0.008492268269966812
-0.007676069068944204
-0.0068028309277102135
-0.00586140462388984
-0.0048823546941111065
-0.0038522272654476584
-0.0027991688001349786
-0.0016680802190720415
-0.0005242733123051945
0.0006461700135005712
0.0018185615291741054
0.003020824408390606
0.004224286264413475
0.005424563290541168
0.006623846535002442
0.007798317660457267
0.008967062900338836
0.010145699605317004
0.01127059793354481
0.012390829857940546
0.013468632897458989
0.014511279821994755
0.015512829680277408
0.016449939512510826
0.01736576320877109
0.01820020701693053
0.019015867614377898
0.019732472907297075
0.02034213484441836
0.020892073065684108
0.021359449511428746
0.0217214815357186
0.02192246073016771
0.02193824368871366
0.021788842296906766
0.02144693275527003
0.020926902845522975
0.020170988893098065
0.01921597817806095
0.018139799986392036
0.01695769152456979
0.015722323733495285
0.014460250921380409
0.013223543456692511
0.012053359637243096
0.010918599943734335
0.009828915785384074
0.008798053119776189
0.007857414331984834
0.0069598718941909984
0.006147895209910677
0.005386727756342831
0.004671525424884754
0.004046526322392087
0.0034429725008342698
0.00287039200684841
0.00237008488442084
0.0018942239441719552
0.001485532461709949
0.0010915127356969146
0.0007385283692980584
0.00040131415566449833
0.0001044458883922062
-0.00014467076902047573
-0.00040631875286338814
-0.0006015152718376648
-0.0007794902611996187
-0.0009400503638803708
-0.0010876434425709008
-0.0012439292191365307
-0.0014012131653631
-0.0015478808994296531
-0.0017493218676232565
-0.0019925584818608314
-0.002250910294843437
-0.002545349102124725
-0.0029202890784461076
-0.003352167717058917
-0.003816354537979166
-0.004346331444434139
-0.0049150499157599075
-0.0055441250882180115
-0.006236435331742812
-0.006957793808203046
-0.007723133360702419
-0.008515523157976443
-0.00932772662272923
-0.010144830221207471
-0.01099604390533381
-0.011794883318449636
-0.01259194658213226
-0.013386623121359437
-0.014180562582129711
-0.014953868325548205
-0.015656429277228576
-0.01636404298285139
-0.017052928417293528
-0.017699048437709707
-0.018278899637267747
-0.018807646948946048
-0.01929474761051679
-0.01972376028728902
-0.02008016873841915
-0.020349046289222194
-0.02054210603101653
-0.02067478397210749
-0.02071397948984921
-0.0206870829818437
-0.02056497308266328
-0.020368376201595782
-0.02019212376126018
-0.0006084921728130034
-0.0010512935911264072
-0.0015423591433409156
-0.002200301122342292
-0.0029179865800758437
-0.003644990633262096
-0.004305271138965039
-0.004891006251326002
-0.0053671926113027495
-0.005805945346354377
-0.006183942958187451
-0.006500551920301794
-0.006703629383942676
-0.006787725902618963
-0.006759493357681897
-0.006658722782627882
-0.006452895389387319
-0.006188181514103211
-0.00588634049597614
-0.005485273242370215
-0.0050458647280855395
-0.004624636423487213
-0.004227059871196171
-0.0038213729364100515
-0.003404740899819255
-0.002984644427348484
-0.002546437686971496
-0.0021193648977424137
-0.0017409367948463975
-0.001409975314443059
-0.0011627616260442755
-0.0009276082026219094
-0.0007250230088808367
-0.0005431526436922442
-0.0003957346027447894
-0.0002734471063300468
-0.00014580665436638284
-0.00010720927423551095
-7.280284606897783e-05
0.00011983401427179385
0.00038421514965720615
0.0007194614256040337
0.001190325780753993
0.001773423683147914
0.0022524390796928822
0.0024441302127044475
0.002273838870365792
0.0019059117322570965
0.0015185583960070385
0.0012711852098780069
0.0012436109444854458
0.0015084181592358316
0.0020311123852438016
0.0027635472435185845
0.00370173262359722
0.004823235866155225
0.0060686514978397985
0.007456071488348748
0.008908478784568352
0.010439450896586083
0.012029771561707927
0.013661998231104946
0.015329613613173615
0.017049237982754154
0.018770094502213525
0.020531772551405113
0.02227453257132113
0.024000816900064417
0.025720470271757997
0.02743543656389383
0.029048003647996635
0.03067652831928596
0.032284279627426804
0.0338628173375316
0.03539431834473698
0.03658108833278482
0.03710469275315943
0.036564271933405994
0.03495543734657608
0.03257369606886125
0.02977658521123321
0.02679129068912228
0.02385450455624727
0.020730776449048218
0.016607285824033556
0.012156252637894324
0.008500179391994522
0.005862624342464409
0.00406990254590052
0.0029805500037068137
0.0026317500617084226
0.0029504209327567386
0.003683393612552373
0.004492428921812394
0.005385164639291118
0.00599874660046921
0.006406692561230026
0.0065869214583600955
0.006504259806475585
0.006237331214535937
0.005774023935170274
0.005058209812083155
0.00405102739701045
0.002770980076970257
0.0011482037622360666
-0.0008278687126884826
-0.0030751978399505206
-0.005549523344324544
-0.008224151141505286
-0.011011508092919687
-0.013833056296621423
-0.016685994729417494
-0.01951321814178932
-0.022241946317494418
-0.024906794309246357
-0.027442092515988926
-0.02984489390630593
-0.03210578498420148
-0.03353958865881145
