292.79318978800393
293.0545191426352
293.3029427768458
293.5410813190345
293.7689409702684
293.98547710745316
294.1834590079615
294.36663040127297
294.53560424065853
294.69055416816474
294.8294508192769
294.94527529978103
295.04335114838136
295.1239044612973
295.1872275266927
295.23295030155157
295.25950079541286
295.2675133669834
295.2571572394449
295.22881954915295
295.1803171842447
295.10997116853474
295.0210259980987
294.9140558477066
294.7894949615271
294.64985096085303
294.4977758041228
294.3322730881622
294.153802126406
293.9627475039987
293.77320842525717
293.59066356271467
293.4079217352891
293.2251492741077
293.0426406969341
292.86402866094534
292.6887818742825
292.5157261885104
292.34457590354
292.1749691297583
292.00244683329385
291.83416688603467
291.640051553043
291.4647639305785
291.2918324006627
291.1114437960949
290.93740881537485
290.7644515968843
290.59246559661244
290.42159351193595
290.25158927853687
290.0826532152885
289.9147957054253
289.74799467515794
289.58233537490577
289.4178194487794
289.2544911850869
289.0923770764859
288.9314950807498
288.7717578294457
288.6131531577101
288.455698971937
288.2993716191387
288.14419592902095
287.99007634251194
287.83686733471257
287.6847732225401
287.5338743073598
287.3841208953048
287.2354879273515
287.08816826682136
286.9420183480632
286.7970167053179
286.65916310384034
286.5322000834359
286.3970499484683
286.2636702117549
286.227291631414
286.1411509580584
286.07956818023206
285.98625319504976
285.93830500433864
285.9490051963995
286.0679260708371
286.09680229663957
286.1229340647608
286.1526865454394
286.1849092546712
286.2186670567879
286.2752110862126
286.35501833491486
286.4443915971521
286.54245124597514
286.6488374659023
286.7706597288408
286.9075385618507
287.05842793378775
287.2235488475283
287.40325903640735
287.5924019427165
287.7939810277302
288.00955683883706
288.2393469691368
288.48346183031504
288.7348111463103
288.9969990049411
289.2698919507066
289.5533430436851
289.84682863637966
290.14427705385174
290.4460556933852
290.7517693161024
291.06113823201264
291.37265393859
291.67412696556875
291.970305577101
292.2611791271467
292.5466250528646
292.7374686141422
292.88201655561824
293.13165657874396
293.36774074608417
293.59095737786924
293.8022687359718
294.00223028123065
294.19010654348625
294.36472361692495
294.5259490662033
294.67378593601234
294.8083192221111
294.92699929347
295.0279201605296
295.11130914242216
295.17776440359586
295.2275344944464
295.25956220548034
295.2734478065107
295.26964275863213
295.2485552211434
295.21048619139845
295.15472441959093
295.08136979974216
294.990777127631
294.8832944690835
294.75959678994144
294.62275602751095
294.47435194040133
294.3143779936665
294.14269678025664
293.961669079994
293.7816119879903
293.6049653059223
293.43123662461045
293.2600047572634
293.0914138237136
292.92614976431776
292.76188996559506
292.59887451317684
292.43676312594704
292.27568046604387
292.1140597818333
291.9450229228122
291.7661691538455
291.5889434170424
291.4126428928209
291.2338597889615
291.0578485716958
290.8842694529776
290.71272740270007
290.54297401565987
290.37455755824425
290.20759640272064
290.0419971649724
289.8777508066597
289.71501426859055
289.5537755560981
289.39399072582825
289.23558682608945
289.0785044601501
288.92283121933787
288.76838606383956
288.6151712980852
288.4631350572381
288.3123148899047
288.16267095723725
288.0141351087941
287.8668905316854
287.72089044507646
287.57603408241715
287.4322704635763
287.2895511046942
287.147917655714
287.007423945824
286.87843712236486
286.75637693598264
286.63164922385835
286.53559343938144
286.48115092955504
286.4369065178599
286.3858263933629
286.3488339248624
286.32518548281047
286.4220652344454
286.5669628258786
286.68235888529114
286.7741951321137
286.8524916647277
286.9217650938593
286.98370716124566
287.0402142826826
287.0965880068974
287.1558067979242
287.21932541632765
287.29039793663276
287.3770870334189
287.48208294222394
287.6050749567635
287.74502507516627
287.9019444246936
288.07699052738053
288.2693904764745
288.47835670081867
288.70316363692734
288.943089915838
289.19679790713315
289.46283258764583
289.7400104395846
290.02753728648486
290.3231233525196
290.62255508509475
290.924300697813
291.22762831072265
291.53214832471883
291.8287690651991
292.1133753334109
292.3885404983028
292.6552190642823
292.83201657332756
294.2773039697181
294.3761060633996
294.47278042806465
294.5673061037135
294.6595924351601
294.7496043582491
294.83721210314184
294.9222210369254
295.0045608112565
295.0841500682676
295.1608323745093
295.2343706431009
295.30440161887003
295.3708926373592
295.4336286689478
295.49244399407723
295.54685945062664
295.5966240265225
295.64153119736017
295.6814958522974
295.71628072457406
295.7455771344648
295.7692738958124
295.78725352730095
295.7994864657451
295.8058760043471
295.8063221962229
295.8008120847435
295.7894388890331
295.77223982263865
295.7498776791939
295.72515423567813
295.6985589636784
295.67030696503207
295.64064728398967
295.6096698983813
295.57736856794423
295.54084261281673
295.5011318440348
295.4585964641301
295.4141551484977
295.3675942895666
295.3173179494437
295.2627218927907
295.206174880438
295.1474458145487
295.0858559392263
295.0227529274363
294.9583285864117
294.89276166739694
294.82615886887777
294.75866233453144
294.6903359696418
294.62121817898196
294.55141508972866
294.4809853018031
294.40993190825463
294.33834973027234
294.266202746163
294.19363848784275
294.12059445575056
294.0471514839439
293.97333450723625
293.8991608696829
293.82464886513543
293.7498469728182
293.67481267918373
293.5995069716115
293.5240171073825
293.4482900667728
293.3723726076831
293.2963098150866
293.22009268282744
293.1437632611442
293.0700271540323
292.9965631019108
292.92317007741167
292.8554316205955
292.79293356879043
292.7330621164526
292.6741438904623
292.62055070648233
292.5681361320186
292.5237090198277
292.47907424668796
292.4368659216506
292.3977215666448
292.36173485121185
292.32892531505433
292.3001289944788
292.27804410259813
292.26306501966314
292.2553673789979
292.2549828326543
292.262875569768
292.28086135918556
292.3088381887412
292.3468099653932
292.394693215831
292.45155420897765
292.5159939832886
292.5878077650851
292.6668586012868
292.753057871029
292.84469310700194
292.93966776540043
293.03782278773826
293.1390034181831
293.2430978469599
293.34895361553185
293.4552686179806
293.5618965976113
293.66860113167445
293.77537026899233
293.8814338260037
293.9862020571688
294.08955608600303
294.1913449174477
294.2596651458229
296.2070129152394
296.3354418344564
296.45707276781553
296.57210633853697
296.681092853085
296.7846460406501
296.88172055056117
296.97047706124073
297.05111342056847
297.1241070012827
297.18989355402346
297.2473021480228
297.29483815563464
297.3327865313678
297.36173509223477
297.3822197768062
297.3935050548376
297.3947797589806
297.38614980275037
297.36776173544024
297.3397903953471
297.30142833416284
297.25194735334514
297.191350175487
297.1198756282855
297.0378506035516
296.94597312925987
296.84537120617085
296.73703571461067
296.62156673335267
296.4996338837708
296.37604190279717
296.25556722547145
296.14046254557957
296.0317432550216
295.93009398670165
295.83663346086865
295.7478161321415
295.6616783427563
295.57865741797616
295.4992064437375
295.42285998134514
295.34573758491973
295.26014795972105
295.17098862821376
295.08032067559975
294.9847188506849
294.8871037798662
294.78938698271674
294.6924109218589
294.596607254772
294.5021852546489
294.4092445469208
294.31772083968025
294.2275252710855
294.1385922394205
294.05080091742985
293.96415099169894
293.87859827026705
293.7940065024742
293.7104879472368
293.62807111084913
293.54684133355244
293.4667321346879
293.38760363946693
293.30957296310805
293.2326581003749
293.15673546975773
293.08183688500674
293.0078696579024
292.9347757483035
292.86266562428733
292.7914683575367
292.72120004281544
292.65443296269416
292.5929747643135
292.53485993338876
292.4810583344413
292.43744572317047
292.4023022686423
292.3715962719052
292.34404852716744
292.3195036743016
292.3158661189988
292.33672658189204
292.37325809635024
292.4164393385597
292.45745575983
292.4904917141055
292.5137645083193
292.5364989171461
292.56728082406687
292.61009813518325
292.66670650235994
292.7372450098866
292.82139439247
292.91857323524613
293.02809427938223
293.1489402586465
293.27979645587936
293.4187334751462
293.5643831223391
293.7158256303461
293.8725431290432
294.0335531745639
294.19677698056927
294.3612781727946
294.5267982430503
294.69332291127483
294.8598010606169
295.0238265748109
295.185125431892
295.34398904918663
295.5007965054097
295.65439374309597
295.80261500809274
295.9454407585592
296.0834705772892
296.174879833385
298.21962499104586
298.3244169234691
298.4239614937257
298.51835907858924
298.60803229426784
298.69356288564063
298.77446070834543
298.8491153137643
298.9172867893554
298.97933004059894
299.0356746657939
299.08571651924814
299.12832216201457
299.163302615241
299.19100294833385
299.2117284873318
299.2249922761479
299.2298096867434
299.2260748713938
299.21395369583723
299.19373980190846
299.16519759296574
299.1279397149024
299.081889111399
299.02723935286514
298.9643456671303
298.8939860667055
298.81718973047066
298.73505421479285
298.64831106686336
298.5582323934494
298.47082157527217
298.3924809675216
298.3268659674871
298.2760247480917
298.24048916426113
298.2154774117747
298.1703429058221
298.10692935661064
298.03323656114287
297.95407708302196
297.8726335367962
297.79093182588207
297.709857915918
297.6298908981945
297.5511682409676
297.4736920919353
297.39736056736774
297.32218588328715
297.24803265576173
297.17492155646664
297.10273700645627
297.0314606255577
296.9608312335311
296.8908589018333
296.8214644320942
296.7525425506332
296.6841321181582
296.61612628636897
296.54847934987055
296.4811904495935
296.41430245243964
296.3478080874578
296.2818559182658
296.2164016695371
296.1514840835396
296.08707610033485
296.02319822114
295.959853340669
295.8970084957928
295.8347012812398
295.7730231393786
295.7120572595762
295.65184236633394
295.5938318563371
295.5396656681649
295.4891286848823
295.44300675563744
295.4048529750307
295.37420771427503
295.34842790597094
295.3262653257799
295.30672595185035
295.2999608054564
295.3119039724162
295.33780828016825
295.3680210193809
295.39365266649946
295.4094730148206
295.41392992215225
295.41398513808485
295.417006899556
295.42743389812347
295.4477282591612
295.4791698770202
295.52278423112267
295.57941691368484
295.6490045080227
295.7311044793294
295.82442031137595
295.92684693595584
296.0364766280727
296.15210793908835
296.2728595517074
296.3979444840903
296.52537485167437
296.6542041130616
296.7839030782735
296.9145775038491
297.04586750510396
297.1764000299339
297.3055978341804
297.43340073995415
297.5599993504042
297.684687580939
297.8054193284148
297.921791812842
298.0340249764017
298.1083232846446
295.47419191096753
295.5590753048851
295.645233196903
295.7322876559052
295.819916738325
295.90772684075455
295.9954831339295
296.0828252879732
296.16940944243134
296.25477970039543
296.3386855632786
296.4207707188991
296.5007508483301
296.5783898073635
296.65325516866136
296.7250958901359
296.7937006184919
296.8587209598568
296.9198300303516
296.9767838939497
297.029313894585
297.07717225982526
297.12020197747813
297.15813470209366
297.190807037993
297.21804380512765
297.23970467792844
297.25573830546676
297.26610125378653
297.27097509435293
297.2705406120089
297.26494932129987
297.25465075207626
297.24022727003654
297.22231844647166
297.20153148565385
297.1784351509135
297.1534387108679
297.12680798589906
297.09844062898026
297.06833636448255
297.03663056601533
297.0036109877895
296.9693167734727
296.9337024107987
296.89667283173856
296.85812399556494
296.8179066002089
296.7759162850648
296.73217876593304
296.6868075136938
296.6399038899942
296.5916460609789
296.54220633333114
296.49164937308353
296.4401326878902
296.3877496004488
296.3345697772515
296.2806706204887
296.2261246926816
296.1709802193938
296.11531216960555
296.05919414199514
296.002682270388
295.9458175507436
295.88868256550256
295.8312911166049
295.7737160068702
295.715954299433
295.6580513385518
295.6000465243024
295.54193602764013
295.48381417190615
295.4256161477127
295.3674172587444
295.30931641990156
295.25158117283456
295.19436982992414
295.137895623612
295.0825284037207
295.02873417045987
294.9766513085402
294.92639695554294
294.87820637980417
294.83307676848256
294.7921520212883
294.7557471013376
294.7235887812942
294.69502914700956
294.6690606230135
294.64488966500295
294.62200262118796
294.6004420329098
294.58059890771665
294.5627786858019
294.5476219089228
294.53559806609616
294.5272746467869
294.52315919844665
294.5237287033866
294.52934745520804
294.54027229456057
294.5566775062949
294.57861701335685
294.6061703679208
294.6393040784643
294.67786293995357
294.7216686882665
294.77047392843457
294.8240999010387
294.88223971739654
294.9447144359857
295.01111934768545
295.0812210945355
295.1547145320428
295.2312999238013
295.3105323015453
295.3920181875559
295.44854436605993
296.88037750385
296.8972331761506
296.91454908232583
296.93229313896416
296.9502871123713
296.9686226996522
296.98719281260577
297.005839616625
297.0245520764264
297.0432616347259
297.06193017911835
297.08048194730947
297.09878411387456
297.11681201323256
297.1344961189558
297.1517724164664
297.16866234402966
297.1849564977813
297.20066245995247
297.2156827498842
297.2299912918013
297.24347733003145
297.25613102147724
297.2678228996206
297.2785042862866
297.28817528057044
297.2969721882798
297.30512974235324
297.3127472726578
297.31994265397554
297.32672121436406
297.33310733664445
297.3392307161011
297.3451616802991
297.3510017172237
297.3568064615972
297.3624216331625
297.36571237853457
297.3670992410041
297.36725526631125
297.3664164562484
297.3647039010938
297.3623096805178
297.35916534061283
297.3553186272334
297.3508694306744
297.3457523535199
297.3399437394779
297.3334872103817
297.32649141862174
297.318886596438
297.3106795877036
297.3019613527137
297.2926803826583
297.28294609764475
297.27268905814935
297.2619603665306
297.2507255816126
297.2390956635187
297.2270114133976
297.21451433759034
297.20160863221736
297.1883579602315
297.1748007706941
297.16084282260454
297.1466164527168
297.13205171917184
297.1172088180587
297.10201774864834
297.0866107202215
297.07089050652127
297.05490328959013
297.03870462753815
297.0222435319238
297.0056750646917
296.98904780711507
296.9725016713171
296.956010553647
296.93984254346736
296.92413741569334
296.9088297705179
296.8938774070575
296.8793172821725
296.86546042618085
296.8526876355014
296.8408316778865
296.8295273023641
296.81856769990475
296.80763594893574
296.7966050810777
296.7856396151196
296.77494283647405
296.7646639435749
296.75497705921356
296.7459674817847
296.73781000523564
296.730731222749
296.7248843792914
296.7203160319446
296.7170722571927
296.7152138724914
296.7147211196311
296.71555469013475
296.7177688337828
296.72128558931786
296.7260091873612
296.73191296324745
296.7389575811294
296.7471184080431
296.75633374727374
296.76652242505537
296.7776576618202
296.7896797835222
296.80252960637887
296.81624052776476
296.83064608068753
296.8456825967919
296.8613182170088
296.8722965323044
307.66056573732806
307.69003533574516
307.72213419695584
307.7568307501682
307.79405637208663
307.8337554949203
307.87580031219403
307.9197225625749
307.96549200287785
308.01294760406984
308.061987954352
308.11252233935153
308.16421481397805
308.216895366368
308.2704273599122
308.3245604749821
308.3789450484225
308.43334143284653
308.4875094034715
308.54130700484257
308.5944630866633
308.64671941575875
308.6977231011109
308.74719228152844
308.79498752052365
308.8408905355787
308.8847219660116
308.9263005776834
308.96538982511476
309.0018886687495
309.0356408404837
309.06696786975334
309.0960877386492
309.12312827889156
309.1481547683135
309.1712597902178
309.19229713893185
309.21014478012256
309.2248712584762
309.23663449048485
309.2456291962631
309.2519537629483
309.2556616356569
309.2568665259268
309.2556694830704
309.2521381119153
309.2464308227038
309.23854959661065
309.2287140832768
309.2171056971484
309.2037866864134
309.1887868935364
309.1722257706879
309.1541768384188
309.13466216520095
309.1137616741965
309.0915216077487
309.0679540456059
309.043173856853
309.01721164678986
308.9900655003981
308.96180153352833
308.93248854092553
308.90213180375423
308.87073839723143
308.8383753390535
308.8050857147144
308.77091771269045
308.7358156010068
308.69981878360227
308.6628618615436
308.62492615125217
308.58614440810555
308.54649976952993
308.50603344277954
308.4648455083012
308.422867981188
308.3801723140663
308.3368211478967
308.29285379165856
308.2483576171916
308.2033878443295
308.1580401111412
308.1125938723853
308.0673310552749
308.0225440626579
307.9782380469689
307.93438057590834
307.890947802208
307.8479312524902
307.8056810697447
307.76444913184815
307.72438080846024
307.68566780459423
307.64848677250643
307.6131229589045
307.5797208814784
307.5484770333662
307.51961282349856
307.4931521319526
307.46920847524757
307.4478112977454
307.4289724297413
307.4127233134467
307.3991076357825
307.3881832884516
307.3799955120387
307.3746059296591
307.37205529656336
307.37233719299763
307.37545881393294
307.3813730506636
307.3902252744846
307.40197203446144
307.416650513603
307.43415297163835
307.45435768098076
307.47731964116815
307.4944380188886
300.8643377065224
300.8971093855084
300.9319720142847
300.96873310702637
301.0073874836177
301.0477679859063
301.0897779438639
301.1330115922493
301.1773892994638
301.22285101483675
301.2692550005694
301.3163655678633
301.3639608233893
301.411821352954
301.45977225909826
301.5077492129555
301.5553852566209
301.6024741139205
301.6488428923597
301.6942626451907
301.73858206339025
301.78159140877875
301.82311174095344
301.86296444060116
301.9009500928488
301.9369365037553
301.9708172733606
302.0025088132835
302.0319326951822
302.05896294680565
302.08363493968034
302.1061730638604
302.1269190354197
302.1461606288347
302.16409310631633
302.18094471513587
302.19650838192047
302.20899188533076
302.21879379143513
302.2261774520117
302.2313393074152
302.23436657627
302.2354575307136
302.23452134827255
302.2316626093931
302.22691877470265
302.22037983733367
302.212084188928
302.20214500984457
302.1906699107485
302.17768586054046
302.1632286711496
302.14737750368147
302.1302264959428
302.1117387444624
302.0919905126725
302.0709974849336
302.0488544724643
302.0255554702232
302.001139228617
301.9756648485932
301.949106273929
301.921578394814
301.89302391661954
301.8635601451778
301.8331630074419
301.8018498261386
301.7696948969963
301.736685998869
301.70284999710236
301.6681705569231
301.63269070545914
301.59644863315407
301.5594870966369
301.5218056833058
301.4834584214327
301.444523536965
301.40502540978633
301.36498312957275
301.3245380928715
301.2836788369023
301.2425531399008
301.2011795068624
301.15993169910456
301.11904047100455
301.0786815875691
301.0387802556295
300.9992436155403
300.95994396216116
300.92088650539523
300.8822562910172
300.8443382858345
300.8073306981563
300.7713820170386
300.7367034522017
300.7036260412254
300.67236327497795
300.64302307605396
300.61592363485215
300.5912403210008
300.5690684548441
300.5494960706781
300.53258391128225
300.51841926003164
300.507101538517
300.4986324009903
300.49310170943255
300.4907371307598
300.4914613476611
300.4953109914638
300.5021230865678
300.5119845410465
300.52475680089924
300.54047827357584
300.5590708048892
300.58030878994526
300.6041834827902
300.6305756064518
300.64984271589236
305.93642457688844
305.9681437755953
306.00297304479795
306.04075176435214
306.0813188454468
306.1245417748241
306.17030414448004
306.21838940041545
306.2686966304858
306.32105968499144
306.37529226416905
306.43125777641205
306.4887802679992
306.54770910807895
306.60780659813736
306.6689396805991
306.73090747158324
306.7935280588446
306.8566255557861
306.920001885803
306.9834596431591
307.0467558682339
307.109741992355
307.1721971684691
307.2338071844336
307.29440112458946
307.3538040815927
307.4116670161729
307.4678714000866
307.5221813697589
307.5743828441054
307.6243519360078
307.6720689277339
307.71745575374774
307.76058621572423
307.80161060484284
307.8404499687765
307.8768313566651
307.9101793694726
307.9400988565936
307.96637360438694
307.9890307314411
308.008002253096
308.0233083037015
308.03504321269327
308.043269284161
308.04805883610453
308.04956312692906
308.0478200891134
308.0429989437377
308.0351988606042
308.0244990185322
308.0111191219595
307.99516025922566
307.97672969054287
307.95593127945676
307.93295890688466
307.907881967671
307.8808179772179
307.8518765103781
307.8211412379808
307.78875659244426
307.75473560014285
307.7192287513446
307.68230601547566
307.6439926425398
307.6044135515677
307.5636190004171
307.52168572764936
307.47869398609754
307.43463184422666
307.38965670632336
307.3436995678744
307.29690311379267
307.24933021559633
307.20093231534634
307.15186119781487
307.10210469979324
307.0517692266553
307.0008612856096
306.949519773551
306.89768881564305
306.84547399862385
306.79298428252014
306.7402354558749
306.68749944736345
306.63471697372705
306.5821518750105
306.52986015316515
306.47791856642334
306.4263499271867
306.3753306554986
306.3250232323527
306.27551582155695
306.2269604033437
306.17963266227173
306.1336422571356
306.0893359709444
306.0469443265654
306.00674207597314
305.9689699698907
305.9338890137736
305.9017108173089
305.8726914711181
305.8470443163061
305.8248954940115
305.80639871646554
305.7916977630326
305.7808616570142
305.7739613805104
305.77106357331945
305.77213974185656
305.7771705595956
305.78614544119785
305.798996805035
305.81561302710264
305.83593976698285
305.8597998668973
305.87794088632626
302.01133016726465
302.05031103205204
302.09258960504604
302.1380760135023
302.18656478876926
302.2379663736541
302.2920455089764
302.348710914145
302.4077751078259
302.4690526196085
302.53236761746615
302.59754545630824
302.6643777459569
302.73256966448645
302.80194151760054
302.8722298396367
302.94320497036944
303.01462748397
303.08618979554086
303.1577384195613
303.22887281332953
303.299472436848
303.36913172806345
303.43766367953185
303.50482557785404
303.5703185258931
303.6339133778665
303.69534846911887
303.75440462316385
303.81088349001595
303.86457155699435
303.9154310822085
303.9633183847954
304.0083380603968
304.05051421984547
304.0898754341147
304.1265048885035
304.15968355334775
304.18865816345243
304.21310565207995
304.23293878089066
304.24826100033016
304.25913769778947
304.2657819425408
304.2683289258225
304.26688974036233
304.2618104876856
304.25318050134825
304.24121295623667
304.2261544641927
304.20815576872457
304.18737927472694
304.1641187027629
304.13846255785677
304.1106071505236
304.0806856080797
304.0488408411111
304.01525926166704
303.98001019531364
303.9432597867678
303.90514890620614
303.86568645195047
303.8250380518333
303.7832104800388
303.74036493417003
303.6965030239732
303.65176167650685
303.60617094815325
303.5598132772797
303.5127004853094
303.4648990387051
303.4164736527906
303.367462382142
303.31784314000885
303.26772653142064
303.2171528484452
303.1660879223077
303.11465025088455
303.06280475509436
303.0105897141856
302.95799272042956
302.90513904085395
302.8519481779799
302.7984891586878
302.74484045154867
302.69099690398343
302.63702778903286
302.5830060694311
302.52895685716123
302.4750717531206
302.4213529987348
302.36812035726604
302.31565519970485
302.2642012147463
302.21402607686224
302.165397400306
302.11864998644995
302.0741555972572
302.03204031724624
301.99267375332124
301.9563042033075
301.92309897462917
301.89326293123315
301.86707964753555
301.8446547243488
301.8261537104373
301.81168649197275
301.8013127557769
301.7951024069979
301.79317958320854
301.7955280034813
301.80216469592074
301.8130573972475
301.8281649967848
301.8474130511276
301.8707059953719
301.8979163821841
301.9289225437214
301.952069134357
307.8169997946649
307.8445381976896
307.8747632708136
307.9074969263912
307.9426682847935
307.9801548481131
308.01983680776095
308.06159002878314
308.105368420474
308.15103832729307
308.1984941673992
308.24769744226523
308.2984713907704
308.350763170428
308.40439116459305
308.45929592203936
308.5153744345015
308.5723789731767
308.6303436128068
308.68894911855705
308.74812899036647
308.807685886324
308.8674061128756
308.92710494731875
308.98658430825344
309.04555757339637
309.103891087976
309.1612556641179
309.2175622590239
309.2724474841941
309.32577513245445
309.3773347868112
309.42713877355067
309.4751662150885
309.52135647110913
309.5658005044
309.6086220202652
309.649123069388
309.6867337527813
309.72089408351405
309.75132329811447
309.7778388555231
309.80048441819645
309.81920080978557
309.8340773046098
309.84509080766895
309.8523950815795
309.8561308731148
309.8563422172764
309.8532144184629
309.8469326461179
309.8376618031487
309.82546775348936
309.8106534797039
309.7932842789628
309.7736045838703
309.75167233682856
309.72766513663976
309.7016874085002
309.67392770570694
309.6444342259449
309.61333868745174
309.5807753823873
309.54679139035517
309.51149718055024
309.4749238614502
309.437223861611
309.398386383541
309.3585285888658
309.3177100320949
309.27594314729697
309.2333243482003
309.1898891028643
309.1456783583647
309.1007620599141
309.05516714990677
309.0089423931081
308.9621209401603
308.91481783831335
308.866987311054
308.8187772051052
308.7701902239433
308.72130366943964
308.67213974782527
308.6227261394223
308.57320548423746
308.5236363504104
308.4740586831453
308.42458337279015
308.37516571572786
308.3259948206544
308.277106674133
308.2287430259454
308.1809733356083
308.1341276581162
308.08841784385686
308.04401495606106
308.00124808530575
307.96037124970627
307.92170437179146
307.8854723071524
307.85194012753595
307.8212895323229
307.7937192790723
307.76942778964343
307.74857266022155
307.73128005829756
307.7175473102378
307.7074928121351
307.70113601902307
307.6985350016809
307.6995423367823
307.70415360427137
307.71233593038136
307.72397807516717
307.7389931880818
307.757134829365
307.7784028633889
307.7944801582759
308.5814771689916
308.60560250628527
308.63251296144387
308.66198122719123
308.69406970896995
308.72856051736505
308.7653935818441
308.8045074174111
308.8456703778181
308.8889383621326
308.9340861947284
308.98106556722263
309.02971284172
309.079874831571
309.1314379250427
309.18424741951674
309.2380812633384
309.29286739154054
309.3483920169797
309.4044957952894
309.46098114165045
309.5177021533567
309.57443404950095
309.6310669314264
309.6873997292216
309.7432582202404
309.7983648271964
309.85265178647506
309.90588991428393
309.9578731255609
310.00840758726883
310.05746284907036
310.1048232634204
310.1505025591396
310.1944687106672
310.23666894754774
310.2771796166105
310.3155266551099
310.3512101438121
310.3837605148159
310.412975283461
310.4386610787937
310.4607968357673
310.47938311380193
310.4944281562733
310.50599170173723
310.51420059375135
310.51909776131623
310.52082996416925
310.5195059850409
310.5152379751343
310.5081373603285
310.498428444695
310.48620230276947
310.4715441844251
310.4546356714419
310.43563188965373
310.41456306500334
310.3916481251013
310.3669235405799
310.34055239265274
310.3125907751554
310.28314626229115
310.2523085608117
310.22015616052363
310.18679925452807
310.1522553379923
310.11664282560116
310.07997985506984
310.04240169932876
310.0038933243046
309.96452764571643
309.92438311725465
309.8834874927987
309.8418556278708
309.79958494191067
309.7566954388181
309.7131893912796
309.66917427538846
309.6246442277276
309.57959589718774
309.5341355148276
309.4882754060631
309.4420761925719
309.39548487354165
309.3486362859139
309.3015453633135
309.2542996118889
309.20696800369853
309.15957697653386
309.1123159199036
309.06527447685664
309.01864909025153
308.97268489390785
308.92747362244114
308.88333187517736
308.8404180086035
308.7990047470557
308.75928345069076
308.72153818670824
308.68591976884403
308.6527091617061
308.6220708366304
308.59419636952947
308.5692603224003
308.54736836770275
308.52865609575247
308.513263440762
308.50118104542423
308.4925358087837
308.48730621713656
308.4854963455954
308.48710709086686
308.4920694265274
308.50037777892356
308.5119284101235
308.5266379936536
308.5444051807086
308.55816757168424
302.14818216139116
302.2196411237416
302.29022056956364
302.35999014762797
302.4289032823191
302.49689237325447
302.5633977004821
302.6272304476608
302.68810928626584
302.7459638693178
302.8008378026925
302.85224673966974
302.89956376538
302.94273145038676
302.98201391048843
303.0175018635449
303.04900984376576
303.0762194591312
303.0990452782544
303.11752645056873
303.13165026158856
303.1411972503333
303.1460812208066
303.14628152179665
303.14162072116926
303.13197539172563
303.1174104224257
303.0980207894683
303.0741514972736
303.04615509270786
303.01477758360306
302.9820734597482
302.9501578526303
302.91999186866025
302.8918934321325
302.8660230015349
302.8425958537322
302.81864294617816
302.79188348589105
302.7623788839662
302.7302914881155
302.6959829162706
302.65987941869423
302.6223399845044
302.58342571283276
302.5433715350326
302.50222344693015
302.46000990801724
302.4169573325313
302.3730665156707
302.3284721295558
302.283231470814
302.2374522326865
302.19114438224284
302.1444025031387
302.0972655502534
302.0497033571807
302.0018086800629
301.953677542852
301.90523302951146
301.8565666129619
301.8077497635078
301.75870914647345
301.7095520557127
301.6602331758384
301.61079528909823
301.56125295309704
301.5116207706568
301.46193351750725
301.41216113604486
301.3623756326742
301.3125711789539
301.26271546599287
301.2127720238759
301.1627866930771
301.11285175946534
301.06318489693257
301.01396658654795
300.96544043462956
300.9178673128914
300.8715362459479
300.82662861320864
300.78329248564955
300.74565588649057
300.72033715490215
300.70743955437615
300.70225959614186
300.70119078561265
300.70219263198743
300.7042346386098
300.70648047755736
300.70837072009795
300.71101507130857
300.71574043107506
300.72403091678086
300.7378560796769
300.7585823069921
300.78626659014446
300.82037849082013
300.86034570211194
300.9057740819104
300.95626682896625
301.01115883300605
301.0702465432726
301.1326737064254
301.19755195809745
301.2644184218097
301.3330548207624
301.40323268916586
301.47481520561576
301.5472488365581
301.62026347952207
301.69374213525515
301.7677533105754
301.8418812416767
301.9155234918552
301.9885504837753
302.0610286358422
302.1100470218828
