290.49779650599186
290.5940846715828
290.68640374243626
290.7759992714938
290.86309673775764
290.94675962016606
291.01975156140304
291.0868204665544
291.1487072353585
291.2055984921833
291.2561710183263
291.29517799110545
291.3270121843938
291.35203458149425
291.37039538868595
291.38231496588935
291.38794560273726
291.38724246238166
291.3803306246201
291.3672517865968
291.3482137505524
291.3232543872642
291.2922567586411
291.25536677944865
291.2126567955103
291.1647971216933
291.1126002004305
291.05567278484233
290.99398867057636
290.92765108718083
290.86256665433484
290.80110116611326
290.73883777590623
290.675608325003
290.6114156664338
290.54959232702794
290.49059815613373
290.432678116583
290.3755416795072
290.31924866243105
290.25398784073764
290.1943559905304
290.112813603838
290.04815909375253
289.9854789116239
289.9132494753339
289.84952040836873
289.78679851358146
289.7249222099798
289.66405361858284
289.6051116346021
289.5473974551299
289.49077246915607
289.43515514982687
289.3806535673135
289.3270576458258
289.274517319473
289.2230825543741
289.17274931153906
289.1235189187659
289.0757670642923
289.029208654556
288.9837424006704
288.9393570114474
288.8959564899362
288.85338359342234
288.81160930048
288.77067081340766
288.7305400635071
288.69117819873554
288.6523884451659
288.61421478148105
288.57666529005127
288.54782260972803
288.5327946826516
288.5056457323683
288.47942351033174
288.5400386196914
288.5657561362886
288.64011871066435
288.65367681917735
288.69531307500716
288.6882842294208
288.69372770785003
288.688579630653
288.6669465534253
288.6418432094924
288.61388564474476
288.5833218765467
288.56827174827646
288.57003417425676
288.57522695045515
288.5831523892632
288.5936417886491
288.6121366548863
288.6384586743026
288.67051199322134
288.70813817665277
288.7514111262045
288.7973397942787
288.84740240801847
288.90267038200653
288.9630870584252
289.0285785200814
289.0989446608865
289.17414044778945
289.25377298667956
289.337701480343
289.4260724623081
289.52540674969913
289.6294624293671
289.7378468876635
289.85063936048005
289.9667899247089
290.0771073585338
290.18705069041664
290.2971074514786
290.40739044577566
290.48247845725075
291.1720127983002
291.26500325695287
291.3519174325834
291.4344083330091
291.51344991913584
291.5894174831357
291.66105762122265
291.7267669115689
291.78678108228627
291.8414686176103
291.8910221160126
291.93440941044634
291.97089455275477
292.00061176583546
292.0237882126209
292.0405553039187
292.05141227583925
292.05656677091577
292.05604831200606
292.04983115942616
292.03791226069853
292.0206991031339
291.99825266203567
291.97052017937597
291.9373806470768
291.8989893027112
291.8562333722708
291.8094001517779
291.75833933795934
291.70295329263746
291.644045616678
291.5855870219032
291.52824005994137
291.47168871714507
291.4155156864579
291.36007230971694
291.3064829143421
291.25528971956743
291.20680846592467
291.1601640028657
291.11399862938976
291.06495439383946
291.00964900775284
290.94602171526566
290.8841879335339
290.8224966676786
290.75660660807455
290.69371675980955
290.63330171761066
290.57492159654413
290.5183949883121
290.46352669352484
290.41016465553463
290.3581914169194
290.307526531919
290.2582371433622
290.21032905937034
290.1637306808303
290.11839932255367
290.0742348876094
290.0310953650734
289.9889152327766
289.94772204629356
289.9075167435393
289.8682499074147
289.8297028751848
289.79176043944614
289.7545048876182
289.71793067730493
289.68193529745196
289.64654179392596
289.6115155520157
289.57680032492567
289.54245635389333
289.5224363191303
289.50987757768917
289.4919037458193
289.4979849870435
289.5406666303788
289.606064933609
289.66822816739864
289.72386467324657
289.768182797149
289.79069588872386
289.8077236384673
289.81696386177686
289.8197663770831
289.81766019962623
289.81127421092583
289.79987296951
289.78185752732276
289.76079991973756
289.73883360779337
289.71675089184794
289.6980934339554
289.6902254423818
289.6924538673264
289.70340435659534
289.72194371003303
289.74708208928547
289.77832233120535
289.8158898238763
289.85969755042936
289.90950249016254
289.96529839530956
290.0273354960787
290.0950189464497
290.1676862238125
290.2449064578259
290.3277145205782
290.4161984212428
290.5091142901739
290.60568357605223
290.7055488105828
290.804310436944
290.90116122953395
290.99744462124187
291.0933940349848
291.15848339760294
298.5189439680219
298.5541087935035
298.58891083830264
298.6233185113027
298.65729062130293
298.6908342794959
298.7236422868321
298.7554347980028
298.78620484261404
298.81589326443384
298.8444413069951
298.8715171675354
298.8968612403112
298.92044743486684
298.9422466412726
298.9622123316339
298.9802239153222
298.9963183450683
299.01039490898887
299.0225019642396
299.03250208920525
299.04049997168113
299.0464228278524
299.050249018943
299.051982494059
299.05159069543527
299.04916071087496
299.04463601077805
299.03809614804675
299.0295303636988
299.01910190115103
299.0075384457671
298.99493975764585
298.98135934992
298.96683539157544
298.95150854493926
298.9358211613268
298.92013612942003
298.9044060831372
298.88836475213765
298.8719440270244
298.85443565247874
298.83458516479044
298.8118305663805
298.7881879759411
298.7631591794513
298.73562376142763
298.70732695850455
298.67838478646905
298.64896653964445
298.61920377156486
298.589204256404
298.55907761709125
298.52882130692774
298.4985429911277
298.46819065271654
298.4377934872143
298.40739226326366
298.37695160633524
298.3465706061377
298.3162040926229
298.2858875080157
298.2556251567978
298.225406495487
298.1952625289244
298.16524519650386
298.1353865423389
298.1056913682767
298.07619119639014
298.04683163604744
298.01763749029755
297.98856777374414
297.9596413702708
297.9308800910716
297.9059446444421
297.8816247329645
297.8576748170193
297.83911733222016
297.8255924404083
297.8165058927578
297.8090529548242
297.8040379288104
297.79966009897345
297.79535026694896
297.7922613558865
297.790955321261
297.791499826045
297.7939084894262
297.7981869842958
297.80422056292383
297.81175063341124
297.82072767878884
297.83110615343907
297.84288430779634
297.8560997318393
297.87080442630645
297.8869201405469
297.90455005739364
297.9236706282901
297.9441842073289
297.9659823272473
297.9890643662808
298.0134568304703
298.0391917046042
298.06610321191727
298.09409361336765
298.1231276851401
298.1531894109346
298.1842806214986
298.21622898505314
298.24889437519494
298.2822836978712
298.3163045692084
298.35099437560245
298.38610975502246
298.4213967035833
298.4568069496544
298.492321925176
298.5165227303952
289.1352170995153
289.1763851297196
289.2158408919983
289.2534219462029
289.2891919740812
289.3232446326528
289.35530207792
289.38475155061104
289.4115381425037
289.43571580584035
289.4573317636363
289.4761023059756
289.49142476453284
289.5032709216812
289.511658937086
289.51686823549824
289.5186817088654
289.5167055594502
289.5109977573822
289.5016232625356
289.48863341152054
289.47192551035204
289.4514188844608
289.42720615083465
289.3995701671577
289.3686222781354
289.3347061275461
289.2981270225101
289.25924656218393
289.2184005831319
289.1761252207177
289.13463265149744
289.0960650857924
289.06140845709285
289.0311103902008
289.00530096914963
288.9854715056338
288.9726766686844
288.96781836271174
288.9712017991533
288.98257857587396
288.99957776148835
289.0174300036181
289.0287945584589
289.0377444947745
289.04547499170235
289.0464410596965
289.0441123667911
289.0407421854705
289.0374632086425
289.0346023639559
289.0319942962459
289.0296450502626
289.0275077816534
289.02562538281467
289.0239082859458
289.0220804845083
289.0199503902024
289.01748028642226
289.0145808143958
289.0111463243928
289.00669090645226
289.0011688881468
288.99448660821696
288.9867734398845
288.9779326025556
288.96761531694585
288.9557371985457
288.9423916126083
288.92770353496456
288.9115000152412
288.8936767844161
288.87418987761174
288.85313079455307
288.83415359568676
288.8196002827045
288.8067040719775
288.795526358183
288.7910902670671
288.79263369145934
288.7970165013338
288.8005187229061
288.80127539905783
288.79600474523613
288.7844168673123
288.7670162524122
288.7443487587627
288.71641235476073
288.68328190335876
288.6456664930786
288.60733004515583
288.571588576688
288.5399904571269
288.51324695930896
288.4916619026125
288.4756039778221
288.4652967076274
288.4607568780591
288.4619457583883
288.46858260799365
288.4802180103479
288.49647502511624
288.51700838335137
288.54152142949454
288.56968529686407
288.6007690363587
288.63428580627385
288.67008081495004
288.70804966522456
288.74771196380823
288.7882460139509
288.82950383310043
288.8714516116501
288.9142139073747
288.95747929276126
289.0005223287481
289.0430044059873
289.0847872187893
289.1128264188674
290.32398416057066
290.36071991635873
290.39601307591374
290.42979681901005
290.4619802175908
290.4926047975759
290.52137066826646
290.5475577830675
290.57099355338556
290.59173575676647
290.6099005784238
290.62554093669235
290.63842319071205
290.64843655274916
290.65558585412657
290.6598593556138
290.66103092325017
290.6587223134216
290.6528593800986
290.6435056810273
290.6308375225755
290.6148921427401
290.59573638835684
290.57348930832836
290.54838480942414
290.52061543002173
290.49046329739224
290.45818688840495
290.4239761883195
290.38802515576486
290.35064737261877
290.3129060416495
290.2759111703055
290.2401931445286
290.20612325268775
290.1738686432429
290.14307597337904
290.1122211195913
290.08378189763596
290.05817201643174
290.0351856003036
290.0147678447883
289.9967485726743
289.9807259944941
289.96623487670865
289.9529893278141
289.9406998818258
289.9292452390544
289.9185029816964
289.90840831447724
289.89898286436363
289.8901987040438
289.88206809731605
289.8744961409529
289.86759734073394
289.8613685103754
289.8557949139424
289.8507649194414
289.84622396822726
289.84212922287435
289.8383917849916
289.8349363011796
289.83150483836357
289.8280328999993
289.82427405011185
289.8202015583951
289.8157676517482
289.8107914394938
289.80526372557404
289.79915358039756
289.792396248294
289.7848515077707
289.77655187671877
289.76751565214647
289.7598178118552
289.75527513556887
289.75332241956505
289.7541651311004
289.76070310901395
289.7728435234593
289.7881904877249
289.80369665397933
289.8171513525264
289.82581889909954
289.82879263440435
289.8259052390044
289.8171629126913
289.80286204323795
289.7834062736329
289.7592601812388
289.73317110223735
289.7075579199593
289.6837741589838
289.6625500148317
289.6443094325404
289.62957988977837
289.6189848788176
289.6127877114731
289.6112027178504
289.6141292257922
289.62147584600984
289.6329975708005
289.64860694171045
289.66803794008393
289.6910486361476
289.7168989009416
289.74510787513054
289.7753792621568
289.80757650298244
289.84142380403046
289.87650619434004
289.9125092663392
289.9492518731101
289.9866621064869
290.02454275545966
290.0621775700011
290.0992242743092
290.1356385043906
290.16010004458656
289.45342148126645
289.46868108717064
289.48462808535845
289.5012156435325
289.51827197201794
289.5357032997665
289.5534255168498
289.57125863115715
289.5891310013341
289.6068466307735
289.62426434785795
289.64131717699297
289.6578384588048
289.6738203851971
289.6890991435384
289.7035734843942
289.71719954301807
289.7298452482079
289.74137922928463
289.75169956421394
289.76075251927705
289.7684047884535
289.7746228559401
289.77934631304015
289.78252340069815
289.7841448910404
289.7841839843071
289.78269509952656
289.77972239112205
289.775398546042
289.7698947381523
289.7632467321457
289.75570313187535
289.74740553304656
289.7385579006443
289.72929041626804
289.71981875740613
289.71028949290536
289.70102504927956
289.6922982238182
289.6843805545333
289.67758806809917
289.6721331152019
289.6680753149516
289.66520099206355
289.6632553290959
289.6620010275875
289.66102471340935
289.6599671732615
289.6586978344692
289.6572137382408
289.65558754689056
289.65385628155116
289.65208717352255
289.65037289757606
289.64870790681175
289.6471615229561
289.6456646952524
289.64424636497813
289.6429059257009
289.64155710523295
289.6402730163255
289.6389535132462
289.637609131033
289.63613974083864
289.6345791787655
289.6328268062928
289.63086008937967
289.628613754661
289.6259729003311
289.62296269095856
289.61950980929004
289.6155937463953
289.6111846488065
289.60627998552104
289.6009689340437
289.59546816813224
289.58997708804907
289.5846755704595
289.5798236237616
289.5757730018812
289.57265664980446
289.5704832733479
289.56895361197456
289.5677102051656
289.56639820926773
289.5645343188624
289.56183208643466
289.5579621808049
289.55268762788756
289.54587848224514
289.5374418739792
289.52755451820883
289.51652714517974
289.504487543955
289.49183013936505
289.47878378344035
289.4657029015939
289.4529065239279
289.4406572385524
289.4291923867224
289.4187586717732
289.40953886038494
289.4016601397536
289.39526607390565
289.39040556390444
289.3872375038057
289.3857096458275
289.38589462847943
289.38778865872627
289.39133500568465
289.39649335100114
289.4031288619998
289.4111896963348
289.42051859536406
289.43109808085165
289.4427674514667
289.4554679166876
289.46465455681664
289.97229326264915
289.97469877491983
289.97732633986897
289.9801575317243
289.98311219841577
289.98624216701825
289.98951192410436
289.9928103815498
289.9961219840314
289.99946591325573
290.00272984277785
290.0060300119395
290.0092183886284
290.01235355641955
290.01534657504334
290.01827669126254
290.02108114775757
290.02365934835916
290.02604400403385
290.0282107612106
290.0301461219207
290.0318089796836
290.0332412380419
290.03439799593394
290.0352798164032
290.03592504684616
290.0362932049338
290.03640873024415
290.0362709617162
290.03595368225564
290.03538226001444
290.03456651192494
290.0336023848853
290.0324812103314
290.03123441776927
290.02984621880546
290.02834470825513
290.026686426177
290.02504203927424
290.02343055713595
290.02195606619233
290.0206278753273
290.01946290504964
290.0184277988175
290.0174592991509
290.01666487409614
290.0158667641767
290.0151714914677
290.01452157109856
290.0139572632197
290.0134689558705
290.01310391350717
290.0128789098898
290.01278879429367
290.0128963016552
290.0131077142219
290.0134761830738
290.01395080693675
290.01454099625795
290.0152491106139
290.01607299869744
290.0169012746481
290.0177400850759
290.0185879541261
290.0194555107491
290.02027236279855
290.02106459422873
290.0217711762978
290.0223569867738
290.0229109345245
290.02332272835747
290.02361711431297
290.02379005915867
290.0238239651276
290.02384314822984
290.0239738456441
290.024303035231
290.0248179052553
290.02565303742864
290.0269568348255
290.02867821078775
290.0307174306331
290.03290323608394
290.03501731278664
290.03691610881305
290.0383652145746
290.0393727409939
290.0398164766332
290.0397071147517
290.03903405508674
290.0377736203122
290.03596689847745
290.0336620748326
290.0308774365853
290.02766584440576
290.0241446067058
290.0204620618452
290.0166808339605
290.0128772448582
290.0090977697983
290.0054872672845
290.00205161017544
289.99884143895235
289.99591320911674
289.9933207272064
289.99104652867885
289.9891253721588
289.9875269404634
289.9862896012866
289.98537432799174
289.9848000215926
289.98456601519956
289.98462289979966
289.9850065517442
289.98565743123464
289.9865851852825
289.987745495742
289.98915911938246
289.990234051237
298.3773563453176
298.3904861291613
298.4039807202261
298.4178606830128
298.43210069735443
298.44665606820917
298.4614852553686
298.47639005440055
298.4914128688615
298.50649552857146
298.52164270917217
298.5368096217064
298.55188436614856
298.56683718799303
298.5816758313959
298.5963175086367
298.610655786283
298.62470964006116
298.6383695244147
298.65161924722776
298.6643611755859
298.67661671063746
298.6882894910128
298.6992984521533
298.70963693378064
298.7192398614767
298.7281212708518
298.7362873142574
298.7437085611519
298.75035968883685
298.75628219816116
298.7614442460239
298.76592294591086
298.76971389133206
298.77288056550816
298.7754100365377
298.77731955496796
298.7787796601434
298.77979395981697
298.78030224087775
298.7803425400087
298.7798796316417
298.7788867148208
298.77726203122467
298.7750768483429
298.77231072137704
298.7689538588144
298.76496069062983
298.760477581154
298.7555640065944
298.750263247961
298.7444837199783
298.73835193324504
298.7317471867105
298.7247297714432
298.71727058011635
298.70938810793444
298.70104896978427
298.6923476059053
298.6832165537849
298.67365022516196
298.6637229156067
298.6533935152361
298.64269444913214
298.6315830948792
298.6201310104994
298.60829220309256
298.5961295117208
298.58362085058343
298.5706736366476
298.5572245524523
298.54326770937774
298.52888202136756
298.51407775167695
298.4988736440236
298.4833300563485
298.46749661888055
298.45156337020956
298.43562064329586
298.41969434000805
298.4038469822603
298.3881253220993
298.3726716350326
298.35752542996534
298.3425748722807
298.3278165785036
298.3132300669244
298.2987576134328
298.28447929823835
298.27031955622806
298.2564051109681
298.24280929835885
298.2295517826211
298.2166698538634
298.2042661884639
298.1924874780707
298.1814254285927
298.17125361282876
298.16192360791496
298.15329861419804
298.14547359303737
298.1384492834657
298.1322295790622
298.126853762637
298.1224141803098
298.1188699413733
298.11635918454215
298.1149775316192
298.1146504779835
298.1153863599158
298.11719465081666
298.1199904560998
298.12381265312627
298.1286328088536
298.13444019360054
298.141188677627
298.14876087201856
298.15712592269864
298.1632192510931
292.85845693977427
292.8702344086001
292.8824794210076
292.8951357936998
292.90817794712837
292.92157717383225
292.9351727073549
292.94875713013374
292.9623092428599
292.97583341951173
292.9893015064687
293.00263955922065
293.01577022097246
293.02866377061275
293.0412228245211
293.05347316690205
293.0652390508677
293.07657462332855
293.0873562006397
293.0975602752084
293.1071719607913
293.1160771590113
293.1242748284853
293.1317515646835
293.1384067561118
293.1442308924751
293.14924929429566
293.1534613325598
293.15688562271316
293.15945709254277
293.1612397708076
293.1622693048183
293.16262838872933
293.1623440511004
293.1614814077698
293.1600250542451
293.15804153064744
293.1557796662726
293.1532928010075
293.1506176716616
293.14778770093284
293.14475239029366
293.1415215729301
293.1379567266351
293.1340494830101
293.12979920980285
293.12518289808907
293.12023806871724
293.1149695101609
293.10941761380127
293.10362709387215
293.09753342899916
293.0912096324369
293.08462024721234
293.0778012040166
293.0707648387768
293.06346409556727
293.05598552954626
293.048294421343
293.04038151363295
293.0322478999592
293.02390975481086
293.0153622723633
293.0065828194809
292.9976067509458
292.9883945096522
292.9789495968936
292.9692842717766
292.9594057956297
292.9492431366
292.9387881476077
292.92805468418345
292.9170623848669
292.90576005808737
292.8942070203742
292.88244448143706
292.8704893562648
292.85841928366074
292.8462592714151
292.834064526904
292.82192976607433
292.8099007541462
292.7980935335715
292.7865700458925
292.7751301013824
292.7637229269446
292.75228497609135
292.74078706664574
292.7291080944744
292.7173609057996
292.7055191041623
292.69368997052413
292.68189771289593
292.67023739775493
292.65877075648393
292.64763038490344
292.63694902277734
292.6267737526877
292.61722605980543
292.6083050691527
292.60013258791406
292.5927110075991
292.58599788849517
292.5800262022981
292.57484654177216
292.5705033458364
292.56709550573106
292.5648067665161
292.5635448981812
292.5633814484843
292.5641422742221
292.5659367685825
292.5686418088519
292.5723536497308
292.5769635169834
292.5824896292923
292.588888032556
292.59608922610335
292.6014426515843
302.06758160904866
302.0758510353513
302.0853658459777
302.09608361465666
302.1079524738019
302.1209430324816
302.13498015044854
302.14999910315026
302.16597463347114
302.18278163375487
302.20037357167274
302.2186320948672
302.2374817162048
302.2568611133985
302.27661251298395
302.2966650965342
302.3169557580776
302.3373473133249
302.3577551623706
302.37805786930437
302.398265209348
302.4182208185081
302.4378070743231
302.4570007636452
302.47569617296006
302.49380496419474
302.51127027421535
302.5279890978316
302.54397001669713
302.5591257780956
302.5734267651403
302.586846296155
302.5994141206057
302.61105122433804
302.6218633142007
302.6318384203715
302.640930903569
302.6493575871908
302.6571068717046
302.66430728473637
302.670995490137
302.67731485837305
302.68318860642955
302.68864078797327
302.6936436216116
302.6981500030655
302.70210146744233
302.70547461107486
302.7081388641876
302.710132919811
302.71137245482515
302.711867939756
302.711616583994
302.71063421483535
302.7088709899367
302.70636201859367
302.70316340651914
302.69925632826073
302.6946726537814
302.6894013517479
302.6834418711266
302.6768741835396
302.66967873324893
302.66183165970955
302.65340832036367
302.6443809165688
302.6347690738496
302.6246004485426
302.61388509115505
302.6026165054814
302.5908194008017
302.5785427728284
302.5657069987261
302.5524052750017
302.53861644670616
302.5243410310759
302.50962234906103
302.4945042906066
302.4789920613187
302.46313774511384
302.44696925669626
302.4305519835254
302.41384882734593
302.39696268496334
302.37989590824446
302.3627192624358
302.345370970632
302.32792556294277
302.3103712964305
302.2926979863532
302.27492613721876
302.25710591798367
302.2392778716967
302.22146010604126
302.20371717723924
302.1860658214672
302.1686309602357
302.1514594401897
302.1346411285858
302.11827672069694
302.10244571066266
302.0872708857751
302.072836444241
302.05916130853126
302.0464190623525
302.03463270130607
302.0239341499484
302.0143224561613
302.0059094451231
301.9987266499073
301.9928239962161
301.988265917948
301.98503441050724
301.98316761805006
301.98270265280945
301.98361274585756
301.98593904966884
301.98963978925633
301.9929256478898
297.6694423501398
297.6797180973938
297.6911376457134
297.70369285940495
297.7173120825589
297.7319950890282
297.7476321570792
297.76418962201467
297.7816138268192
297.79981795852905
297.818712791604
297.83819904452986
297.85826809404415
297.87869559518464
297.89947058637705
297.920515371742
297.9417226802508
297.9629947743406
297.98425268870665
298.0054681546572
298.02647715856347
298.0472664353473
298.0677685656194
298.0878761712774
298.10751882404213
298.1266680810493
298.1451972749927
298.16307534355593
298.1802745458993
298.1967100917635
298.212381172752
298.22726135048333
298.241268769592
298.25450886232176
298.2669966798835
298.2786937161119
298.28967541807015
298.2999171440375
298.3095682164008
298.31862439420286
298.3271541653823
298.335085176909
298.3424735843774
298.34920259605263
298.35527799212207
298.3605869591926
298.3651251570492
298.36877943001207
298.3716000706535
298.3734836339859
298.37439233698245
298.374355372525
298.3733805097587
298.37145272441296
298.3686130146133
298.3648658068135
298.36021888204226
298.3547364932246
298.3483559017211
298.34117254291414
298.333190005154
298.3243904344061
298.3148712554343
298.30457403500134
298.29360516847265
298.28192897219867
298.2695936917869
298.2566144346342
298.24304391591244
298.2288897231714
298.2141552613253
298.1989281113513
298.183188852143
298.16698504500545
298.1503158498271
298.13320634402874
298.11572551398444
298.09785420407326
298.079665893494
298.0611847752441
298.0424015856192
298.0233933238473
298.00420412006775
297.98479109481207
297.96531185971816
297.94570622644267
297.9260301849461
297.90638064911707
297.8866834021105
297.8671130351521
297.84761178715996
297.82824913140456
297.80909179105186
297.7902053092174
297.7716400619969
297.753450733402
297.7357116179907
297.718584535822
297.7020087535427
297.68617463178316
297.67114591414827
297.6570104705079
297.6437912799119
297.6316160081257
297.6205499080508
297.6106161261154
297.601874452769
297.59442618081005
297.5882618383179
297.58347904014573
297.58004057266106
297.5780369973354
297.5774303708485
297.57822264634297
297.58045429912124
297.5840624714425
297.5890558135011
297.5953888280888
297.6004378708387
306.9979700031242
307.0030302343255
307.0092776991348
307.016735513349
307.0252920732805
307.03498112283535
307.0457327822141
307.0574837045119
307.07021028077804
307.08384922773195
307.09832206276184
307.1135851654815
307.1295199094628
307.14610051759684
307.16319167681314
307.180742423611
307.19862377198297
307.21679457266714
307.2351623866421
307.2536323923692
307.27216474090056
307.29064859216305
307.30906165533685
307.32724438517096
307.34520376854977
307.36278394324165
307.3800318245058
307.3967883753044
307.41307935001515
307.42882404331107
307.44402341265123
307.4586152670925
307.47262039619295
307.48604827316666
307.49889333761513
307.51120056927914
307.52302301495274
307.53432264568244
307.545257680808
307.5558571224563
307.5661979147759
307.5762453495837
307.5860438133647
307.59551566799354
307.6045741959677
307.6130979335811
307.6210396841417
307.62831855695964
307.6348096682666
307.64048785324167
307.64531315720353
307.6492738412887
307.65233971352274
307.6545452490727
307.6559126374481
307.656438262645
307.6561463596433
307.6550500533705
307.6531531192237
307.65052365028765
307.64712200638667
307.6430235228685
307.63821821943776
307.6326932990256
307.6264881132352
307.6196203840617
307.61211655668546
307.6039396544844
307.5951719017883
307.5857473963133
307.5757245854756
307.5650778639551
307.5538745704567
307.5420706503631
307.52970523599055
307.51675712547535
307.5033471630607
307.4894001784186
307.47503370773757
307.46018145727226
307.4449924797733
307.42945852203854
307.4136309232828
307.3975068272114
307.3811223110985
307.36451530701174
307.34766456314134
307.33061907889527
307.3133919446151
307.29592500592133
307.27832545075114
307.26058543302054
307.2427670228494
307.2248803172885
307.20704487191693
307.18928718385905
307.171682365559
307.1543156609998
307.13726641170103
307.12071802433644
307.1046220692093
307.08915204093006
307.0743423399081
307.060258374575
307.04701833597414
307.03467196027367
307.02324873987243
307.01283701764123
307.00346787337475
306.99522047514847
306.988124112381
306.98221445783304
306.9774807832503
306.97401909052974
306.9717922230969
306.9708347714912
306.9711178014145
306.9726791556838
306.97438915619637
305.38623682017436
305.389834727949
305.394501756923
305.4001678482784
305.4068795485168
305.41454598966635
305.4231628281597
305.4327026562267
305.44312546024986
305.4543863520347
305.466384842504
305.47916821067093
305.49258274218687
305.506576496991
305.5211339698284
305.53616653341
305.5515457739131
305.567279120521
305.5832784991364
305.5994835053957
305.61580811027585
305.63222370462256
305.648611315848
305.6649879080605
305.68128601680917
305.6973956042134
305.7132692840185
305.72885732141316
305.74414632264984
305.75908206125683
305.77356552689184
305.7876634473514
305.8013014262468
305.8145106005565
305.8272447302685
305.8394836990283
305.8513677629252
305.8627465029968
305.87378949825813
305.88447808739915
305.89489715762727
305.90501207650243
305.91483978122596
305.9243177954781
305.9333516724694
305.9419183236978
305.94993875813077
305.95738508447425
305.96413718082283
305.9702107156348
305.97550665075636
305.9799820532339
305.9837058192759
305.9866316291499
305.9887387767292
305.9900449813101
305.99058695206435
305.99032787247756
305.98931168583414
305.9875324039763
305.98504224713434
305.9817790267656
305.97783651038435
305.9731813080148
305.96787914889904
305.96187580373066
305.95523781449634
305.9479722598964
305.94007607939136
305.9315998188453
305.92253009501127
305.91288443579276
305.90267831400473
305.89194734232467
305.8806924802191
305.86892695005076
305.85668310804476
305.8439415218868
305.8308036644976
305.81726655990184
305.80328233721036
305.78899012693034
305.77440303594534
305.759480919139
305.7442776523827
305.7288556269354
305.7132542037474
305.6974420024785
305.68148183789367
305.66538688549025
305.64919556152
305.63291112366824
305.6166385360346
305.6003832233648
305.58414423292226
305.5680188663824
305.5520738425705
305.53632852816
305.52088633722184
305.5057889492886
305.4911082899217
305.47690346701256
305.46328037747486
305.45023785854585
305.43790071739187
305.4262933526377
305.415500228063
305.4055207940198
305.3964579566515
305.38834213005964
305.3811964156789
305.37512582107473
305.37006247849445
305.3660769096484
305.3631954113549
305.3614124919998
305.3607446020735
305.361164375752
305.3620813541024
293.92063268019143
293.9464123365601
293.9720520394191
293.9973476808839
294.0222902530668
294.04675689376654
294.0706839491767
294.09374800940867
294.11589804441087
294.13699128874083
294.15697818252585
294.1757683572013
294.1931116599373
294.2088942882038
294.22323427584723
294.2359994020467
294.2471452217126
294.2565082657531
294.26400359249493
294.2696754782347
294.27347819308966
294.2754545828361
294.2756520785231
294.2740787609618
294.2707749890986
294.26576002794803
294.25934175511827
294.25168931918483
294.2428780296608
294.2330097472365
294.2221173355652
294.21054201609275
294.19863947912285
294.18664661572296
294.17467232472245
294.16280723333455
294.1510834364129
294.1397462397762
294.12896304630965
294.11883025914995
294.10941740405104
294.10074902924896
294.09283682063244
294.0855814768624
294.07866886449364
294.07190152815707
294.0651234226506
294.05812515813227
294.0508089246847
294.0432010131315
294.0352859264182
294.02709311719417
294.0186928478036
294.0101767260043
294.00159996556346
293.99309736487896
293.9846895075114
293.97636060883394
293.96820069246627
293.96014779769735
293.9521332197328
293.9441920785124
293.9362061791048
293.9281673010932
293.9199954916215
293.9117202796743
293.90328627082766
293.89466245013534
293.88576357866276
293.87656879105805
293.86702164848015
293.8570750035392
293.84673862687737
293.83593347487493
293.82473135520195
293.81324658646963
293.8017036458981
293.79034290437545
293.7794259403251
293.76917422646045
293.7598429051073
293.7516542334391
293.7444037142364
293.7381128652152
293.7330800136407
293.7282939711179
293.7226902673865
293.71591015611745
293.70790559614767
293.69876885218997
293.6890013595849
293.678863516373
293.6687109514117
293.6584965290008
293.6484774313555
293.638969410959
293.63052519507414
293.6234268607556
293.6179927473462
293.61430158380267
293.6126422275901
293.6130747856556
293.6156098436749
293.6204296717094
293.62739365649594
293.636352519391
293.64716628188324
293.65972687179413
293.6738990992851
293.68966951469787
293.7068393431886
293.7252117758162
293.7445631288904
293.7648642974339
293.7858962834408
293.807257438748
293.82887212852404
293.8506875596826
293.8656203347167
