291.97428412735024
292.0882140134249
292.19648759900076
292.3009528935722
292.4016700117837
292.4977493232696
292.58373069474067
292.6631628481625
292.73637588165275
292.803510130823
292.8635131977288
292.9122426398152
292.9531744814034
292.9865446785714
293.012525073978
293.0310322394025
293.04189113218507
293.0451759324165
293.04103931270106
293.0295763634697
293.0107342301247
292.9844981181449
292.95110905720395
292.91073508700794
292.86352537564255
292.8101755133224
292.7514992686798
292.68729990864153
292.6176486865928
292.5427242491299
292.46818878352065
292.3958116473559
292.3224074716212
292.24803951492754
292.1728012714238
292.0996195956944
292.0286691034622
291.95882911272867
291.889820043877
291.82139643913627
291.7546405462201
291.69002617306717
291.6021017300663
291.5299846908349
291.45974086018174
291.37510878942317
291.30150378939084
291.2288476965614
291.1569367612678
291.085921571246
291.0165082087851
290.9481841564686
290.88088955644145
290.81455563014686
290.749286848535
290.6848122407921
290.6213361362879
290.5589002718842
290.49749225889326
290.4371719054235
290.3784980896926
290.32095210358636
290.26447426821636
290.2090812205813
290.15463205387186
290.1008523040851
290.0479272610794
289.99588664009644
289.9446969479648
289.8943485419606
289.84472908486623
289.79578008966365
289.74748740205035
289.71106802878916
289.69348867974117
289.6589407541624
289.62563414404445
289.67482344335474
289.67318090302354
289.6724043809185
289.6635454617011
289.6967982341368
289.7065640888094
289.71768780763995
289.72452960616175
289.72434289887906
289.72306728270814
289.72048169853457
289.7164430135815
289.7202709998526
289.73217252262026
289.74562959731935
289.7604546402963
289.7766995564799
289.8010914359801
289.83283491189707
289.87056857166925
289.91435315168366
289.9643838222644
290.0187996057739
290.0787703219436
290.1447016577624
290.21658428778676
290.2944497867686
290.37689077199104
290.46498245141714
290.55866341055275
290.6578432317362
290.7624587114263
290.8752571023463
290.9926273545801
291.11424450074674
291.2400142614288
291.3689315991594
291.49400196584634
291.6188975454564
291.7435504723771
291.86787411151863
291.9521470751897
292.5616221178078
292.6679941586178
292.7678956838456
292.86251560868106
292.9525180101752
293.0381483315649
293.1186772427313
293.19315387840646
293.26160782957345
293.3241477564742
293.380840266818
293.4307466082585
293.47297881907264
293.50769929948217
293.53518282784574
293.55555477114586
293.56890779397423
293.57537519461715
293.57502487910153
293.5679303241516
293.5541117429343
293.5337980041843
293.5070648975699
293.47387246486915
293.43422208907975
293.3883163153819
293.3372384036513
293.2814686161477
293.22088896818536
293.15540050621985
293.08591278197383
293.016531298011
292.9480480959809
292.88022367505374
292.81274732260374
292.74596387296805
292.6810900668876
292.61796017113545
292.55671496022626
292.4960709107755
292.4369253639337
292.3803834312868
292.31828908745064
292.2480290196168
292.1792350823247
292.10927332111936
292.0322090946638
291.958134144387
291.88649102455275
291.81680454105344
291.7488670224407
291.6824631098292
291.61750193307114
291.5538830619568
291.4915366686701
291.43052361751614
291.37083317755236
291.31236573840516
291.255089112435
291.19890562384666
291.1437263654497
291.0895225726629
291.0363193803891
290.98410043705917
290.93283577616364
290.88251752819883
290.83300892971954
290.7843585023835
290.7365395496233
290.6894272881372
290.64286606159226
290.5966389196172
290.55073987950794
290.5052975236677
290.47959212057606
290.4643472110586
290.4417666866907
290.4412474514868
290.47481151671934
290.5051549909314
290.5255270770089
290.5629883787595
290.5946519049564
290.62677943056366
290.66126674769356
290.6865348253415
290.70440374382036
290.7170509350302
290.72543859345683
290.72849099099074
290.7247304886437
290.71825141925024
290.71090361606184
290.7033670736553
290.69808695614665
290.7005382987717
290.7116288588916
290.73090726680584
290.7576387829199
290.7921644072403
290.8355978189677
290.8872266129428
290.94641095435503
291.01263640417
291.0859851016959
291.16655728081054
291.25364417918485
291.34658587887435
291.4449520956802
291.54930452480994
291.6597940712828
291.7749427541833
291.89365788935993
292.01555778144046
292.13448677435775
292.24875800867454
292.36065997093846
292.4708807987105
292.54500902887236
299.4916406220514
299.5327911988481
299.57326794693597
299.6129987253131
299.6519438945266
299.6900761881219
299.7271977416132
299.7631519747839
299.7979269956642
299.83147029767144
299.86372406684166
299.8943917437248
299.9232353232867
299.9502421263647
299.97536846194606
299.9985439883435
300.01958529110857
300.038439570234
300.0550503560659
300.0693983353174
300.08139798946684
300.0911208240188
300.09853293545154
300.10361863085035
300.10635225829765
300.10670697790835
300.10472124145485
300.1003296496712
300.0936196315049
300.08457513602383
300.0734321805949
300.0611086043746
300.0477064771074
300.0332833543305
300.01790886914574
300.0017258237616
299.9851558863668
299.9677849328789
299.9500007491377
299.93119384720836
299.9119557344522
299.8924685890991
299.87083092889804
299.8464450302898
299.8211992390507
299.7942526307781
299.7640185071344
299.73280877812505
299.70083232416243
299.66824801966794
299.6351957444161
299.6017944429667
299.5681482416629
299.5342991715658
299.5003097163683
299.4661971820711
299.431947316442
299.39761471744595
299.36320627706897
299.32879562671815
299.2943264218036
299.25983686317403
299.2253300699413
299.19081382273004
299.1563277041137
299.12192871379665
299.0876554794441
299.05352056062605
299.0195508787248
298.9857036361682
298.95200046436787
298.9183805662691
298.8848680497277
298.8515084433323
298.8233807486277
298.79598291346036
298.76903694695505
298.7472861368959
298.730344883175
298.71472233823243
298.6999214091318
298.69058584563885
298.6810273649279
298.672146055138
298.66423931607585
298.6585440391331
298.6552255606609
298.6543047833304
298.65573579563176
298.6592567912856
298.6642437758237
298.6706547715643
298.6785165344043
298.68786681949257
298.6991047935597
298.71289310129885
298.7291599719368
298.748018486959
298.76941089129355
298.79313150246185
298.8188884283852
298.84665053525237
298.8764119535248
298.9082023285586
298.9416373410164
298.9763939301944
299.012453321205
299.0497935281204
299.0883776778892
299.1279018205435
299.16802351975383
299.2087357501852
299.24996055447536
299.2916900025821
299.33364534610763
299.37554738797326
299.4173942777998
299.45912194471623
299.4874098705707
290.17274489696564
290.2208444744573
290.26706218502346
290.31135356979183
290.353737627958
290.3942578033778
290.432395657644
290.4673869254878
290.49919150435824
290.5279237143165
290.55370743858543
290.5762120186114
290.5948209350086
290.60950262868187
290.6203327941778
290.6276066722101
290.6309922641175
290.63007959277434
290.6248868918445
290.6154963556059
290.60198525551345
290.58415613378725
290.5618311310253
290.53507766761584
290.5041918871296
290.4692646633819
290.4306896803296
290.3888845761245
290.3442105194649
290.2969218318882
290.24745866480083
290.19819131121636
290.15136916220524
290.10805496974484
290.06879123649827
290.03384706848266
290.00477735000646
289.9826736151508
289.9683829698636
289.9622893203088
289.96396932732785
289.97219895974143
289.9825098839824
289.98732587476735
289.99016914933617
289.991480127323
289.9832392318748
289.9700946096245
289.9551451201148
289.93989706643475
289.92491348272193
289.9102221992676
289.8958687304351
289.88183941913417
289.86821534215056
289.85488718233375
289.84164862726783
289.8283635104169
289.81496197575655
289.80138185778014
289.7875278364104
289.7730252484505
289.75779678235716
289.74181509433646
289.72512685240946
289.7077009981979
289.68922739882447
289.6696668848206
289.64908580104935
289.6275845826952
289.6049810163469
289.58127091797667
289.5563904552147
289.5303839418503
289.5082953022926
289.49338288484216
289.4818539718034
289.4727751316338
289.4701896934604
289.4714096389587
289.47248293282524
289.4730225951669
289.47098159217666
289.4681834920362
289.4637962312175
289.4558585204497
289.4432490600748
289.42515162205046
289.4013009220571
289.3723791555269
289.3428117978275
289.3163555717407
289.2946719593388
289.2784558345523
289.2680258354681
289.26364998276995
289.2654618798907
289.2734349122033
289.2874516740563
289.3070634672555
289.33172148426485
289.3609263993412
289.39428054133447
289.43149569696175
289.4721634051946
289.51551325085825
289.56102890405964
289.6085598465115
289.658077455311
289.7091058636828
289.7606744104077
289.812558526751
289.8647699683518
289.9174363227011
289.97018585516713
290.0222340042709
290.07331866353525
290.1234375024498
290.1569991453202
291.20510757559975
291.24666909619395
291.2866166522423
291.32500026558426
291.3617349281638
291.3968840716128
291.43013340202253
291.4607252050157
291.48848826538443
291.5134794386847
291.5358167277155
291.55535219378197
291.5717049340482
291.5847569119872
291.5946532915835
291.6014188335798
291.60490031395454
291.6047074757032
291.60069286546184
291.59290334552367
291.5815008824997
291.5664028964895
291.54758713135817
291.5251318125497
291.4992445236162
291.4701184103323
291.43806139132573
291.40342423842066
291.366483617563
291.32741941941174
291.2865644414983
291.245238369766
291.20502945010907
291.1668146557769
291.131225729001
291.0985155456941
291.06889891764706
291.0399139286192
291.0106599846515
290.9818971937758
290.9541479655237
290.9278502282414
290.90335853046423
290.8805965857016
290.85936357654435
290.8394689140266
290.82069988732826
290.80279802701807
290.7856559846038
290.76914200505547
290.7532466554107
290.7379370049039
290.7231881580355
290.7088717572342
290.69503593492436
290.6817041800867
290.66882881916604
290.6563419078281
290.644184457332
290.6323400368222
290.62071375896494
290.60933049864474
290.5979652959706
290.5866308112089
290.57515828100463
290.56354168096175
290.5518078314608
290.5398207827447
290.52760263398574
290.51508588319155
290.50224541733274
290.48894854035507
290.47516998371543
290.4609423898732
290.4490824619716
290.4422434762671
290.43973232827364
290.44126662643015
290.4489249547403
290.4610212591456
290.47405026491714
290.48676462630914
290.4971162608577
290.5050511389519
290.5100849055325
290.51123447663815
290.5073073722029
290.49774928494674
290.4825194277314
290.46197197163485
290.43944269105737
290.41775144844934
290.398469358005
290.38238104060304
290.3699684439487
290.36183240599274
290.3586352887866
290.36064380247075
290.3680697456113
290.38065077940234
290.39804961839815
290.419757672118
290.44552995132716
290.47500037730134
290.5078573587944
290.5432720546215
290.58075703711455
290.6199591197647
290.6608096584453
290.70312087535063
290.7464513537956
290.7903677762311
290.83474123954767
290.87950368658363
290.9242491420945
290.96809187375743
291.0108173934736
291.05245000764734
291.08026690118913
290.3364418709499
290.3585744740918
290.3814934559007
290.4050794784328
290.42914369428405
290.453584462286
290.478274826165
290.5030221213747
290.5276820193192
290.55203605939573
290.5759352875967
290.59926692369476
290.6218575120028
290.64373815563596
290.6647053352697
290.68469812726755
290.7036383157901
290.72140631810305
290.73781582465756
290.7527953127756
290.766241927929
290.7780004185588
290.78805568819416
290.79631667691456
290.80270096057376
290.8071809078656
290.80972675193107
290.81033636449257
290.8090406422459
290.8059429827475
290.8012176461344
290.7948761948926
290.78716783391377
290.7783013854742
290.76851872681425
290.75806191241713
290.74716369913926
290.736055284674
290.72505516848656
290.7144347970792
290.70441880559486
290.6952916298769
290.68730428597536
290.6805253753301
290.67483182171645
290.66997761490563
290.6656961256539
290.66148081009226
290.65684785956313
290.6516349218442
290.6458127381311
290.6394957042613
290.6327384827474
290.625659017529
290.6183690689293
290.61089908515936
290.60336554675024
290.59569383979755
290.5879621483336
290.5801710691956
290.5722737693471
290.5643291524101
290.5562938403235
290.548176032352
290.5398922639219
290.53152455760187
290.5229341718796
290.51418014319546
290.5051756151804
290.49586215409397
290.4862820019989
290.47632013626367
290.4659821844373
290.4552439042021
290.44410010066827
290.4327092057973
290.4213835753856
290.41041670860074
290.4000410434869
290.3904959911611
290.3819774477408
290.3744476438904
290.36784132702104
290.36189723900117
290.35641038533697
290.35127805939203
290.3461279634805
290.3406844320934
290.3346109641012
290.3276102637284
290.3194592736568
290.3100571663797
290.2995810629143
290.2883477564983
290.2764875049213
290.2643961802806
290.25233683364365
290.2407014205106
290.2297639535976
290.2198060142926
290.21105861866795
290.20375799580796
290.19805363179273
290.1940749439181
290.1919548918048
290.1917165618101
290.1934759149966
290.1971736112642
290.202826507183
290.21040176674256
290.21983497201296
290.23108514733843
290.2439797668953
290.2584626574424
290.2743926549745
290.2917299939428
290.3102747883251
290.32997559529775
290.34398466052454
290.7952577999578
290.7990457740791
290.8030688559646
290.80733201127714
290.81169491028726
290.81624247190456
290.82090633799356
290.82560377411676
290.8303617994279
290.83513493720125
290.83984778984103
290.844587789538
290.84922306404457
290.85379163133206
290.8582064598628
290.862526376185
290.8667281132325
290.87066874151384
290.87438613202477
290.87783916716285
290.8810369414429
290.8839182793257
290.8865025080969
290.88875772535704
290.8906773654342
290.89226880816756
290.89353637003734
290.89450771750455
290.8951843972488
290.8956517881022
290.8958491248379
290.895771554731
290.8955295862253
290.8950942225621
290.8945585702362
290.89385679963146
290.8931272116038
290.8920973953614
290.8908506829126
290.8895016443875
290.8881478612588
290.88679968573064
290.8855555586671
290.88431970785314
290.8831085128976
290.8819859395006
290.8807939986257
290.87958304490166
290.8782981292313
290.8770161608962
290.87569863482145
290.87438832015573
290.87315135253573
290.87193964086384
290.87083934775455
290.8697512384706
290.8687301515951
290.8677211040819
290.86675224458406
290.8658027043172
290.8649153132318
290.86395807622347
290.8629743869538
290.86196577899295
290.8609205607391
290.85979981189206
290.85863564816486
290.8573617964537
290.8559382532326
290.85447810093046
290.85285797486193
290.8511225052159
290.84926703104094
290.8472442082052
290.8452933896674
290.8435723100376
290.84217247998305
290.8410846889742
290.8403685452364
290.8400661140272
290.8400719917221
290.84030865847615
290.8406718551793
290.8411163320195
290.8416239428753
290.84197050985864
290.84201537263004
290.84161097497724
290.84066794658645
290.83917368671246
290.8371184322721
290.8345839066248
290.8316511776689
290.82836451191565
290.82475357129215
290.8209730009147
290.81715663592945
290.81340335288866
290.80980960112754
290.806378618467
290.8032673551065
290.80044673098786
290.7979923356269
290.7959225606302
290.7942706081907
290.79301639074464
290.7921986942152
290.791766090185
290.7917738298433
290.7921516283963
290.7929034199943
290.79402270782447
290.7954766758549
290.7972620008594
290.79936714885645
290.80177307325
290.80442545131007
290.80733142798624
290.8094469174891
299.1699786825086
299.18328318950165
299.19728208633643
299.2119718071922
299.22731842469886
299.24325248261636
299.2597417520866
299.2764758507073
299.29353351011497
299.3108773489298
299.32849638675947
299.34636215281427
299.3643519121876
299.3824445917042
299.400610763961
299.41880578605304
299.43684158761175
299.454748381161
299.4723774322274
299.4897039961359
299.50661407632225
299.5230861207857
299.5389999362165
299.5542515934308
299.56882945593895
299.5826717659935
299.59571832861945
299.60797378354846
299.61939207471823
299.62991820652576
299.6395584148426
299.64834587517436
299.65631170459795
299.66347436492725
299.6698785239157
299.6755195434295
299.6804230185068
299.684539771746
299.68790503966295
299.69052448180946
299.69239871471785
299.6935390729987
299.6939530898999
299.6935850030417
299.69247799940086
299.69061284682664
299.68800289118815
299.68459274507273
299.68055050045905
299.67603115367683
299.6710392953183
299.6655245308664
299.65958974847746
299.6530987986056
299.6461344277743
299.6386936182653
299.6307542650967
299.62228435943075
299.61339719478286
299.6040166949715
299.5941550979221
299.58387071990904
299.57312539301154
299.56195006551644
299.55030763960633
299.5382955884372
299.52583929325345
299.5130149171859
299.4997807881095
299.48603783933277
299.47165017966654
299.45664469967255
299.4410906211879
299.4249845759916
299.4084216849056
299.39143121948484
299.3740599777608
299.35652184981706
299.3388979805836
299.3212715529445
299.30366216004967
299.2861426578439
299.2688085089003
299.2516990921032
299.2347490702173
299.2179879019068
299.20141310907303
299.18498477665383
299.16874049549693
299.15262107680206
299.1367522009828
299.1212167503529
299.1060195965042
299.09123965653373
299.07694181504814
299.0632762291183
299.05034190889285
299.03827979507224
299.02707172739355
299.016561097194
299.006842705797
298.99793419193975
298.98978331577194
298.98245555056525
298.97603192273937
298.9705205672823
298.9660934413388
298.9628820216948
298.96083432587255
298.9599201840292
298.9602141528097
298.96159500398204
298.9641615374006
298.9678657622154
298.9726940138251
298.97862516460197
298.9855685258183
298.99351189706493
298.9994500942996
293.6448758944155
293.657701737614
293.67125254098727
293.68539901386237
293.70016779578066
293.7154743303148
293.7311766277474
293.7469450905657
293.7627992649713
293.7787958950059
293.7948496185768
293.81093994559455
293.82701719242607
293.8429904225791
293.8588086120475
293.8744713009417
293.8897959461618
293.90480825364887
293.9193496574939
293.9333885716955
293.9468989776554
293.95975194304117
293.9719474215573
293.9834123211875
293.994101067651
294.0039297326213
294.0129305415198
294.0210847884723
294.02838469684445
294.0347471200307
294.0402402757743
294.04488949389
294.0487885744791
294.05198056921995
294.05453437661123
294.05643815467886
294.0577767656334
294.0584655003719
294.05855486544596
294.05810991785495
294.05721606463555
294.0558549763028
294.054117501539
294.0518760344548
294.049135542444
294.0459056953922
294.0421539953651
294.03791897747476
294.033216284525
294.02810256463937
294.0226210895164
294.0167203820484
294.01045381164056
294.0038206279663
293.99681669067235
293.9894761395653
293.9817386882068
293.9737239314031
293.96536464135386
293.9566879490453
293.94767864422283
293.9383592774264
293.928750328424
293.9188029094695
293.90859554985286
293.89805993198837
293.887231435802
293.8761313647359
293.8647559165911
293.85300434621377
293.8409030231001
293.8284132617744
293.8156149746895
293.8024462433342
293.78894298047055
293.77521168988415
293.761260422434
293.7471396651128
293.7329102251262
293.7185992449488
293.70423845165465
293.68992035041424
293.67574217882833
293.6617068076846
293.6476838786498
293.63367737012294
293.61965709629885
293.6055889110448
293.5913758135177
293.57712392748925
293.56281242959886
293.54852578397254
293.534341384278
293.5203184866197
293.50653130439315
293.4931171995844
293.4801874491895
293.46779343382616
293.45607750754516
293.4450502485739
293.4348206669659
293.42541249484276
293.416749648052
293.4088609096973
293.4018390427541
293.3957046387979
293.39061992454145
293.3868798216671
293.38429949879065
293.3829889525687
293.38275854291936
293.38373750135185
293.3857797666648
293.3889790753463
293.39325462935886
293.3985833543089
293.40495805045106
293.4123246245505
293.41785284044323
303.2776692104182
303.28867403667493
303.3010610456393
303.3147622745936
303.32969850907216
303.34586302710966
303.3631351595658
303.38142875846603
303.40075566136727
303.4209354144043
303.4419614000905
303.4636914032723
303.48604344610663
303.5089286569946
303.53225655875855
303.5558986626934
303.5797892686025
303.6037957650256
303.6278348042692
303.6517898182082
303.67563576322203
303.69919080351576
303.72237920993933
303.7451345759502
303.76733529832563
303.78891895409254
303.8097933303439
303.8298363656273
303.8490691453738
303.86735688065824
303.8846858449746
303.9010164719758
303.91634663432956
303.9306377195615
303.943972440478
303.95635372592926
303.96776042595695
303.9783657452162
303.98810587587025
303.9970030634325
304.0050886188294
304.01244195659893
304.01906658461877
304.02495084812034
304.03010874164795
304.0345355235292
304.03816218425857
304.0409839845361
304.04289940406665
304.04393060860747
304.04400325929635
304.04313017055233
304.0413659990963
304.03868327078993
304.03507292332876
304.0305811384672
304.0252623448858
304.0191139337821
304.0121721472848
304.00445220602296
303.9959557754311
303.9867726409008
303.9768889024854
303.9662988273889
303.9550897771015
303.94321502876056
303.9307277886457
303.91764943530205
303.9039861645524
303.8897823018011
303.8750181022443
303.85977299989906
303.84397319663617
303.8276983049076
303.81095664289353
303.79373049166406
303.77608947198183
303.75807743225005
303.7397071803278
303.721043634293
303.70211121572913
303.6829707159388
303.6635782230787
303.64405509886876
303.6244027687057
303.60468768117477
303.58485849125987
303.564982609849
303.54507967415924
303.52511055542004
303.50512157326835
303.48513104587215
303.4652267525971
303.4454092178923
303.4257535594263
303.4063063970626
303.38715731805695
303.3684254926582
303.3501834075444
303.33256337194007
303.3156498987844
303.2995490050794
303.2843981772095
303.2702152269562
303.2572037463738
303.24535502777553
303.23482413527444
303.22561616679894
303.21782362957475
303.2115059089047
303.2066820924177
303.2034176577018
303.2016793020675
303.20153687910494
303.202976986981
303.20599323164475
303.2105948360005
303.21670922672246
303.22173075474973
297.93143179324176
297.94547398090475
297.96091225047644
297.9777167314744
297.99580040548034
298.01515086181007
298.0356289050185
298.0572066555482
298.0798096321902
298.1033248631625
298.12766951317315
298.15272481548845
298.17846384304045
298.20465952322195
298.2312720209564
298.2582125292234
298.2853459814637
298.31256663376195
298.33975910649224
298.3668899293669
298.3937696814708
298.42035129694705
298.4465500753727
298.472270511906
298.4973987406183
298.52189746032866
298.54562749250715
298.5685280374036
298.59054278812755
298.6115739112781
298.63160888132023
298.6505853477164
298.6684349077769
298.68524185393346
298.70103075740604
298.71578978252745
298.72955827558553
298.7423128574053
298.75411740395964
298.7648958812042
298.77468140119544
298.78342701766746
298.791179708309
298.7978849366847
298.8035499565255
298.8080997590653
298.8115656605192
298.81384237502715
298.81498010568066
298.8148938391209
298.81356948318086
298.8110515078243
298.80738648550994
298.8025511169668
298.79662235116507
298.7895973690622
298.7815429422093
298.7725100208942
298.7624864290692
298.7515314072168
298.7397191479298
298.7270210618575
298.71354000810976
298.69924813650186
298.6842462579368
298.66851209567864
298.65210566679633
298.6350478508343
298.6174156405342
298.59919648842686
298.5804171987763
298.5611664568892
298.5414343457957
298.5212586194856
298.5006377295353
298.4796327425446
298.45826707947185
298.4365473312787
298.41453331108147
298.39226481985634
298.36972276743273
298.3470130675948
298.3241369526368
298.30109335463294
298.27798208481676
298.2547961671631
298.23157628945125
298.2083740732701
298.18519028777854
298.1621424119109
298.1391729091145
298.1164148110666
298.0939111869927
298.07175142976354
298.05000948678
298.0287624372203
298.0081202852799
297.98823882767044
297.9691011378474
297.9509237469097
297.93378298462915
297.9177851033042
297.9029813874506
297.8895353566054
297.8774862255224
297.8669018625298
297.85785344578346
297.8503980098709
297.84456342513107
297.8404366566625
297.837997625211
297.83732008660553
297.8383588767309
297.84114078882686
297.84567257863796
297.8518814261153
297.85978164569616
297.86930315786867
297.87667649693134
305.9763511412466
305.9839259483979
305.99283295539226
306.0030805883808
306.0145531592984
306.0272805146983
306.0411749380675
306.05613277346464
306.0721503010259
306.08917637682555
306.10711258942587
306.12594011468684
306.14552385361134
306.165829784302
306.1867520029469
306.20821047832663
306.2301129710698
306.2523657898449
306.2749022720449
306.2976154135485
306.3204286941587
306.3432599819287
306.3660133852894
306.38856447829187
306.4109058364432
306.4328654475644
306.4544416072872
306.4755138173645
306.49604501173013
306.515959298707
306.5352196585759
306.5537448364248
306.5715708067212
306.5887135208553
306.6051383845591
306.62088782659
306.63601559446124
306.650449900563
306.66430098887105
306.6774694436707
306.68998780257675
306.7017937343473
306.71294162594586
306.723374480899
306.7330649433234
306.74192867551227
306.74988466692037
306.7569196043852
306.7628818014128
306.76774242082394
306.77146947495766
306.7740771182292
306.7755335067661
306.77591525670147
306.77522407628584
306.77349323102095
306.7707367184897
306.7670292105649
306.7623608854771
306.75681124627846
306.75036560800925
306.7431008060365
306.7350444710266
306.7261871454681
306.7165581004083
306.70621005630306
306.6951549161667
306.68339737452
306.6709880015918
306.6579086054513
306.644196498516
306.6298500526447
306.61491704809765
306.5994026530351
306.58332123120215
306.56667015944845
306.54959125165186
306.5319738217584
306.51400011275234
306.4955970429731
306.4768895854763
306.4579030976374
306.43864158875607
306.4191769235656
306.3994860513767
306.3796172593841
306.35958354723465
306.3394033852904
306.3191012198302
306.2986110256458
306.27804848404315
306.2574112011451
306.23677167140596
306.2161220748424
306.1956286741097
306.1753446983188
306.1552928473466
306.1356456755122
306.1164520638602
306.09791985969895
306.0800415772597
306.06297613322516
306.04680577720785
306.0315995675254
306.01745843158864
306.0044875610661
305.9927032853309
305.9821759399233
305.97295808513695
305.96512059398583
305.9586863699522
305.95368465032846
305.950092016061
305.94800259683086
305.9473923415692
305.94825504678647
305.950534579253
305.95430876256216
305.95763790517344
306.8920038425575
306.897790442959
306.9047569911885
306.9128234855318
306.9220334517511
306.9322859371753
306.9435647742562
306.9558642053673
306.969069856413
306.98320710685397
306.9981368640255
307.01389298198046
307.0303731001389
307.0474606490506
307.0651818091426
307.083398893738
307.1020187369091
307.12103118714424
307.1403345944092
307.159847231839
307.1794898196149
307.1992376090684
307.21893660805466
307.238599985867
307.2581685912852
307.27751704750943
307.29658150439104
307.3153131511955
307.3336543707113
307.351576734427
307.3689632716515
307.38585715517405
307.40219644816926
307.4179793093387
307.43318947281756
307.4478255115951
307.46196868951176
307.47548975803915
307.4884631812512
307.50084112439316
307.5126186322609
307.52374999693967
307.53425258835546
307.5440765469199
307.55319511117733
307.56156577550126
307.5691742640056
307.57593619508094
307.58182339234924
307.58681962387027
307.5908575177577
307.5939071508514
307.5960110816454
307.59721037390847
307.59742739606025
307.59673674072303
307.59516851921427
307.5927121197385
307.58941277226677
307.5852603543768
307.58032585483977
307.5745907349715
307.5681205944558
307.560867375614
307.55298433088115
307.54433880739424
307.53505201543504
307.525116592416
307.51453208263183
307.50337366744384
307.4916114064164
307.47928022976686
307.46640066549776
307.4529965943552
307.4390673094383
307.42465452505905
307.4097658457027
307.39440661594455
307.37867387917595
307.36256266875466
307.346028379385
307.3292140305501
307.3121081973344
307.2947254835061
307.2770996341931
307.2592432506815
307.2412469647002
307.2230579356341
307.2047577569968
307.18635786600333
307.16790626949773
307.14939723011685
307.1309708355135
307.11262264512203
307.0943915478065
307.0763729598992
307.0586500907287
307.0412659923263
307.02431786236116
307.0078884557093
306.9920329440653
306.9768555791105
306.96242939746855
306.9487954546238
306.936095683284
306.9243270039531
306.9135661622557
306.9038358696791
306.89522368234884
306.8877471716438
306.8814488575926
306.87636670630195
306.872518052503
306.8699054954634
306.86856004170664
306.86846987748254
306.86962560890123
306.87204714837986
306.87435850681896
294.78748622483505
294.8165392020669
294.8453725011361
294.8737462179009
294.901699674953
294.9291586063375
294.9559978368099
294.981830033544
295.0066131542704
295.0302157576856
295.05262776013024
295.0737599927792
295.09341955685795
295.11149835812813
295.12807733277083
295.14302360987944
295.1562610559069
295.16761147340407
295.1769676532074
295.1843592268895
295.1897530213116
295.19311157308454
295.1944735151955
295.19386578137147
295.1912407051275
295.18656757592504
295.1802202017038
295.17234047551545
295.16305941379807
295.1524731713044
295.1406984586553
295.12817996540747
295.1154336330631
295.10271835651224
295.0901395253655
295.0777617501814
295.0656748368641
295.0538016651915
295.04197773667
295.0304315497402
295.0191889347949
295.00821302852444
294.9976452455964
294.9874541563256
294.9775250967975
294.9677010174574
294.9578736871592
294.9478204958517
294.93743974812395
294.92666185536484
294.91549986407585
294.90399756960164
294.89219004640654
294.8801719680442
294.86800138182747
294.85578800175745
294.8435170188704
294.8312337546076
294.8190065418445
294.8067688347238
294.79450561296204
294.78222160723925
294.76986677679787
294.757419914974
294.7448302860254
294.7321632947237
294.7193424832199
294.7063625086915
294.6931667470658
294.6797227017187
294.66599913307675
294.6519367800247
294.6375578912841
294.62277859815595
294.6077118381363
294.59250602293764
294.57749907285074
294.5630469117144
294.549408059831
294.53671746737274
294.52510684869793
294.5146300880332
294.50515187902704
294.49687161626093
294.48963072250444
294.4833428635149
294.4778201094072
294.472558862808
294.4669314567863
294.46046820109865
294.45328892562264
294.4454649956623
294.4374373550156
294.4294167142749
294.42190361228785
294.4153254030852
294.41027381376006
294.4069901829314
294.4057836140195
294.4067577595189
294.41018168945743
294.4160239528154
294.424164477829
294.43477370619405
294.4476535858114
294.4624185217175
294.4789365952208
294.49706823060035
294.51663869998293
294.53764690585507
294.559841155649
294.5830754409907
294.6071771260529
294.63211931553366
294.6576885115516
294.68350390427196
294.70947201876277
294.7355852188383
294.7533868231847
