292.4014159471904
292.6201246867158
292.8303647105788
293.03191003223725
293.2247172503152
293.40760948268667
293.5734113522538
293.72627842686023
293.86650692141905
293.9942704686849
294.10854623396943
294.2052735523932
294.2870914790307
294.3541726290989
294.40671312697447
294.4438362918519
294.46306106893707
294.4662420077121
294.4536455359854
294.4255386763505
294.38047736073764
294.317508351622
294.2388737903218
294.1449743550078
294.0361686572059
293.91448606310996
293.78189402497964
293.6376697777497
293.4822410673161
293.31588966700076
293.1497566330371
292.9881931335367
292.8257009526449
292.6625210438641
292.49888293369673
292.33825991414204
292.1803321689818
292.02411577908356
291.86919942462765
291.715356059931
291.5633447239798
291.413612002213
291.26042426340786
291.11209202767964
290.96561395823784
290.8128679837333
290.66702368131905
290.522828549167
290.38020905884093
290.2392033642006
290.09984682417127
289.9621517465136
289.82611154563244
289.69169818485034
289.5589509955842
289.42786682146726
289.29845460328715
289.1706986225069
289.04455094969467
288.9200045452485
288.79686846446094
288.67526044128823
288.55513031728515
288.4364379159234
288.31920938462923
288.2036179431387
288.08934058039085
287.97644992863746
287.864883278788
287.754513724838
287.645103735303
287.5368637500901
287.42973264901514
287.32949073848795
287.23983767067875
287.14230521045414
287.04611383634614
286.96845604719067
286.88201329499464
286.79962808886785
286.7387092298709
286.69775975070496
286.7082515705618
286.8139903538109
286.8462627649507
286.8838568507702
286.9260951311559
286.97181484462976
287.02010650388684
287.07625558177506
287.1405664399451
287.20954619595295
287.2830528457377
287.36102195973217
287.452598268279
287.55668508232156
287.67156359034374
287.7976541857297
287.93537330655613
288.0842089985166
288.24510490712566
288.41815753264154
288.60348857309214
288.8011590966789
289.0079553641019
289.2250549273488
289.45239549617884
289.6898142496545
289.9367929118213
290.1850129957129
290.4372561799359
290.6934453722715
290.9532880096075
291.2153259529
291.46772621026946
291.7160135099976
291.9603052052619
292.2004082684468
292.3612356867909
292.54122389369064
292.75428254743565
292.9560960743199
293.1472361647257
293.3283373249175
293.499814277589
293.66068604453164
293.80978063073616
293.9468283560735
294.07183223924443
294.18481387035007
294.28412968678055
294.3685217807176
294.4381557234995
294.49337207268206
294.5344430418605
294.56041943486366
294.5708701003643
294.5660516196037
294.5463086162066
294.5118892346784
294.46238639262475
294.3980289743567
294.3191202438422
294.22596292012935
294.1190481561946
294.0008431207582
293.87252520530444
293.73416119704183
293.5857118456743
293.42891121200046
293.2716799286044
293.11616179535594
292.9621702434831
292.80943694357967
292.65839253824066
292.51025002450757
292.36322235928435
292.2167158775887
292.06993266722867
291.9239975921799
291.7798314866864
291.6361066030928
291.4923664364719
291.3506452754245
291.2092625499284
291.06521242242843
290.9237233282887
290.7845443834942
290.64746393507835
290.51237255440316
290.3791384729958
290.24772646021785
290.11809298573615
289.990159013469
289.86395694953444
289.7393956986117
289.61648429410246
289.495191732844
289.3754647485064
289.257206587348
289.14037007607095
289.02494898726604
288.9109086585431
288.7982651499796
288.68692198632925
288.5767937672033
288.46788360507924
288.36021074021755
288.2536904274065
288.14828399667863
288.04385601985877
287.94040905945724
287.83794954717416
287.74635163367685
287.6607472310643
287.5719108257458
287.4875643912036
287.41088728965593
287.33568957192045
287.26056825530634
287.21781662760174
287.2066563109351
287.28478075132955
287.3942992546411
287.4846644126235
287.5589418498311
287.62407670816333
287.68346045756005
287.73743577488386
287.78541561794594
287.83292133587827
287.8823993456331
287.93458851004493
287.992377716391
288.0629507652962
288.1476903680439
288.24614817940574
288.3578689061573
288.4824956559732
288.6201162058675
288.77071558131644
288.93425411077544
289.1105191921744
289.29927330086844
289.50012157022263
289.71213954427384
289.93456321007926
290.166790153913
290.4067141120969
290.6512774322878
290.8991718422674
291.1495674142824
291.4021103572996
291.65049682089494
291.8907948764108
292.1241930637292
292.351336234975
292.50239816322073
294.8986393352139
294.9834505644841
295.0665079408007
295.1476479225527
295.2268503188032
295.3040248814259
295.3790405321168
295.45173040246226
295.52195111492813
295.58967284136503
295.6547718608809
295.7169462073736
295.77597578804495
295.8317390883623
295.8841126712837
295.93297218266474
295.97797913483333
296.0188705184255
296.05551900012176
296.08785117760567
296.1156966109369
296.13861729892307
296.1564685984375
296.1692460658364
296.17684132271046
296.1792439743575
296.17646594409416
296.1685394547621
296.15549917849717
296.1373787085177
296.11473234245244
296.0898979626562
296.0632792646336
296.0351247002488
296.00550383508727
295.97460144430664
295.94252474113125
295.9074119299249
295.86923006246116
295.82772219205305
295.78427139233446
295.73926680876235
295.6926556184851
295.6444792743415
295.59530278654574
295.5447031463965
295.49184314752387
295.43802440929045
295.3833745120578
295.32801336140733
295.2720476881223
295.2155656076041
295.1586430044007
295.101343841018
295.04371109361426
294.9857657346731
294.92758269776044
294.8691568828448
294.8105359338973
294.7517667903333
294.69281953224953
294.63375833587173
294.5745866814524
294.51531180394466
294.455970878132
294.3965686780782
294.33714510768203
294.2776894319488
294.2182516147388
294.1588234790446
294.0993684631516
294.03995310783364
293.98052102131504
293.92113795130365
293.8644134543891
293.80803920417844
293.7519405240671
293.69711055729783
293.64345706452815
293.5904234641199
293.5382278511457
293.4928095700755
293.4488357550403
293.4107149488137
293.3721268699803
293.3359368665556
293.30280183836663
293.27280059666526
293.24601501709265
293.2228661266869
293.204967257177
293.1925870724118
293.1858679450298
293.18484171398103
293.1904986958967
293.204731930354
293.2275730215977
293.25897446283426
293.29889567991887
293.3465678703827
293.4007715177242
293.46134702333273
293.5282230221477
293.6013110000178
293.67908094550063
293.7596615718164
293.8429167882921
293.9287562452406
294.0171109509261
294.1069310422595
294.19722848996594
294.2878145637888
294.3785496835054
294.46936869598557
294.5597267952477
294.6491304554554
294.7374305818999
294.82457731749946
294.88311243007706
294.0855143860004
294.193799040078
294.29666380093505
294.39395371483863
294.48606329034953
294.5734746455569
294.6553289824965
294.73014530809286
294.79794413987014
294.8591651947206
294.91417831897536
294.9620590404881
295.00155800312695
295.0328520651233
295.05634159967747
295.07246827119644
295.08052346162776
295.07968106538317
295.0700979815953
295.0519310763149
295.02538679273823
294.98989580739453
294.9449301472243
294.8905968168141
294.8272023360385
294.7550188557721
294.67468291340407
294.5871476239518
294.49318395464496
294.3931917888231
294.28790180512055
294.1818082703245
294.07931177034965
293.9824702876321
293.89219243023416
293.8089642009144
293.7334939439363
293.6631204837794
293.59642173810965
293.5332543836971
293.47355165502125
293.41691545858004
293.3622731373366
293.3079598574238
293.25480246621794
293.2023343753654
293.1462062835326
293.08859348994775
293.0310311931475
292.97420837712303
292.91835235439237
292.86337974041413
292.80923196215986
292.75589503777775
292.7033185329205
292.65147065740746
292.60016493761145
292.5492130927439
292.4986206434582
292.44828019340196
292.398120302862
292.347869460578
292.29741062622304
292.24674416273484
292.1958578847322
292.14472476743225
292.0931345000894
292.0410121495554
291.988409092794
291.9353599747226
291.8818277079046
291.8276435356622
291.7728498207789
291.71746097765623
291.66408952750425
291.6143340849298
291.56632389141146
291.5187923898451
291.47206952406066
291.4254367584391
291.3780261080583
291.3340468946865
291.2985795095183
291.2821818928927
291.28366959124673
291.29521740342136
291.31001326033333
291.3219858447021
291.3271402796266
291.32436282723256
291.32165090206666
291.3261670459749
291.34123560773907
291.36804023217894
291.4067150651031
291.4572235400737
291.5194646269918
291.59299755409313
291.6771701170673
291.77090791526393
291.8725887943513
291.98095478040057
292.0952750683341
292.2149989244176
292.3392364252611
292.46612057849757
292.59470207977057
292.724783456929
292.8564113315652
292.98887138709347
293.12046077682857
293.2507093455989
293.3797590368323
293.5078576548237
293.63381307504585
293.7556280740861
293.87327485503
293.98728397791973
294.0629855880588
295.32935840997754
295.4198558387304
295.50518638677573
295.5853057055198
295.6607524552818
295.73205505049833
295.7990461944914
295.8605325933155
295.9162205548844
295.9663498556471
296.0112833602614
296.0506331522113
296.0834895525731
296.10971921737854
296.12957406318463
296.1433483666641
296.15071008458256
296.15083930861647
296.1436981970021
296.1295354729471
296.108577824004
296.0806385747454
296.0452740383677
296.0025952817709
295.9527025235108
295.8959416344617
295.8329573892134
295.76466417133014
295.69187077957343
295.61523740510415
295.53555465076346
295.4574895961318
295.38602996577487
295.3241692421292
295.27350347187536
295.2346388587064
295.20419271585786
295.16142036634517
295.1076005317408
295.047877446443
294.9852526655478
294.9217318124365
294.8586828002389
294.79684921223827
294.73669953477133
294.678422961534
294.62206897706136
294.5675222663368
294.51472763741475
294.4635205342796
294.41387124413484
294.3656701636435
294.31880963057876
294.27320105733975
294.228771312035
294.1854245085206
294.1430834588719
294.10161470740695
294.0609086689883
294.0208869052894
293.98149629212725
293.94265201005635
293.9042514961922
293.8661300834909
293.8282056761033
293.79042454926457
293.7527027749132
293.71498408609654
293.67717185240735
293.6391904167163
293.60102824910217
293.5625947296909
293.5238157348026
293.4847102482386
293.4467041826999
293.41107392738684
293.37740497685917
293.34508474759485
293.3140046586745
293.2834151571245
293.25213003626754
293.22252697793226
293.198371849394
293.18740813338263
293.1921030929006
293.20707850411844
293.22401351183936
293.23585964414815
293.2385528990076
293.231106714064
293.2193785956377
293.2095548222507
293.20534013256776
293.2087157275309
293.22090090358444
293.2429342640078
293.2757201313995
293.31967073153544
293.3746486889874
293.4398997992589
293.5139917360212
293.595409495419
293.68309461517333
293.77629733009405
293.8742098744034
293.9752234885433
294.0783329692721
294.1830253312971
294.28918351776724
294.39640262482277
294.5033795403738
294.6094706029703
294.71456246101224
294.8188472261938
294.9218264722876
295.0220603749091
295.11910193374905
295.21312044154405
295.27549920069833
293.6820259344187
293.74994331490336
293.81903056809034
293.8889810506705
293.9594922381391
294.03024648857513
294.1009793496664
294.17141893203876
294.24124130807644
294.3101229308985
294.37777945660616
294.44392083717656
294.5083397764109
294.5706762452062
294.63066582908067
294.6879761759653
294.74246385838353
294.7938091150844
294.841778880494
294.88609276767664
294.9265252795765
294.9628962826727
294.9950333581367
295.0227738802216
295.04597355889183
295.06449209793414
295.07822851937556
295.0871745189049
295.091390631163
295.09101840052267
295.0862151587462
295.07719689360044
295.0643469579508
295.04810567528284
295.0291207435176
295.007862967319
294.9848806853462
294.96057800497545
294.9351926256328
294.9087891296849
294.8814807956851
294.8534051683258
294.8247669247286
294.7956434223151
294.7661727539956
294.73638476182555
294.7062959966762
294.67567766104503
294.64438920685336
294.61240145724116
294.57980676156376
294.546623374864
294.5129023347405
294.47875036368083
294.4441952121337
294.40928500435683
294.3740368892338
294.33853759648173
294.30280485427755
294.26689206513555
294.2307707023998
294.1944956373683
294.15803017906774
294.12137197017
294.0844676128499
294.0473573788459
294.0100115169286
293.97243233980026
293.9346281783575
293.8965558284519
293.85826121184493
293.8197104471083
293.780859430732
293.74166941393617
293.7021527588409
293.6623517996568
293.62246903666767
293.5826497693194
293.5429508512886
293.5034035968692
293.4640091364434
293.4247463195344
293.3857600554816
293.347564467779
293.31121365265994
293.27771250874326
293.24740723468824
293.2200522022776
293.1950497728609
293.17162959928015
293.14910155531146
293.12709987745234
293.1056529946879
293.0850888170406
293.0657003116875
293.04804739178394
293.0325441585123
293.01974648657784
293.0101880898113
293.00435609292214
293.00263671441763
293.0053174386991
293.01258998378717
293.02459643856486
293.04139557767917
293.06300034448645
293.0893179120558
293.12022337821884
293.1554568137321
293.194882873844
293.23831034256636
293.28554059988
293.336314356016
293.3904044487703
293.4475871331125
293.50762786214557
293.57010126471494
293.63466804030156
293.6795706906868
294.5661207954801
294.57888201464067
294.59199177802196
294.60540980259555
294.61911551017846
294.63305076866186
294.64719963014926
294.6614270814936
294.67571220904176
294.68998660655046
294.70419333114063
294.7182961153915
294.73219542718056
294.745806568344
294.75913561624776
294.7720892233351
294.78464872076455
294.7967157069554
294.8082634726127
294.81919043174094
294.82951323276495
294.83914308812297
294.8480078054236
294.8560575175468
294.86326690940956
294.8696076910307
294.8751586581021
294.8801368347843
294.88452884959787
294.8884835221813
294.8919377772967
294.8950043555526
294.8977673229247
294.9003210709299
294.9027738757441
294.90517808353803
294.907478927165
294.9083250364069
294.90799107702793
294.90679027962733
294.9049716711241
294.90255450672424
294.8997029437097
294.8964423539534
294.892798160937
294.8888676068241
294.88462511407874
294.8800211743598
294.8751402149188
294.87001192639315
294.8646085206313
294.85898397983135
294.8531883264238
294.84717842221085
294.841036446332
294.83471570089176
294.82824013437966
294.8215874013842
294.81480360484676
294.8078417015485
294.800694977982
294.7934087906411
294.78591761288476
294.7782370010406
294.77035586259154
294.7622909351832
294.7540097780885
294.74549167800984
294.7367632012432
294.72785643275364
294.71866700183006
294.70926763705233
294.69962407995916
294.689725461224
294.67968807375195
294.66959341755813
294.65951155782886
294.64939851178025
294.6391974268411
294.62891750159287
294.6185086617922
294.6080767335861
294.59794840084584
294.58854047693853
294.57999326653277
294.5721000655969
294.5644962188986
294.556916744121
294.5491495147277
294.5410799137565
294.53282651747014
294.52445020552244
294.51616431098137
294.5079965250456
294.500129245213
294.49267591478883
294.48592198278135
294.4799870335975
294.47500300028
294.47102554490925
294.4680745493711
294.46618143964764
294.4653737368137
294.4656507287757
294.46698382691477
294.46933648605545
294.472659494774
294.4769254722794
294.4821257415791
294.48823603825775
294.4951817724288
294.50294885126186
294.5114924575977
294.52077718450994
294.5308121321177
294.54146275283
294.5526442293457
294.5643591376717
294.57260758297883
300.610056742974
300.6398345861565
300.6720089035323
300.7065902454418
300.7435035231631
300.78275512618
300.8241307480574
300.86732851447323
300.91219589398753
300.95857881407795
301.0064041506835
301.05552701217965
301.10561614850315
301.15650377565515
301.2080030106188
301.2599489792573
301.31201245058696
301.3639685504161
301.4156057677496
301.46674954124927
301.51719696885885
301.5666451430071
301.61474055314176
301.6613155661648
301.7060861639534
301.7489385462397
301.789668797378
301.82819636266345
301.86431528153906
301.8978840311085
301.92883083105863
301.957423335495
301.9839610264085
302.00852721245286
302.0311961369244
302.0520242722946
302.0709736456502
302.0871236712739
302.10048549009656
302.1111759950301
302.11926965213894
302.12488894192325
302.12814714118286
302.1291241380189
302.1279756263915
302.12470647731004
302.11947484854437
302.1122807003193
302.1032601320994
302.09250640460044
302.0800927721864
302.06607155714846
302.05056107316926
302.03357013474977
302.01518136865957
301.99547069196484
301.97446934423306
301.952210236112
301.9287868844789
301.9042218277234
301.8785612505437
301.8518354811184
301.82411714361297
301.79542774879997
301.7657878231231
301.7352279369501
301.70381887397076
301.6715763860415
301.6385082135065
301.60463331786013
301.57000521200916
301.53462914570014
301.4985308814806
301.46175186262593
301.42431481532583
301.38626522856447
301.347659508999
301.30852509709007
301.2689468650614
301.2289398278556
301.1885282686735
301.1477637755842
301.1067449896778
301.06566492678024
301.0248290243805
300.9845095564229
300.94469111172333
300.9053394441877
300.8664707510626
300.8280653216992
300.7904335190924
300.7538489981724
300.7184326359927
300.6843211787636
300.6517351755205
300.6208832300851
300.59199648041437
300.5652284285002
300.54067419135487
300.5184331341743
300.49856628909185
300.48113813730345
300.46615419048044
300.45366971877183
300.4437503134026
300.4364069745065
300.43168402025384
300.4295804321565
300.4301492715101
300.4334071571233
300.4393620863695
300.44794545357945
300.4592668064344
300.47333500212835
300.4901031486821
300.5095070892711
300.53145669238455
300.5559241744033
300.5739638279519
296.2807090310909
296.31487030349047
296.35105470651274
296.38911198731864
296.4289682811048
296.470479949354
296.51354327671345
296.55787805504616
296.6033349760671
296.64979844640726
296.69705369427214
296.7449179623578
296.7930998778723
296.8413991142229
296.8895747220117
296.93758490762275
296.98508687675616
297.03191903036645
297.07781058616104
297.12262665183357
297.1662111020214
297.2083314613973
297.24879545788195
297.28742885699955
297.3240749755793
297.3585616761029
297.39080650405543
297.4207267203881
297.44825191534676
297.47329557031304
297.49584702604426
297.51613701699387
297.5345138341763
297.55127275870626
297.56659094278245
297.5807269900324
297.59349988402295
297.60353244553755
297.6110946104831
297.6163053416511
297.6193174106219
297.620248763208
297.61923826301353
297.6163608669053
297.61173264741666
297.6054607222802
297.5975821320546
297.5881576950313
297.5772918460419
297.56504503596244
297.55146528652193
297.5366211385877
297.52055253692646
297.5033477648859
297.4850248704608
297.4656264263885
297.44520695868584
297.4238263805695
297.40147952639484
297.3782234259795
297.3541162249018
297.3291448311996
297.3033747765271
297.2768038469435
297.24945722626734
297.22138197274376
297.1925693354289
297.1630669602404
297.13290346322395
297.102025577523
297.0705060353472
297.0383777317379
297.00563012367206
296.9722779317834
296.9383550205149
296.9038958752261
296.868963355453
296.83356255391567
296.7977034001437
296.7614400755423
296.72476693021713
296.6878040833171
296.65064857821733
296.6135714443691
296.576832855745
296.5406099450293
296.5048345458503
296.4694387399704
296.4343252060059
296.3994601713315
296.3650689845968
296.3313482789329
296.29847105678755
296.2666546721355
296.23610315161744
296.20706944824065
296.1798523272305
296.15456610291204
296.1315021134782
296.1107903372914
296.0925795262701
296.0769728879804
296.06402221803677
296.0538166539825
296.04646961239075
296.04199932593417
296.0404612793523
296.0419366712566
296.0464289471684
296.0539578499215
296.064442366637
296.0778927343547
296.0941840497548
296.113371626287
296.1353471686025
296.15990833438053
296.1869756692415
296.2164197254805
296.2377308362095
303.4609271523853
303.49212646077837
303.5260373129844
303.5626003896659
303.60156365614984
303.6428568040788
303.68628093751585
303.7317333581482
303.7790123638364
303.8280227588677
303.8785778303303
303.9305120637293
303.98368053179667
304.0379344967201
304.09303562253154
304.14883798486625
304.20518213851966
304.26184344542764
304.31868833241737
304.3754664080735
304.43202363461484
304.4881712531134
304.54368584934963
304.59839378794027
304.65204195912287
304.7044693968712
304.7554708218823
304.80485117699925
304.8523857347909
304.8979512848503
304.9413547635952
304.9824894416775
305.02136109728207
305.0579302552372
305.0923035022305
305.12459455954036
305.15490378986595
305.1828553320549
305.20806805499876
305.23014929508
305.2488748029002
305.2642202879982
305.2761794211048
305.28480992701105
305.29021995150754
305.2925816064416
305.29203095490345
305.28870914811904
305.28278063586174
305.2743449324978
305.26357847910054
305.25059510770853
305.2355324550566
305.21853641799555
305.1997045088914
305.17915316210474
305.1569911674443
305.13332530205395
305.10821951262665
305.0817772518384
305.054050619867
305.02514213505015
304.9950882765905
304.9639601261657
304.93181740007145
304.8986956702995
304.8646421173561
304.82970522048674
304.7939034303795
304.75732228498646
304.71995356005186
304.6818476243319
304.64299665809045
304.6034921359067
304.56333204975385
304.5225266558093
304.4811334539026
304.43920077272617
304.39674608470796
304.35378555126084
304.3104073566807
304.266566332893
304.2223454897938
304.17776873761403
304.1329159347714
304.08793052041517
304.0428588548744
303.9978728117145
303.95302611034236
303.90839129153
303.86399805476066
303.8199637955813
303.77643860641814
303.7335783306349
303.69150093247197
303.6504401193697
303.610639877781
303.5723054829595
303.53577232956343
303.50124375111574
303.4690644533404
303.4394200747259
303.4125715350038
303.3887281434014
303.3680942079736
303.350824323744
303.33701659943756
303.32680868259604
303.3202327005511
303.317381912982
303.31825279848437
303.3228360293641
303.33108601129214
303.3429209238825
303.3583076945807
303.37712285322516
303.39925336308517
303.42456474490695
303.443483603324
298.2191725907541
298.2601583311259
298.30432474787574
298.35153259427403
298.4016046692618
298.45442270969994
298.5097258688914
298.56745402106475
298.6273615595927
298.6892868742388
298.7530133585522
298.81836836594675
298.8851136838376
298.95292775423854
299.02164392130675
299.09097142544937
299.1606748787074
299.2304607527338
299.3000724711896
299.3692607186055
299.43771163862215
299.5052100390607
299.5714871766839
299.6362968435719
299.699378738044
299.76051483427545
299.8195247764461
299.876143983954
299.9301399027179
299.981391273435
300.0296794786588
300.0749251201896
300.1170856182621
300.15624981623347
300.19245175476425
300.2257696279372
300.256263221279
300.28335866541204
300.30645060458863
300.3252419751814
300.3396561884839
300.34973023649763
300.35555753936876
300.35734519441263
300.35528785368723
300.3495983938232
300.34055508733695
300.32828248630676
300.31302456417086
300.2949548357925
300.2742844401788
300.2511818629685
300.225848150923
300.1984329956987
300.16909190564576
300.13799435993536
300.10527749869703
300.07105425416523
300.0354133863744
299.9985147691465
299.9604200511817
299.92121161549767
299.88102023915064
299.83988662406966
299.79791499608393
299.75512979569396
299.7116521019249
299.6674326485965
299.6226084121681
299.5772269769838
299.53129766273594
299.48488238461414
299.43801560929984
299.39074725619236
299.34308782503564
299.29510160775783
299.24679844784464
299.1981993853593
299.14934598548604
299.1002670666812
299.0509957109815
299.0016002287824
298.9520233107401
298.90233611343166
298.8525928108392
298.8027775685249
298.75294140019645
298.7031912983324
298.6535370529589
298.6040990224658
298.5549758662617
298.5063917387968
298.45856331830464
298.4117618157586
298.3662220628084
298.32218639336094
298.28000931421474
298.23996652065176
298.2023145487184
298.1673539680716
298.13536292970844
298.10650341137784
298.0810209296688
298.05910753631815
298.04092816613735
298.0266084317455
298.01625994019867
298.00995140195323
298.00779073641917
298.00983383618166
298.0161011833334
298.0265964427215
298.04129063566035
298.0600845717639
298.0829598490262
298.10978547083675
298.140416722288
298.1747312476572
298.2000888926683
304.4355670183404
304.46216471207356
304.49134022176014
304.5229411743101
304.5568620514901
304.59298726950794
304.63124776152637
304.6715064212709
304.7136638515252
304.75760459567203
304.8032579468376
304.85048084582104
304.89917340970794
304.9492110208168
305.0004691114648
305.0528017450579
305.1061104258971
305.16019638908415
305.21495219936236
305.2701621836902
305.3256797486556
305.3813157449407
305.43689528933373
305.49220135309673
305.5470494619448
305.6011749548076
305.65443953160025
305.7065967221307
305.75748523890996
305.8068338188099
305.854487937117
305.9003071467102
305.94425429616206
305.98630296551835
306.0265024845429
306.06489490361804
306.10158202605567
306.13606422540096
306.1678097107539
306.1963755769004
306.2214810031708
306.2429009933375
306.26063761686964
306.2747230232913
306.2852895391403
306.29243000029317
306.296325750769
306.2970872846293
306.29486834000903
306.28984368742107
306.28215049890287
306.27191589090825
306.25937137321137
306.2446039383725
306.22777439136854
306.20899442885644
306.18841694794605
306.1661511083279
306.14229146349044
306.1169405971892
306.090202610514
306.06214341355906
306.0328465771183
306.0023569007981
305.97081656787725
305.93817556014073
305.9045562271837
305.86997984704163
305.8345227620951
305.7981883964006
305.7610248235696
305.72308942747424
305.6844169709205
305.6449839504519
305.6049183083271
305.5641821226302
305.5228497184817
305.4809185629883
305.43850039785633
305.39556435409577
305.35219985741173
305.308399492373
305.2642025373653
305.2196567198808
305.1748026377439
305.12974584362036
305.0845312974067
305.03922667494055
304.9938964419618
304.94855772711793
304.9033631009421
304.8583803912418
304.8137584560383
304.76970420744055
304.7264120491645
304.68409969199695
304.6430187528776
304.6034359580101
304.56562541853106
304.52983263358294
304.4963434042712
304.46537776375436
304.43718398485527
304.411886404053
304.3897275446222
304.3708348561889
304.35529720323876
304.3432025957538
304.3346220873573
304.3295520186291
304.3280252030705
304.3299947930108
304.335408913032
304.3441915026618
304.35629260475116
304.3715832084883
304.3898980998501
304.41119389839804
304.4272687985295
302.80737396069946
302.83392422873544
302.8633630955381
302.895558092687
302.93045090218203
302.9678897075098
303.0077636018922
303.0499510718481
303.0943249471642
303.1407533165703
303.18913583045736
303.23930257325287
303.2911286777389
303.3443894223676
303.3989569790799
303.4546305729421
303.51125067286466
303.56857062681365
303.62647187348233
303.6847193156956
303.7430552208787
303.8013748908149
303.8594444408401
303.9170770498235
303.97409569769445
304.0303171334078
304.0855193894359
304.1395412293931
304.1921944108055
304.2433254137724
304.29271892782396
304.3402426160544
304.38584222971053
304.4294277835887
304.4710274008422
304.51060090899983
304.548178802978
304.5834666757334
304.61594077932017
304.645258352177
304.671179527062
304.6935650906718
304.71238460001666
304.72761466689457
304.7393755328643
304.7476784960836
304.7527705304892
304.7546441065018
304.753469572024
304.74936378210987
304.74245708664245
304.7329009582031
304.72082588896063
304.706343874078
304.6896119810639
304.67076562815276
304.6499335261623
304.6271837849826
304.6026573953479
304.57648119777855
304.5487130294148
304.51949392747537
304.4888795278933
304.4569634982338
304.4238387070822
304.3895572986151
304.35418336540664
304.3178176199877
304.2805106470372
304.24229439277946
304.2032655223984
304.1633951541698
304.1228354671991
304.0815663843811
304.03965563406757
303.99711271616053
303.95403196437815
303.9104046960875
303.8663008142807
303.8217601534279
303.7767930247858
303.73145461003577
303.6857718685647
303.63982051685724
303.5935598591129
303.54709003895175
303.50043488803175
303.4536758565695
303.40686497030475
303.3600726786724
303.3134343384489
303.2670605463471
303.2211342804655
303.17583796304626
303.13136503219096
303.0879367674149
303.0457717408919
303.0051098885441
302.9662135696218
302.92929706881216
302.89457189971125
302.86230984247834
302.83268721697965
302.80589289092507
302.78208840740933
302.761453088138
302.74405717104315
302.73005815816975
302.7195011913077
302.7124762162418
302.709015864754
302.7091084470034
302.7127771209614
302.7199543246511
302.7306013296484
302.7446768792715
302.76210017269784
302.782708944134
302.7985329000046
300.0112749842361
300.0700157519794
300.1278686249437
300.18482838727067
300.24087658903494
300.2959592768252
300.3496399488992
300.40088615923804
300.44945692211616
300.49526804056836
300.5384206300722
300.578524567543
300.6150203059285
300.647954002101
300.6775627139074
300.70393167077555
300.72693993859315
300.7464330577728
300.7623068359273
300.7745897359944
300.7833262825181
300.78825690273334
300.78924526590447
300.7862758552819
300.77924476824717
300.7681694368754
300.75319263915657
300.73449689582174
300.7123642421171
300.6872039164365
300.6595542711472
300.6311977672194
300.6038748066074
300.5783681442161
300.55487457893344
300.5335335367596
300.51449303148956
300.4951030614981
300.4737077649113
300.45042742747444
300.4255094189372
300.3991938954899
300.37175236759924
300.3433530334058
300.3141983634098
300.28450191138
300.25432924876316
300.2237415236286
300.192812007754
300.16156121667757
300.13003390118917
300.0983138057484
300.0664787161734
300.0344752324499
300.00244344278997
299.9703535961288
299.9382000197144
299.90606001186615
299.8738790202387
299.8416819261034
299.8094446749718
299.7771899797224
299.7448566444293
299.71236916782436
299.67972142879853
299.6468614306287
299.6137658274297
299.58040327238234
299.5467719351299
299.5128310191894
299.4786564468064
299.4441903216689
299.4094319268107
299.3742955315166
299.33889928167685
299.3031600302313
299.2673220066047
299.2315712033102
299.1960019498647
299.16062858454376
299.12550811726805
299.0905944295758
299.0561259748546
299.0251243568762
299.0021554147426
298.98766217944797
298.9788131720773
298.9730462772771
298.9687911894772
298.9650960736356
298.96148643399
298.9577288533106
298.9545625012021
298.9530155472401
298.95417095741266
298.9596100604434
298.9702961376728
298.98640651732654
299.0076461579075
299.0336908195974
299.0644501023386
299.0996128468455
299.1387396033457
299.1815742756053
299.22760756267377
299.2760545201501
299.3266301728418
299.3790675776904
299.43330559977665
299.4890740035527
299.5458645009233
299.603372556763
299.661576057841
299.7204157452893
299.779542516328
299.83847547525147
299.8970412201312
299.95523990748586
299.994643568833
