291.9472368205458
291.97585655239
292.0014844519228
292.0270488795799
292.0526225054788
292.0777615500551
292.09981303755876
292.1202872193604
292.1393299790241
292.1568933228082
292.17204992248816
292.181315557411
292.18779038793997
292.19162512147136
292.19281915746933
292.1920220108531
292.1905879596917
292.187011227452
292.1813293976291
292.17351952495034
292.16302683521855
292.14956482559614
292.13383456455244
292.1158973506627
292.09577992436164
292.0743173099155
292.0519419915762
292.028023136998
292.00254019692983
291.9755753133277
291.9490735996259
291.923240744046
291.8967238041881
291.8694895934376
291.8415592270917
291.81472475199956
291.7890137537485
291.7640097560396
291.7397339432268
291.71587552592524
291.69269998533366
291.67137845408405
291.62081738199475
291.58922851807796
291.55938841061254
291.52569678856037
291.4963254475505
291.467987819438
291.440493805465
291.4140303055486
291.38909913949544
291.36534778680954
291.3427052806169
291.3210662130567
291.3004894560522
291.28091697396326
291.26232807735914
291.2448271253251
291.2283774747271
291.2129008514013
291.198966351467
291.1860109017991
291.1740332402521
291.16305012415773
291.15292309365435
291.1433284643451
291.1346195853045
291.12677404660053
291.11973692166214
291.11350194630535
291.1078741823108
291.1028532280174
291.09832315529434
291.09805193085566
291.1042167385025
291.1048205524674
291.10599631401215
291.20825658913964
291.2474999369242
291.2877006374541
291.3116112218392
291.3403938258934
291.3414860968706
291.39226653073723
291.4083772228611
291.4136092803598
291.41535102811736
291.41390043781416
291.4094232425913
291.4123497017647
291.4229896643044
291.4341181130467
291.4454959486157
291.45720044095367
291.4680082009031
291.47910678249417
291.49095666335313
291.5034425658746
291.5164251615897
291.5302316766584
291.54479059132905
291.5602030514884
291.5764084072704
291.59335291210283
291.6099712811737
291.62742107465556
291.6455167383722
291.664232655931
291.68351106244734
291.7067271466966
291.7313309736736
291.75713369590375
291.7841462906534
291.8120467457797
291.839295783053
291.86688509834835
291.89467066663696
291.9227703299194
291.9420072155041
292.5560000297465
292.5774290871385
292.59863907706495
292.61922621610336
292.6393422258421
292.6591106412495
292.6777889360213
292.6943851285501
292.7092040530377
292.72238550491846
292.7340452440367
292.74366728193564
292.7506975405537
292.7551011769571
292.7570230814774
292.75648828775576
292.75387402260253
292.749474409134
292.7433196661476
292.7353824349903
292.7256332194163
292.7140521920626
292.7004935451906
292.68486529035005
292.66704154246446
292.6471621406995
292.625867834626
292.6035126603248
292.5799893242885
292.5551315908708
292.529165295079
292.50347513846447
292.478169224376
292.4530721427959
292.42791459478264
292.4028788942871
292.37864679439457
292.35567075044423
292.33465779221757
292.31516890746303
292.29742477892165
292.2821941922531
292.259405400298
292.2259171446681
292.1935396564139
292.1624278556736
292.1306055612933
292.10123475740863
292.0740054826337
292.0486191109289
292.0248838835391
292.0024605584277
291.9812705131036
291.96121452008333
291.94227526145096
291.9247252756575
291.90872111609684
291.8940520130561
291.8805204989436
291.86809857017573
291.8565615233075
291.8459125217956
291.836213880618
291.8274270657219
291.8195179526185
291.8126371795387
291.80678157947216
291.80185596822713
291.79783612441634
291.79453516930874
291.79149662278434
291.78843130629843
291.78541648322647
291.7825967767652
291.7863499771833
291.7935579326968
291.7983487521373
291.8327865769833
291.9098160481602
291.983468097397
292.04506572898947
292.10228235563534
292.1294431243705
292.1398278208434
292.159512253305
292.17798547795314
292.192162706472
292.2028961905552
292.2106046013349
292.21512111441115
292.217163433931
292.2177168594985
292.21725159015233
292.21616259932784
292.21563043251405
292.21695416480935
292.2199052885667
292.22442560251
292.23004593762505
292.2371087651656
292.24667525344387
292.2584322684412
292.27189520287806
292.2869209793952
292.3028832941879
292.3191576148097
292.33577414353937
292.3527891076113
292.3702127344779
292.38890177741104
292.40879250767813
292.42920050366246
292.44985813272115
292.47074053234473
292.489505026115
292.5071290743958
292.52516598324445
292.54374311823915
292.5566210131585
301.4491178417799
301.4625506753629
301.47581436313084
301.4888873933671
301.50180479841765
301.51455210171946
301.5269129836929
301.5386618702719
301.5498898117213
301.5605019477774
301.5704907403445
301.57964721697994
301.58784743698135
301.59506023798303
301.60129894243954
301.60655868946566
301.6107751905059
301.6140295295392
301.6162364221228
301.61741673302527
301.6175127118019
301.6166588128723
301.61494495404986
301.61225286091286
301.60866794475976
301.60407992271547
301.59867847353786
301.59245390856853
301.5854179369401
301.5776020183787
301.5689997005417
301.5598679815457
301.55006157328853
301.5396369539773
301.5286685815854
301.5170905000408
301.5053246133621
301.4938355474468
301.48340257194974
301.4736766408492
301.46440556094973
301.4555799418827
301.4446910068229
301.4309363256177
301.41651357431965
301.4014007716254
301.38516389536204
301.3685993333619
301.3518865116401
301.33498710196244
301.31805162942885
301.3011968212152
301.28448491906806
301.2679229652628
301.2515347401701
301.23534220701686
301.2193236083088
301.20350888745753
301.1878967221544
301.1725340639373
301.1573884549139
301.14238665457873
301.1275921652884
301.1129500091019
301.0985386862012
301.08439951591686
301.07059784851936
301.05712330830363
301.0440557003005
301.0312920894297
301.0188196543221
301.00663245555705
300.9947077560491
300.98306912638776
300.9733695175024
300.96418842027333
300.9553367775686
300.95270043130245
300.9558054268267
300.9603685874838
300.9658426186712
300.9730276468064
300.9791627621213
300.98713601410424
300.9963460977753
301.0061543821025
301.01655274663716
301.0275312518274
301.03898934926974
301.050930040578
301.06342555545797
301.076399873867
301.0898357724278
301.1037815918006
301.11806651514115
301.1324256120766
301.1466396120589
301.16091264366935
301.175217269535
301.1894078143289
301.20357669660086
301.2176772190215
301.2317447718652
301.24592454599804
301.2600646861401
301.2741712697297
301.28826058363273
301.30238383769137
301.31646301316204
301.3305505041253
301.34462078938253
301.35877435928177
301.37293987754055
301.3871549292068
301.40132901627686
301.41538132069877
301.4293245040929
301.4431363422179
301.4524398602915
286.4519920622881
286.46209755866784
286.47176759527036
286.48128551561257
286.4905782873456
286.49964521954047
286.5083045150237
286.51614574805365
286.52322067536005
286.529457881559
286.5348221254577
286.53923631402705
286.5424675186848
286.54438986165155
286.54496421680153
286.54429056596854
286.54231418978486
286.5389662571539
286.5342822879319
286.5283471802703
286.52114658546446
286.5126576541386
286.50272150884723
286.4914476202798
286.47911711140785
286.4658249409267
286.4518610935818
286.4375359140097
286.42310051895726
286.40891057403786
286.3952868103232
286.3832767266055
286.3739151124734
286.3675443341487
286.36432461120006
286.3642501412013
286.36820946297456
286.37629969763844
286.3896506208755
286.40924934810965
286.4350864627114
286.46657650629504
286.4990101374928
286.5234093995883
286.54436024057316
286.5640423846081
286.58038693678003
286.59524866289814
286.6097084258479
286.6242701128786
286.639136155924
286.65408889886646
286.669057726386
286.68392105436754
286.69879270762704
286.71350186056907
286.72783484983665
286.74166902753393
286.75498528337624
286.7676913956045
286.7797827243314
286.7907810004146
286.80058374722216
286.80921656948266
286.81671110479436
286.82305374882685
286.8278425363294
286.83109478034015
286.8328908933918
286.833319042174
286.8321604877691
286.82941865008
286.82503979643406
286.8190020567938
286.8130406104845
286.80826632824835
286.8032439785609
286.7998268979551
286.8047913796962
286.81561445247394
286.82772007551097
286.83730531793475
286.8365070947167
286.8227680865949
286.79991169229396
286.7718468770008
286.74132810819947
286.7093194733265
286.67620399746204
286.6423207054144
286.608502818828
286.5755994342342
286.54414107288926
286.5143745729434
286.4865796074358
286.461011740389
286.43781147477404
286.4170801668152
286.3989549612618
286.38325785707855
286.3700930499352
286.359367313461
286.35097686017184
286.34492454764677
286.3411996669833
286.3398112401938
286.3404772478121
286.34297408837625
286.34725206916926
286.352949806095
286.3596053562798
286.36713930619766
286.3755604839108
286.38485418524283
286.39484448738403
286.4052913020299
286.4159674298373
286.42662197096433
286.4338551782596
286.7985914570574
286.80832910983986
286.81738913547025
286.82576213042114
286.83358655544333
286.8410415639072
286.8483305447496
286.85543743815964
286.8623351138201
286.8689338718011
286.87513890139996
286.8810138220874
286.88656364528777
286.8916198904808
286.89606378777125
286.89964612345005
286.9020896964743
286.90293554986636
286.9021518422227
286.899796206651
286.8960878353461
286.89095683486545
286.8845834109357
286.87704542799725
286.86850798758155
286.8590905289117
286.8490905443646
286.8386309825744
286.8278126502071
286.8167293928587
286.8055900452035
286.79490358992007
286.784898672473
286.77536618326144
286.76634304094006
286.7575773163712
286.74809472491023
286.73533237436544
286.72322932901113
286.7131818488042
286.70531022750134
286.69950233811096
286.69572263334624
286.6935878967488
286.69261373137107
286.69244075495476
286.69291517881715
286.6938064014256
286.6951889110027
286.6969902880648
286.6992469362702
286.7019358094551
286.70502751820266
286.7083775591933
286.7119910458626
286.7158993859359
286.72006606308486
286.7243853436858
286.728838676793
286.7334214670857
286.7380863768295
286.74298751366734
286.747944207856
286.75306145755616
286.7581922607178
286.763286383875
286.76853668237095
286.77363908350804
286.77871639085225
286.7836840659711
286.7883881205023
286.7926851265714
286.7964008716287
286.79953243379066
286.80301087078703
286.8076557008696
286.8131720494777
286.82061280122304
286.8342853055277
286.853564037441
286.8754151433408
286.89654832855996
286.9104898234256
286.91347886292897
286.9063709610346
286.89234386947055
286.87436066351194
286.85467159684794
286.83456748844054
286.81435780775695
286.7946188092269
286.7755531631436
286.7572302363918
286.73952399006805
286.7224531093633
286.7061269433817
286.69072519259373
286.676102849642
286.66241153513255
286.6494229751474
286.63742898928695
286.6266156520787
286.6172461632652
286.6093770935607
286.6030890316746
286.598072062715
286.5943013745916
286.59161839097794
286.5901399464813
286.5899142170019
286.5910527578871
286.59339603269916
286.59690013928827
286.60150976494594
286.60707324798955
286.6133960135615
286.62030715613963
286.62767179088667
286.6329219658737
286.7649884888836
286.7625115485278
286.7604093251955
286.7586583242804
286.75717765458967
286.7559733066919
286.75500763906
286.7541963331912
286.753487876726
286.75279272672293
286.75207610759827
286.7513420062447
286.7504655466754
286.7495682419785
286.7485320125594
286.74737604843824
286.7460963361459
286.7446462406533
286.7429260292511
286.74095712580305
286.7387527034072
286.7361332875924
286.7332520385845
286.73001549358116
286.7264203315497
286.72247186449835
286.7182189830795
286.7136436325412
286.7088080498231
286.7038303541856
286.6989200516338
286.6940356428254
286.6894506568851
286.68519984629825
286.6813413605454
286.67803217603756
286.6752516741362
286.67309176077566
286.67162448742727
286.67096645649997
286.6712654678013
286.6726667073567
286.6753696457679
286.67940781036395
286.68458703794914
286.6905402660528
286.6971373189042
286.7041405381232
286.7112989851526
286.71859353992613
286.7259167243479
286.7333451255663
286.7409231104984
286.7486679610799
286.75669981598287
286.76496910014197
286.7735610725226
286.7823207700128
286.791326389077
286.80049274263104
286.8097718326664
286.8191390110808
286.82859822585874
286.8380754684876
286.84747470254445
286.8568850959379
286.8661441410784
286.8753061823191
286.88423046808185
286.8928900725747
286.90133178046324
286.90934818737065
286.9169665421495
286.924071190918
286.93068416845455
286.93674107747125
286.9424122700101
286.94771041513746
286.95280050742963
286.95816788491635
286.96412117823826
286.97074874864995
286.9779782590277
286.9852369109298
286.99185247199284
286.9974386418994
287.0015715578667
287.00406144724377
287.0049673071484
287.0042058789982
287.0018849770875
286.99802650388045
286.9928143095424
286.9865409864365
286.9791161084652
286.97075907304014
286.96157393102953
286.95175877436463
286.9413815453089
286.93059992416624
286.9195145114048
286.9082471114388
286.8969877332876
286.8857733285362
286.8748053005908
286.86409571204064
286.8537713188618
286.84393205466836
286.8345701853737
286.8258074924273
286.81756022885827
286.809976993073
286.80296437087543
286.79657432403
286.79071651919514
286.7854868393214
286.7807505886927
286.7765049599934
286.77393818446944
286.725273194042
286.72416393332225
286.7231403991208
286.7222743021521
286.72141792274624
286.72063048472165
286.71991809486866
286.7191795892503
286.7185539815645
286.71790434963606
286.7172080040076
286.71660210049413
286.7159410509356
286.715296505936
286.71459890576523
286.7139565632225
286.7133039353443
286.71255225703754
286.7117753319274
286.7108707907949
286.7099495827412
286.7089391568991
286.7078895468474
286.706773142791
286.70569127928854
286.70455124543815
286.7034153502934
286.7022774366708
286.70116303210216
286.70009062204986
286.6990534766479
286.6980065834306
286.6970208329622
286.6960635606542
286.69512383817334
286.69416079413406
286.6932033858806
286.692126384079
286.6911762297575
286.690363858301
286.68981040696394
286.68944760290833
286.68940960007893
286.68950358449405
286.6897654365919
286.6902520491307
286.6908511110089
286.69159776550396
286.69249412637015
286.69357272988566
286.694791693263
286.6961868109894
286.69779090693976
286.6995997405712
286.7016610411314
286.7039100851708
286.7063041928809
286.70882350986636
286.71152085536585
286.7143154530042
286.7172847501939
286.72028298101185
286.72336884845754
286.7265238406304
286.7297374591998
286.73297840194624
286.73624992369986
286.73949479538186
286.7426803817827
286.7458905116016
286.74905157379266
286.7521163171966
286.75513375685847
286.7580459265547
286.7610065074414
286.7639288973717
286.7669096667413
286.7700299222096
286.7734649958577
286.77741613270905
286.7817754612316
286.78636047467313
286.7907550820898
286.7945950134253
286.7977797147128
286.80034530644565
286.8023827889911
286.80400748865145
286.8052522490069
286.8061722102149
286.80666223218856
286.8067172130017
286.8063337349855
286.80554573304323
286.80429081277737
286.80263640355093
286.80066725408165
286.79839302677004
286.7958835237255
286.7930546179452
286.79008595269323
286.78697089069243
286.7837999845112
286.78057756296306
286.7773726372413
286.7741921015936
286.7711489540125
286.7681472101436
286.76528562615226
286.76253470346523
286.75986083730055
286.75734559195206
286.75489523668625
286.7525731781025
286.7503295520279
286.7481899914008
286.746188168337
286.74421695683924
286.74295296181106
294.5897988760126
294.59681743308977
294.6039388707074
294.61121456518345
294.6186961739104
294.62627086402216
294.63398731506
294.6413610486381
294.6485627712977
294.65556104275566
294.6623967745292
294.66908340632745
294.67553306838005
294.6818479057575
294.6879749453981
294.69391899454774
294.699554773237
294.70500715342024
294.71016000500117
294.715039613919
294.7195567326065
294.72378450832906
294.72762362615777
294.73106235553706
294.7341636884207
294.736883850277
294.739249486694
294.7413087100849
294.7430301554705
294.74445499208167
294.74555078517074
294.74633309123163
294.7467475218925
294.7468766679316
294.7466819353331
294.7462002327398
294.7454023140729
294.74428725148243
294.7429633974714
294.74146837681224
294.73976948208235
294.73790143377477
294.73580651626713
294.73337978012967
294.7306934217696
294.72765280352854
294.72433448092073
294.72065913579604
294.7168129574943
294.7130297312765
294.7092081318855
294.7053144687207
294.70144696086373
294.69741773856924
294.6933210328707
294.689076412584
294.68467463360383
294.6800898289807
294.67537614389494
294.67046849025826
294.6653462831468
294.6601117760854
294.6546162651257
294.6489828885656
294.64307566873254
294.63706449789805
294.6308161896353
294.6244355171462
294.6178096348248
294.6108797319068
294.60342875556273
294.5954449450615
294.58701592148066
294.5781923802382
294.56901165532065
294.5595273487683
294.54974845817645
294.53984911331855
294.5299515445273
294.5201435950538
294.51042118868463
294.500861493856
294.49144563256925
294.4823127290349
294.47332741363687
294.46445785861056
294.4557708615428
294.4471412884912
294.4386720138697
294.4302530096177
294.4219196585122
294.4136820368694
294.40551930359686
294.39748111283006
294.3895539945065
294.38183825177975
294.3743153310408
294.3671055844021
294.3602234236757
294.3533518818527
294.3466064526026
294.34001003751746
294.33348264739175
294.32707150397937
294.3208901064364
294.31487096469635
294.3092929384118
294.30429361436546
294.2997268476884
294.2956651478188
294.2921119928455
294.2890289918507
294.2865359009178
294.284581841099
294.2831029105601
294.28216728194343
294.28162006564685
294.2814328398888
294.28149472298804
289.3123593771969
289.31534683722873
289.318494294987
289.3217279842262
289.325187272795
289.3288418787787
289.33254898976594
289.3359249157892
289.33915395550656
289.34230255701544
289.3453238358666
289.3482821777344
289.3511677866552
289.3538967147932
289.35650167554377
289.3590092694557
289.3612984747992
289.36349424389573
289.3654436271669
289.3671879159795
289.36877818646633
289.3700329246346
289.3711715407213
289.3720324526659
289.3726962758722
289.3731168757378
289.3733357539105
289.3734004031464
289.37334659675616
289.3730497618053
289.37267486428686
289.37215375384585
289.37147959957457
289.370673472948
289.36970683262786
289.36859010716523
289.36710188201107
289.3651217548582
289.3628841085011
289.3606049415599
289.35835140651994
289.35607650955785
289.35388367386304
289.3516269389179
289.34924088482614
289.3467885952693
289.34415057966015
289.34143835331054
289.3386853984043
289.335901160989
289.33314443413263
289.33033154394934
289.3275392139799
289.32470061330486
289.32183412867573
289.3189310873499
289.3159480269461
289.3129943036135
289.3099976810023
289.3069487092609
289.30383162776144
289.3006718423558
289.2974831526197
289.294197772887
289.29090624797067
289.28749127142993
289.2840649371457
289.28057236287344
289.2770180251729
289.2732747909412
289.2693930480928
289.2652506911055
289.26099493865763
289.2565196422161
289.2518182738598
289.24706089044344
289.24210339446125
289.2370429181062
289.2319313800762
289.2268053934213
289.221659202885
289.21655615673654
289.2114347117411
289.2062829310255
289.20095916683306
289.1954837598243
289.1898231240412
289.18396983166707
289.17787344127487
289.17162295426846
289.16516987173895
289.15850767152045
289.1516702642758
289.14464252126265
289.13746688216105
289.13016490163574
289.1227187898296
289.11516700529137
289.10756142713427
289.0998537611834
289.0921146873502
289.0843414299445
289.07649088385153
289.06858419779843
289.06070451969083
289.05282124401924
289.04508037769153
289.0378674594256
289.0309789920919
289.0244609761061
289.0181702678028
289.012295308238
289.00667757922554
289.00139819119016
288.9964720006315
288.99188403345363
288.98768831856785
288.98382907976054
288.9813896660849
297.7918367825694
297.79682416739956
297.8024453224396
297.8087393323752
297.81563486522026
297.82327681670677
297.8314725752362
297.8402960656991
297.8497341162254
297.85965750642185
297.87013589338545
297.88101774715096
297.8922739525249
297.9038632922576
297.9157200361959
297.9277646594203
297.93993386647054
297.9521438743285
297.9643565567215
297.9764825610929
297.98855890395015
298.00041647106724
298.01200843252144
298.0233840178772
298.0343497500746
298.04493986477576
298.05511899529427
298.0647219415688
298.0738852744098
298.0825233410096
298.09059556241357
298.09812385766946
298.10512116428015
298.11155080839063
298.11745963229566
298.1228944960092
298.1277917904005
298.13217031478496
298.13576979912415
298.1386690889587
298.14095808406034
298.1427505792532
298.1441348884181
298.1451394103487
298.14583595230476
298.1463067607813
298.14643774861605
298.1462906849371
298.14583747150925
298.1451511489691
298.14411973110595
298.1428039334768
298.1412595371513
298.1394141338259
298.13727716149305
298.1348754143077
298.1322142099775
298.1292999804015
298.126165058524
298.12272506812667
298.119024441038
298.1151107584496
298.11094658439356
298.1064877271627
298.10180725478136
298.0968355659374
298.0916014844036
298.0861304707389
298.0803489386133
298.07437714441795
298.06810096760233
298.06162641590913
298.05485701895543
298.04786990245367
298.04060380718124
298.03308347353095
298.0253292636008
298.01733920820703
298.0091289314864
298.0007222818932
297.9921487099157
297.9834555425522
297.974575606106
297.9655983179124
297.9565297334964
297.9473868447334
297.9380982315578
297.9287647229975
297.9193359727294
297.9098159169952
297.90017481157605
297.8904909979253
297.8807874964976
297.87103512578136
297.8612689594582
297.851537919531
297.841826540908
297.83222278466786
297.82271562764305
297.8134219494767
297.80433236943185
297.7954918544507
297.7869954902113
297.77880738817504
297.77104575124207
297.76369442310573
297.7568614419863
297.7505607274965
297.74477910014025
297.7396528450948
297.73512569210595
297.7313027106491
297.72812514796857
297.7256813505136
297.72395362334873
297.7229921000782
297.72278476528527
297.72331038190714
297.7240935289258
294.9400203226206
294.9508391527338
294.9624873995833
294.97498945954266
294.9882662946567
295.00234466864055
295.01714398545755
295.0326121968798
295.04875991915327
295.0654853754893
295.08273815260776
295.1004176102166
295.1184887303409
295.13676058903627
295.15525464576825
295.1737997462802
295.1923528145814
295.2108035697137
295.229028599229
295.24711238771243
295.2648025672682
295.2821350101537
295.2990443219498
295.31539567677726
295.33125566706485
295.34645783824527
295.3610204965529
295.3748538664222
295.38794217398544
295.4001928199991
295.41168681463165
295.42233880268446
295.43205111365813
295.44093121126826
295.44904431635325
295.45637717108525
295.46294366415674
295.4685824983389
295.4732729684189
295.4769472274236
295.47981009136254
295.48189134275606
295.48328583291675
295.4840564955769
295.4841728098383
295.48362438712604
295.4825101212445
295.4807367273404
295.47837210136765
295.47540541342823
295.47174650248564
295.46745955804374
295.4626507975657
295.45723777882637
295.4512613648858
295.4447836288977
295.43774590449993
295.43026343139536
295.42225294934184
295.4137315131792
295.4048267007742
295.3953810880172
295.3855887582961
295.3753260457665
295.3647312891895
295.3537321298005
295.3423441723061
295.3306058228376
295.31860665714197
295.30628844736003
295.29366793963396
295.28084979856607
295.26780002848994
295.2545774398906
295.2411206498979
295.2275291507419
295.21374016812877
295.19984250116306
295.18577021473743
295.17165622555734
295.15744686692796
295.14322911653966
295.12898220940497
295.11471439677996
295.10049743948815
295.0863171462695
295.0721939974752
295.05815691068676
295.0442398060546
295.03052120541133
295.0169367960493
295.00358390784714
294.99049166914887
294.97767521053123
294.9651697886126
294.9529788812668
294.94115331398746
294.9298290877719
294.9188929876775
294.9085189613502
294.89874441871217
294.88959390109545
294.88112200412183
294.8733940068118
294.86645614812073
294.86038647845606
294.85521908050436
294.8510017417026
294.8477470987582
294.84556413650444
294.84447145737374
294.84451817348406
294.84568108353227
294.84801564506625
294.8514744783842
294.8560273769982
294.86165453281376
294.8683281623393
294.87341248182594
301.304165945942
301.3071488986053
301.3108950016143
301.3154689332711
301.3207932666525
301.326927056242
301.33377835926063
301.3413896197391
301.34967617320007
301.3586724750202
301.36828865703984
301.3785375505952
301.389265535929
301.4004996747871
301.41213312226336
301.4241305785965
301.43639495970484
301.44887309754813
301.4615076936768
301.47429320749154
301.48712132314523
301.4999514030766
301.51274187933416
301.5253642446847
301.5378738027127
301.5500968618159
301.5620669941678
301.57371313253844
301.5849706914297
301.5958557406161
301.60635291295745
301.61635091807733
301.6259310229423
301.6351306712545
301.64386185930005
301.6522119735994
301.66015586257527
301.6674762991151
301.6742005262827
301.68028410536317
301.685879896396
301.69104217670036
301.69593002043433
301.70050142000525
301.704832765061
301.70884889359064
301.7124108841065
301.7156740101948
301.71854905262046
301.7209092791935
301.7228590993222
301.7243920272423
301.7254493134525
301.7260854779396
301.7262859959812
301.72609409464746
301.7254753400337
301.7244805470974
301.7230584972049
301.72128327335355
301.719082921866
301.71653115987283
301.71361482109785
301.71029786158584
301.7066005080702
301.7025524568969
301.69811226740416
301.69326576189553
301.6881209636694
301.68253310993947
301.67657533230846
301.67023487691097
301.6635402570603
301.6565043254887
301.64907792334685
301.6412532082671
301.63316101968206
301.6246636149918
301.6158833437938
301.60678895094304
301.5974498818419
301.58788180007446
301.57807278971785
301.5681006533536
301.5579011528374
301.5475293771885
301.53697249161604
301.5262738048467
301.5154536900161
301.50443614211446
301.49329385889075
301.48207404209165
301.47080216214283
301.45942403550225
301.44811625298445
301.43685297092946
301.42557231957085
301.414481239289
301.4034790482089
301.3928072102131
301.3823213789837
301.372184440448
301.3623939148114
301.3529956044137
301.3440131018473
301.33555553811885
301.3275762532988
301.32019043598217
301.3133313592286
301.30713998699
301.30165225509904
301.2968403718194
301.29269043617165
301.2893475118764
301.2867877659051
301.2850206210916
301.2840094753889
301.28389402198763
301.28418838249564
302.9681524307049
302.97188190861016
302.97629731546994
302.9813805105315
302.98715188023687
302.9935909738252
303.0007044007799
303.00849272045883
303.01687110261116
303.0259221167051
303.03551270937055
303.0456371444519
303.05629017091945
303.0673330553524
303.0788294728992
303.09062615232415
303.1026582317317
303.1149347704577
303.12739097567743
303.1398915229896
303.15243614637706
303.16500030357207
303.1774414016321
303.18981781661967
303.2020423760868
303.2140654624743
303.2257988427934
303.23726623735723
303.24837995061995
303.2591788846719
303.2695325621987
303.2795506443865
303.2891331958552
303.29831834285
303.30706386774716
303.3153829152225
303.32335094965134
303.33076265172195
303.33760350617877
303.34390760592385
303.34970601453193
303.35498630452855
303.35989725993176
303.36440609847807
303.368523479993
303.37224547264896
303.37556223039047
303.37841953594807
303.38086438022907
303.3828798035759
303.3843875584539
303.3854239907695
303.3859811508582
303.38611565222425
303.38573191038347
303.3848802198659
303.383608298998
303.38184169882857
303.379687864122
303.3770367444496
303.37396379258473
303.3704690451259
303.3665588459651
303.36216185338395
303.35748416953174
303.35232228691166
303.3468166466991
303.34090644573325
303.3346395188172
303.32803132690776
303.3210573386636
303.3137757625762
303.3061316109525
303.29819409385124
303.28995817648297
303.281406346165
303.27260296562747
303.26348897801347
303.25416598512214
303.2446408229467
303.23479799379214
303.2248477796613
303.21469938683794
303.20443021518213
303.19403434383094
303.1834699740343
303.172888487453
303.1621880644314
303.15144102031786
303.14068594813114
303.1299532845589
303.119197579723
303.1085345555666
303.09793145793975
303.0874170781656
303.0769846710487
303.0667105281888
303.056624312578
303.0467448259247
303.0371165896882
303.0277384643027
303.0186895031274
303.00999895662767
303.0016967994604
302.9939038940163
302.98656678017625
302.9797662258589
302.9734663908918
302.9677945703578
302.96275297176334
302.95842254294024
302.9547721741836
302.9518622740526
302.9497105616319
302.9482523428842
302.94760792164834
302.94767392270757
302.9485358038369
302.9494663734285
289.6688714483992
289.678224817489
289.68799616485575
289.69810086717973
289.7086135930953
289.7192946163716
289.7300654569532
289.74044172798153
289.7502422016715
289.75931263400963
289.76765712620113
289.7751680839004
289.78180064870537
289.78763354320023
289.7927922810451
289.797215604133
289.80095509496675
289.80401457176254
289.8062698871691
289.8078013351966
289.8085261334382
289.8086048051159
289.8081297202458
289.8071764039202
289.80564179255805
289.8036110771062
289.8012953888701
289.79869397049936
289.79590543167234
289.79306276207194
289.7900960358243
289.78716975245135
289.78444887826697
289.78196001193186
289.779575621417
289.77711237033213
289.77459678180503
289.77125244558624
289.76708612042626
289.76315027510293
289.75980525546737
289.7571395254529
289.75533680934274
289.75428699209715
289.7537431385749
289.7534887766645
289.753373802763
289.75321229817547
289.75301985011066
289.7527338039204
289.75232081307894
289.75186630577616
289.7513663880056
289.7508866496927
289.7505383987561
289.75038635626584
289.7503943081354
289.7506004619941
289.7510375159709
289.75160481865515
289.7522739479026
289.7529742787652
289.75369807023816
289.7543680089874
289.7548816708334
289.7553343556012
289.7555871733585
289.75566446514256
289.7554850681779
289.755025812247
289.7542195214938
289.75305762495714
289.7515224387489
289.7495300358786
289.7471710000667
289.7444420467461
289.7414832674022
289.73842143238204
289.7355172933814
289.73301618999164
289.7312859107302
289.73050597772504
289.7304948758964
289.73088235714675
289.7315675137901
289.73118811869693
289.7288519731636
289.72458369034854
289.7186393452381
289.7113199536127
289.70325212889355
289.6948675844991
289.6864024611228
289.67772156132787
289.66885545533654
289.65959454792113
289.65018210133013
289.6405718215343
289.6309283273675
289.6212480529661
289.61203217619544
289.6033640945147
289.5953534358525
289.58842578612496
289.5825907703324
289.57781790347883
289.57414987889865
289.5715631101156
289.57000770674273
289.569547337928
289.57012023491603
289.5717422390813
289.5741597245422
289.5773750889206
289.581140456659
289.5852486546159
289.5895440066402
289.59411150849434
289.59732060838076
