292.78574307857804
292.82507947029893
292.8644327719897
292.90409231091246
292.94396180546875
292.98328198053963
293.01867860182466
293.05223578162344
293.08367960674485
293.11292195912614
293.1392721821233
293.16022473004847
293.1778585974302
293.1922341953557
293.20333525751835
293.2113804039539
293.21689024649174
293.2192379369629
293.21858432816924
293.21486814170686
293.20800455825577
293.1982552572534
293.1856083243274
293.1700662342243
293.1516975974161
293.1309682908017
293.10793793238173
293.08254348731225
293.05481634985557
293.0248533827067
292.9937188412891
292.96073670501016
292.9261054289698
292.8900461055348
292.85263923764387
292.8158883380884
292.7798388582096
292.74441146442643
292.7090919169777
292.67375340147095
292.6507851183664
292.6256451246815
292.5865558153916
292.5553465607168
292.52541003240395
292.48950396288336
292.459883933893
292.43159162109487
292.4044686475618
292.3786237105504
292.35459731142527
292.3320303235142
292.31086974129016
292.2910078277005
292.27252094013687
292.2553580346234
292.23949765893485
292.2249857644065
292.2117787876718
292.1998387898044
292.1894951544213
292.1803413694348
292.17236182958163
292.1655262349976
292.1597863203149
292.1551570718268
292.1514982126114
292.1488121566282
292.14704012367395
292.1460960985436
292.1455044861712
292.14556113826774
292.1461522291059
292.15280009637263
292.1688810363774
292.17675264058744
292.1851196405855
292.2339268241765
292.2376986354311
292.1912417137192
292.2068184273263
292.2370618339892
292.21550798387284
292.2491611395804
292.2631288973402
292.280590903884
292.2982084314087
292.31545606475527
292.332172300232
292.3409659918025
292.341352763547
292.3387426185722
292.33388476547555
292.3271935519538
292.3229623617111
292.32050620429567
292.3191742710069
292.3190666795091
292.3202216971891
292.3264065652243
292.3356902040687
292.3467200201116
292.35939057760095
292.37366284697276
292.38839325650514
292.4047505331616
292.42301600843416
292.4431352237457
292.465029658173
292.4903467830391
292.5186073268796
292.54967235640316
292.58343733014266
292.6190691743561
292.652480295196
292.686954307285
292.7222239565127
292.75820825363803
292.7830742945857
293.3743351084693
293.4095427705324
293.44510455426047
293.4807318843143
293.5162881100971
293.5517052275865
293.5858853311744
293.61786219469906
293.64763212429807
293.67515887399827
293.7004112956604
293.72302622614245
293.74231311835905
293.7581493972067
293.7705699253414
293.7796559185908
293.78577516581515
293.78916663054565
293.78977230508735
293.78755668067464
293.78251544948444
293.7747458819397
293.76422514466856
293.7508889692181
293.73466817698414
293.71567216653193
293.6942315802992
293.670637145536
293.64493863807445
293.61715311132775
293.5873333762654
293.55596667390904
293.52344065839924
293.48993944777914
293.45541837107857
293.4202989376382
293.3856058007086
293.3522921643117
293.3206136328661
293.2887880156197
293.259351152166
293.238110365451
293.2154973987917
293.1893446993722
293.1642759733014
293.13913626169267
293.11122591663116
293.08552777384654
293.0617641393708
293.03975112631156
293.0194530664722
293.0007511936483
292.9834836130654
292.96758005067244
292.9529646010326
292.9397713670135
292.92808196519485
292.91779081790884
292.90877301500444
292.90100950626163
292.8941967453009
292.8883581257444
292.88352966246754
292.879687685811
292.876819553852
292.8749417145461
292.8740828451208
292.8740901061902
292.87496960464796
292.87658382841016
292.8786727488061
292.88087893699253
292.88323045414256
292.8858107296732
292.8979596584116
292.91478443737117
292.927615298075
292.95099074802687
292.99029824552963
293.0002579145589
292.99796491604434
293.024668082715
293.0435752432181
293.0366890263908
293.03443435892694
293.03627272780085
293.0391193315416
293.0424676174677
293.0460422051293
293.04845694729744
293.04954299332917
293.05134965755144
293.0534761224022
293.0553372393615
293.05712263138446
293.05830832611286
293.0586453763349
293.0589291159508
293.05951211345194
293.06085366342637
293.06328710794014
293.0668253867613
293.0715454370311
293.0776948318431
293.0850133585404
293.0933357341585
293.10289758620644
293.11390907130004
293.12644459625494
293.1415880686469
293.16046876530805
293.1824055520128
293.20684517023193
293.23360436756127
293.26127154049937
293.29010191390347
293.320588915967
293.35253335466814
293.37491375385304
301.9301104354319
301.94649382523136
301.962738405083
301.97876089001744
301.99458940972426
302.010198990635
302.02537368813216
302.03992623821165
302.05387097939365
302.0671557521409
302.0797662523437
302.0913345830155
302.1017181803313
302.1108191009996
302.11867983126785
302.1252901758107
302.13065069852536
302.13479416210316
302.13769503814405
302.13935658985207
302.1397330669111
302.13886006613325
302.13680386945595
302.1335251852566
302.12901908839467
302.1232577198428
302.116417567091
302.10848382735094
302.09947954631366
302.08940708301657
302.0783227832995
302.0666152707991
302.0541522043209
302.04102366265846
302.0271940046416
302.01272451759604
301.9980060409419
301.98375468612
301.9701219653916
301.95585040779383
301.94171503202676
301.9288377796643
301.9154366702151
301.9011334280933
301.8867484732672
301.8719202830474
301.8557988871532
301.83952670057835
301.8232410970452
301.8069283136538
301.7907267996993
301.774697401699
301.75893750244364
301.7434581625981
301.72826572199466
301.71337224492544
301.69878869426276
301.68448449325433
301.67052233598616
301.65689532476756
301.64357627762536
301.63051796153064
301.6177494727079
301.6052306975627
301.59304507710146
301.5812081943696
301.5697527233648
301.55869954859196
301.54811052343234
301.53789865579074
301.5280111450165
301.51844357943725
301.5091563769635
301.50019157773187
301.4939994756163
301.48841394615016
301.4832927324774
301.4809828743624
301.48120342275314
301.47898644025537
301.4769237752809
301.48026748986973
301.4823357941339
301.4847590917831
301.48812368468714
301.492917918505
301.4992487046209
301.5071043651823
301.51647011520544
301.5269675121023
301.537595781391
301.54816838831215
301.55864101862977
301.56905091424176
301.5796074966106
301.59073269960413
301.60228967634157
301.6144451985692
301.62718608131996
301.64031122386905
301.65382032838966
301.66768216513697
301.6819452136985
301.69671762265557
301.7117091625645
301.7268240212033
301.7420775263323
301.7575369013245
301.773146254344
301.78886071778584
301.8047515390482
301.8208577204194
301.8371594973883
301.85364501146904
301.8702734978853
301.88693456253355
301.9035980213541
301.9203224136202
301.9316580323086
287.8633972723087
287.87968811353926
287.89538533419915
287.9106500168883
287.9253663450762
287.93952683818935
287.9528645667593
287.9649501595961
287.97572921329856
287.9851988023082
287.9933550518399
288.000095126385
288.0051080503987
288.00825128664707
288.00949865579497
288.00896570817713
288.00659842462863
288.00221753433834
287.99587967430693
287.9876668795247
287.9776209224135
287.96564794200333
287.9516567450157
287.9358019722115
287.91841786654436
287.8995763380284
287.8796425366065
287.85898618825047
287.83785072571743
287.81650147571446
287.7953738245865
287.7759324456095
287.7594996448205
287.7465784863561
287.7373652296492
287.73180825328046
287.7306262689015
287.73393640949087
287.7428365505834
287.757738504532
287.77833637937067
287.8051084777789
287.83574069092424
287.8655789911967
287.8958511452015
287.92643880597393
287.9530303803695
287.977711048762
288.00180419228366
288.0259697523469
288.0503830343839
288.0747205496683
288.0988568487846
288.1227337312813
288.14645342831426
288.16988020988947
288.1927632887635
288.2148555194953
288.23615878129596
288.2566338203468
288.27611385944607
288.29402863173283
288.31015872307376
288.32454090841344
288.337282863093
288.3483017158308
288.35709299630406
288.36369232462783
288.3681689801286
288.3706832947174
288.3710560821353
288.3691022476718
288.36485954691454
288.35830854920243
288.35203916395375
288.3475940053723
288.343014248644
288.3378356766247
288.3341646707308
288.3287768993409
288.3187938507017
288.3073074266307
288.293280464705
288.27192904031534
288.24320174059693
288.2089111249162
288.1711674581625
288.13110443846233
288.08927583847884
288.04614911066864
288.0032510740845
287.9618489454721
287.92261385464474
287.88573335120986
287.8514805349708
287.82024651962746
287.7924199749549
287.76818065844884
287.747796658447
287.7310372200975
287.7178613488597
287.7079887713376
287.7012505301869
287.69748793779434
287.6965956426016
287.6984333087158
287.70260318042415
287.708872535382
287.7172446634049
287.72732919406513
287.73870658573696
287.7511525778838
287.76466549012076
287.7792230276151
287.7945640247377
287.81028933312774
287.8261493614871
287.84196868811847
287.8527081516141
288.0288732073268
288.04715886710244
288.06419429873773
288.0798627123173
288.0943678535759
288.10783764202307
288.120490278513
288.1321948861007
288.142815623263
288.1522455874312
288.1604960429682
288.1676616254432
288.1737478844011
288.17864280091914
288.1822251097415
288.1843354526925
288.18479387020875
288.1831910941688
288.1795440885174
288.1739538420223
288.166610029051
288.1574066124736
288.1463722752075
288.13370326776084
288.1195118510343
288.1039526531867
288.08734783999563
288.0699805412968
288.05195074372455
288.03340113651336
288.0144164708751
287.99552466717614
287.9769582514912
287.9586469464757
287.9406859068581
287.9230663237134
287.9051847362219
287.88638082946636
287.87054593098816
287.8580207908356
287.8480795316815
287.8402659868521
287.8344829395593
287.8305604509831
287.82822697707087
287.8272825181958
287.82764275615864
287.8290627895417
287.8315609683754
287.8349980592294
287.8393833785382
287.84467389650234
287.85079569192396
287.85767930322123
287.8652862365772
287.87363149307396
287.88268023999393
287.8922223155468
287.9022285095348
287.9126813778865
287.9234898672628
287.9347278440485
287.9461830298941
287.95775829944336
287.96928459741827
287.98068306808943
287.992056144179
288.0031128184706
288.0138896336298
288.02425260742774
288.03404079727113
288.04298045820786
288.05082577080714
288.0575504921316
288.06453746830533
288.07285779497585
288.0820172732833
288.091748666877
288.10315775506353
288.1142793952588
288.1223681213491
288.12846772125664
288.1319001883503
288.129571561165
288.1206497147855
288.1062779945278
288.0879732470408
288.06719799397376
288.044775444611
288.02092994990954
287.99657956343884
287.9722861556917
287.94839493544384
287.92495306321536
287.9022159494672
287.8805454866457
287.8603999802333
287.8420871981487
287.825974157508
287.81208916954967
287.80078198273907
287.79211093269436
287.78617191364003
287.7828529044313
287.78203133448073
287.7833162272332
287.7864629809664
287.79126762411306
287.797656351861
287.80562212567247
287.8150233720523
287.82554583496875
287.83706460974196
287.8495003163492
287.8626682167134
287.87637513699474
287.89035941677594
287.9045328724564
287.9142150933739
288.26954614374415
288.26895507930175
288.26880946734315
288.26908494432337
288.2696804160034
288.27061293604476
288.2717831672958
288.2731438072926
288.2745873569434
288.27605073713534
288.2774398622861
288.27873625455516
288.2798434389109
288.2807757403334
288.2814559912549
288.281842381025
288.2819206281508
288.2816194570128
288.2808446839092
288.27957019261396
288.2777691033472
288.27530557701596
288.27226282645523
288.2685971891392
288.26429364946745
288.2593480073485
288.2538054583715
288.24768663013725
288.24109927810275
288.2341568806075
288.22704727316403
288.2198154243741
288.2126850728254
288.20569464207864
288.19897488533564
288.1926459215768
288.18677848556496
288.1815011541889
288.17692157382606
288.1732722411316
288.1707522103413
288.16950886679626
288.16971578192533
288.1714706035542
288.174754122888
288.17935426933815
288.185209182244
288.1919866636934
288.19937117518197
288.20728496108137
288.2156328052108
288.224454199687
288.2337068433566
288.24338573504156
288.2535840682914
288.26421508744295
288.2753189466092
288.2867865134854
288.298658297423
288.3108824601329
288.3233607906963
288.3360835657119
288.34897606517615
288.3619692639822
288.37490008809914
288.38784971628814
288.400618157223
288.4132544664864
288.4256132959067
288.4376300371876
288.4493431490338
288.4605713677534
288.4712573942218
288.48130894371377
288.49072057346814
288.4994546016905
288.5076604246495
288.51545875681614
288.52290354911844
288.53015105858896
288.5371434113228
288.5436960266375
288.54976162525935
288.5551165316546
288.5594574954238
288.56259251435074
288.56426654290453
288.564320781509
288.5627364861669
288.55947027453556
288.55452126873524
288.5479395018009
288.5398946927233
288.5306257552719
288.52010731764494
288.50857804907156
288.4961626682274
288.48311430107316
288.4695844796707
288.45580516530686
288.44191821609314
288.4281070926621
288.41456509326514
288.40138648953314
288.388735926107
288.3766423350434
288.3652397042229
288.3546301450377
288.3447833544073
288.3357871474382
288.32762510948015
288.320361118857
288.31394471807033
288.30837603521053
288.303575961371
288.2996181336356
288.2963486986615
288.2937372804036
288.29233055130953
288.0985263337477
288.0975759634866
288.09669530441937
288.0959313406235
288.0952526342481
288.09462224666277
288.0940819167179
288.0935325441129
288.09306899152426
288.09256563624757
288.09199680899627
288.0914883926289
288.0909239717836
288.09030242415326
288.0896264699946
288.08894412651256
288.08818774310345
288.08731422066717
288.0863696274356
288.0852518271107
288.0840737327054
288.0827625371211
288.0813212770139
288.07976875845236
288.07818414263545
288.0764852401217
288.0746944444335
288.0728548184981
288.0709324868308
288.0689952119738
288.0669863520261
288.0649209393668
288.0628534894088
288.0607600639085
288.0586637770697
288.05651633246987
288.0543894261367
288.05228894674786
288.05046842508216
288.04880413847894
288.0474411806575
288.0462768917583
288.0454444950789
288.0448528736207
288.04452024985767
288.04450579348685
288.0447204204844
288.0451872248847
288.04592706825593
288.04693028983974
288.04819329979483
288.04977796391586
288.05169818274715
288.0539436558778
288.0565627637607
288.0594926047287
288.06270306018416
288.0661691385118
288.0698982182847
288.07384554723023
288.07803294634635
288.08237218480986
288.0868098548476
288.09135209917304
288.0960229218485
288.10072187003294
288.10548505885447
288.11020544392403
288.1149216303634
288.1196472912553
288.12429430541886
288.12886502701156
288.1333280384728
288.13766704222684
288.14202730918663
288.1463980555005
288.15084964242766
288.1554231649793
288.16002190146327
288.16468472513526
288.1692406283005
288.17367971979417
288.1779716868355
288.1819418160391
288.1854213067278
288.1883584093828
288.1907875298133
288.192699660223
288.1941502096503
288.19517480394944
288.1956602278384
288.1955484777008
288.1948915458001
288.19366113134896
288.1918786808065
288.18958472873334
288.1869415688004
288.18395689609645
288.1807576652359
288.17730878443473
288.17373243983326
288.17005111174825
288.1663823357685
288.1627003767083
288.15907951747346
288.1555656129116
288.15222722394907
288.14896484564684
288.14588980691514
288.142979921569
288.14021629264
288.1376435883044
288.1352028429522
288.13294083405964
288.13081473518656
288.12883108843914
288.12699213295355
288.1252456366111
288.1241360341975
294.22763154907216
294.2360838757771
294.24481351660677
294.25388583348206
294.26334459751564
294.2731000487715
294.2831289641555
294.2930960163728
294.30308174634797
294.3130332224484
294.3229936058989
294.33294429076466
294.3427532082687
294.35249908249193
294.3621086216459
294.3716070441163
294.380849932914
294.3899375668237
294.39876029361517
294.40731801486413
294.41555030913725
294.42345486613675
294.4309258972436
294.4379852465656
294.4445942644268
294.45074614473964
294.4564291750789
294.46172777533457
294.46660339368896
294.4710454343631
294.47507753381944
294.4786809128295
294.4818664796223
294.48464146673024
294.48703688275504
294.48899913323845
294.49059016725016
294.49181589353833
294.49278123268545
294.4934408427398
294.49369341404855
294.4936119757301
294.49322864862967
294.49243022416215
294.491326639301
294.48979957789936
294.487924669752
294.4856066419575
294.4829906548877
294.480243786462
294.47729442621215
294.47412022070245
294.47080950288813
294.46717036886963
294.4633279377045
294.4592173389076
294.4548169181819
294.45012887694526
294.4451901731499
294.43993904854017
294.43438763075255
294.42861314676287
294.422512911234
294.4161771213853
294.4095096087725
294.4026452309412
294.3954855950689
294.38810754874595
294.38045220591164
294.37245293853186
294.36397878216354
294.35504577087954
294.34569048114304
294.3359622557156
294.32589760433996
294.3155275466862
294.30494365939796
294.2942767794065
294.2836681770935
294.27318521416333
294.26277217978225
294.2525025486112
294.24238945924543
294.2325062121662
294.22276341072296
294.2131620766471
294.2037170497143
294.1943248706826
294.1850914930509
294.1759068556545
294.16681823476165
294.1578575868749
294.14900044624784
294.14028040122207
294.1317522701617
294.12346900793443
294.11547010261444
294.10785424613795
294.100560465442
294.0933722473754
294.0863797367092
294.0796504400998
294.0731001028016
294.06679705018166
294.06089068896705
294.0552901021252
294.05028891570515
294.045938628076
294.0421900196586
294.03908199058117
294.0366628131433
294.0348617866752
294.0338024304252
294.0334615695482
294.03373670903335
294.03470158239287
294.03623095339645
294.03827806925864
294.0399551431752
289.8039178764589
289.80940595293333
289.8152795486232
289.8214789965131
289.82807741263946
289.8350498213048
289.8422549594868
289.8493976543821
289.85657164669465
289.86382147119673
289.8710396834152
289.8782859434721
289.8854981711276
289.8925881798186
289.8995283478457
289.90635982731686
289.9129283418397
289.9193667239458
289.925457517984
289.931276150626
289.9368434311248
289.9419669444481
289.94680939031963
289.951232007791
289.9552904066064
289.9589081537844
289.96212037817514
289.9649738416317
289.96747337995697
289.96953026427525
289.97126049492033
289.9726041288296
289.97359503856455
289.9742530208251
289.97454095567895
289.9745057920911
289.9739343480862
289.9728661663708
289.97149317929615
289.96988778063
289.9680796106779
289.966081464975
289.9639738529928
289.9617455137302
289.9593529147319
289.9568740343669
289.95419077987043
289.95141201024256
289.9485389912242
289.9455847152518
289.94259671294145
289.93951867675565
289.9364166770527
289.93320958966495
289.9299672733494
289.92663820124113
289.9232273361379
289.9198110430389
289.9163115583913
289.91276438339946
289.9091303688426
289.90546490614605
289.90175437652016
289.89795332049925
289.89412239163534
289.8901885160126
289.8862180706053
289.8821869028053
289.8780979421404
289.87380787106366
289.8693911909148
289.86476002336366
289.8600104043543
289.8550343951694
289.84984314896076
289.844588381004
289.839160627865
289.83363036719453
289.8280421183525
289.82235760162246
289.8165523711826
289.81069105865504
289.80479679851305
289.7988283796146
289.7927174819622
289.7865104183361
289.7801552433991
289.773675811628
289.7670172340457
289.76024199837184
289.7533409492713
289.74627897453075
289.7390636591403
289.7317455663255
289.72435919327904
289.71690305894475
289.7094380641136
289.70199410013413
289.69462814892483
289.68730059024807
289.6800936718175
289.6730419290476
289.6660934754501
289.65927400008565
289.6526729903576
289.6462963466157
289.6402801438498
289.6348956483493
289.63000762697794
289.62566885850623
289.6217841231808
289.6185031151998
289.6156704345861
289.61341040846634
289.6116673763094
289.61047498776236
289.6098167370922
289.60964832120055
289.6098302329826
299.9837813828387
299.99082805438326
299.99856523417105
300.00705645854816
300.0161695172491
300.02605997936485
300.0364961834791
300.0475658664101
300.05921634046626
300.0713411309215
300.0839755611299
300.0969504829931
300.11024663931926
300.1238093362925
300.13754330399377
300.15133433901354
300.16514942184995
300.1788563279304
300.1924242709094
300.205714742899
300.21876656860826
300.23144281234005
300.24363918135367
300.25539659630334
300.2665526851894
300.2771543912243
300.28709806748776
300.29633420872244
300.3048781866355
300.3127199797024
300.3198189558483
300.32618538645403
300.3318588417184
300.3368096860119
300.3411313495795
300.34483866271626
300.3479810079687
300.350509232638
300.3523081461739
300.35341190035706
300.353862559175
300.3537282589915
300.3531163039091
300.3520743922412
300.3506784358055
300.3490698091681
300.3471892634307
300.3450988021892
300.34280594424405
300.3403727086293
300.3377272523851
300.3349470581765
300.332042203658
300.3289907579223
300.3257969219742
300.32248485168924
300.31904462956925
300.3154870206539
300.3118145564667
300.30799917273214
300.3040245458034
300.29994054904705
300.29572487949156
300.2913088865116
300.2867454399221
300.2820022168614
300.27706229322285
300.2719326294666
300.26655217491873
300.2610080452031
300.2552301096757
300.2492391866644
300.2429823649577
300.23652651437106
300.2297705843939
300.2227840596739
300.2155283714997
300.2080561557502
300.2003388109094
300.19240025346767
300.1842477096426
300.17592269467536
300.1673535771528
300.1585946447571
300.14968374943993
300.14059942156047
300.1313108307488
300.1219010274701
300.112318988537
300.1025694475031
300.09263810637464
300.08257500040514
300.07240660467994
300.0621830566463
300.0519083901961
300.0416408498401
300.0314737376936
300.02143219776394
300.0115960159973
300.00204506501467
299.99287756470807
299.9841195791449
299.9759046187375
299.9681832990178
299.9611183091819
299.95469413049966
299.94900087717326
299.94407304699916
299.9398914271676
299.93658118420007
299.9340754878271
299.93247866230564
299.9317061682366
299.93180457292146
299.93278892125744
299.93464639931665
299.9373482312101
299.9408837453465
299.9437546517852
295.48304064777653
295.4962988525414
295.51053140753095
295.52572055360815
295.5418117555276
295.558799102781
295.57659043396006
295.5951479714026
295.61442480766067
295.6343437054139
295.65481313783556
295.6757381456496
295.6970519874507
295.71853660668665
295.740197331075
295.7618639340895
295.7834469461399
295.80482802142825
295.82588280573896
295.84660052535304
295.86679111478486
295.8864233480739
295.9054775916115
295.9238212578329
295.9414445698657
295.9582561107357
295.97427980990585
295.9894015469509
296.0035855311866
296.0167817396717
296.029036053699
296.04025229251044
296.05038674463447
296.05953682138204
296.0677781443758
296.075106052277
296.0815399808291
296.0869605236572
296.09139277413414
296.09476415075926
296.0972210085076
296.0987462255342
296.099420448223
296.0993317492997
296.0984995041702
296.0969783946937
296.0948258639567
296.0919849166618
296.08853329449863
296.0844169244124
296.07959925668763
296.07415246493315
296.0681158238862
296.0614665153216
296.054223492013
296.0464734199475
296.03817498569975
296.02937573223625
296.0200414690284
296.01019713143614
295.99990232147576
295.9890815484692
295.97787798803614
295.96623021011817
295.9542107216059
295.9418103240409
295.92900950028434
295.9158090551733
295.9023336391689
295.8885592976183
295.87446012895003
295.8601367296271
295.84557704359605
295.8308583341561
295.81588660197207
295.8007620233574
295.7854626455772
295.7700127270106
295.7544199702982
295.7387882610929
295.72309239046257
295.7074022103202
295.6917050052077
295.67600389418095
295.66037247346287
295.64479275093936
295.6292714400593
295.6138850581647
295.5986243041246
295.583572731583
295.5687156801206
295.5541242163742
295.5398124641459
295.52582993795306
295.5122210062446
295.49899684767644
295.486247773423
295.4740541894002
295.4624149762552
295.45148567616747
295.4413254311263
295.4319701747803
295.42352585464243
295.416001366637
295.4095086795805
295.40407991124783
295.3997563860501
295.3966171470361
295.3946933475044
295.3940614688778
295.39474451941123
295.3967809783374
295.40016211010106
295.40487684615863
295.41091731544634
295.4182231276586
295.426775281023
295.436508587685
295.4437835343148
301.8946573692438
301.8995071846996
301.90529931999
301.91207872274646
301.9197383214445
301.92833297680943
301.93780946585866
301.9481509894874
301.9592685270743
301.9711802435819
301.9838159445286
301.9971094193167
302.01096051902124
302.0253375599401
302.0401541162064
302.05529407046413
302.0706814908575
302.08626037765885
302.1018945368176
302.11760091676183
302.1332357810123
302.1487389873716
302.16407763285366
302.17909134676006
302.19383109667353
302.2081338948173
302.22200330704845
302.2354057568755
302.2482297837017
302.2605050826405
302.2721972607019
302.283236825342
302.29367147912217
302.3035080506734
302.3127614826034
302.3214734768023
302.32963048241857
302.3371023645871
302.3439109705973
302.3500555849022
302.3555850927461
302.3605090223842
302.36491956402216
302.368864250099
302.37241849988595
302.3756008485588
302.3783477713976
302.3807337716786
302.3827498207499
302.38429965611925
302.38541335152956
302.3861085831313
302.3864105471899
302.386257960012
302.3857218929794
302.38475300369754
302.3833918362968
302.3816689414735
302.379519857153
302.3769908591904
302.37405413313246
302.3707571320054
302.36705864508184
302.3629439509467
302.35845346873873
302.3535686717019
302.3482507989059
302.3425186777439
302.33644103969397
302.3298680486275
302.322888214855
302.31547644045
302.30766178872767
302.29942640141184
302.29077163800207
302.2816532974099
302.27221715444944
302.26231261680465
302.25209279844427
302.24149842984843
302.2305998014784
302.21939085141656
302.2078526327268
302.19606318339794
302.1839946151232
302.17166327205587
302.1590727282935
302.14628523430423
302.13328946296167
302.1200563774783
302.10666195253225
302.09316286043145
302.07954701238884
302.0658774382405
302.0522575954744
302.0386944682286
302.02520983370744
302.0119712318521
301.99897190156844
301.98637418800985
301.9741447392908
301.9624196662929
301.9512595495863
301.9406851442552
301.9307800507079
301.9216213322907
301.91318299330663
301.90560177070955
301.8988330188575
301.89297471640964
301.88804942266705
301.8840817909606
301.88104443764837
301.879009153101
301.87800109178704
301.8779755388821
301.8789293567781
301.8809510846958
301.88284145142046
301.4829244261912
301.48893916670914
301.4959502521703
301.5039546065473
301.5129268249304
301.5228708526916
301.53375868070657
301.5455321097852
301.558173867889
301.57164779434424
301.5858839505802
301.6008186233524
301.6164326272764
301.6325615921642
301.64922367156606
301.66625615552084
301.68361449689024
301.7011676202378
301.718926647842
301.73668933801207
301.75441069710473
301.77207738243015
301.7895347095135
301.80676842928136
301.8237253422737
301.8403158442774
301.8564738269851
301.8721628204402
301.8873210918817
301.9019762578214
301.91599148224014
301.92937583985344
301.9421540587064
301.95427643357175
301.96572792855324
301.9765312497827
301.9867193304251
301.99618368253675
302.0048806483404
302.012875013088
302.0201346015514
302.02665986965565
302.03256231047646
302.0378018501394
302.0424300697382
302.0464190475403
302.04983890197
302.05261119769375
302.05477890097313
302.05633323624306
302.05720908064507
302.0574555851872
302.05704375331266
302.056037420911
302.0543762528497
302.05210632911496
302.04926271057235
302.0458106199475
302.0417953591768
302.0371985807849
302.03203710968813
302.02634869279683
302.02013084303593
302.0133519134634
302.00617702553444
301.998410773881
301.9902172777606
301.9815435079249
301.9724510091376
301.96290126620676
301.9529371498819
301.94256281390204
301.9317870550367
301.92064354810634
301.9091537982827
301.89727366296194
301.8850937254551
301.8725636862841
301.8597710550107
301.8467594411688
301.8334171946687
301.81991275051115
301.8061957566742
301.7923289809793
301.7783202303078
301.7641360600963
301.7498991841749
301.7355357306579
301.721113139091
301.7066835844287
301.69226505648186
301.67784678039305
301.66354616638574
301.64930414853893
301.6352191986574
301.6212652655661
301.60755092498835
301.59411601372074
301.58103314738463
301.5683290099713
301.55606030367204
301.54430683896084
301.5331344939163
301.52257691306886
301.51276319477006
301.5036984195474
301.495432811781
301.48797033264617
301.4814635334049
301.4759064908518
301.4713947426319
301.46791525821914
301.4655313575664
301.46424690487373
301.4640210391528
301.46493386269907
301.46693914051633
301.47004534199
301.4727304052974
291.3226995359795
291.33655403580167
291.3505063604642
291.3644313446676
291.37838158426376
291.3921390547785
291.40565141626837
291.4184553664095
291.43038970429853
291.4412947489396
291.45118647238047
291.4599659038647
291.46752176684805
291.4739455070396
291.47937561813325
291.48375650824295
291.4871026686237
291.48944249264855
291.49066197965925
291.49083977825836
291.4899574236055
291.48810339393185
291.4853436286631
291.4817237014993
291.4772106756713
291.4719070539898
291.466048484075
291.45973920998796
291.4530687337901
291.4462137042853
291.43911309683097
291.43204454474613
291.42522414960916
291.4187442522563
291.4125158286767
291.4064669975056
291.40060131832155
291.3942687990914
291.38766457358224
291.3816519992739
291.37650234665443
291.37219017118247
291.3688379793778
291.36630269221695
291.36450363702085
291.3632693339232
291.36251308383424
291.3620574832528
291.3618028251547
291.361699256509
291.3616745550714
291.3618029116485
291.36208220718237
291.3625451414344
291.36331290999317
291.36444224408774
291.36589193064214
291.36771689187316
291.3698729561045
291.37233150859316
291.3750061578394
291.37782318207763
291.38076544690733
291.38365814930324
291.3864553283144
291.38915425751975
291.3916307643058
291.3938681986692
291.3957751650485
291.3973290810613
291.3984772229408
291.399167534937
291.3993954017299
291.39905267298093
291.398289706436
291.3970251973724
291.3954596722729
291.3937904001831
291.3921611629831
291.39058636411585
291.3891364062291
291.3877666124356
291.3863488411971
291.38468740382353
291.3825467352897
291.3788406019768
291.37314014802905
291.36560945556425
291.35657324221273
291.3462864231264
291.33549293443775
291.3247029765602
291.313990174019
291.3031287471646
291.2921342666045
291.28093185210867
291.26976566934667
291.258737799518
291.24812991342446
291.2380325156444
291.2289730096362
291.221001263808
291.2142378189903
291.20899008175587
291.2053242987608
291.2031123559653
291.20240047354025
291.20311989399886
291.2052792030019
291.2088467190247
291.21365309642977
291.2196055207943
291.22648014472696
291.23417181748505
291.2424444934869
291.2510478959383
291.2598229730499
291.26878631237787
291.27493830403006
