0.006942908132379345
0.009579861526990646
0.011884445602758162
0.013721644557663719
0.015023366800407967
0.015994224476298297
0.018506526602485283
0.021194554873310734
0.0237857473504967
0.026215648489947136
0.028497980016183328
0.03099521067122948
0.03343249457579692
0.0357656354772785
0.03796603925349259
0.040218112559214585
0.04273932386414237
0.04510900971534234
0.047331834223241075
0.04940078607413451
0.05142638286923309
0.05347228230789384
0.05548704549413559
0.05748832618937945
0.059473687747418215
0.061165358196729594
0.06243988740056512
0.06360445754514561
0.06469423060151963
0.06573146872792301
0.06580232067070098
0.0646658814051213
0.06334871216886975
0.06199118518479847
0.0606342412967768
0.05874568947779516
0.05639010161206515
0.053786417421354274
0.051139386847106345
0.04830045323143796
0.05061418672076793
0.051096130539849606
0.050385477131159886
0.049365667434156026
0.04829466029514449
0.04806794664320045
0.047239493881011736
0.046474711423489516
0.04577304989021286
0.04516227267124518
0.04442694546221896
0.04372692121544579
0.043098855732414544
0.04253757973755689
0.04203391389508747
0.0416779644069546
0.04141644730304407
0.04125650893064674
0.04120629062916052
0.041268728500510464
0.041529281474499205
0.04187959513536734
0.04231231658712697
0.04283023734355999
0.04337833463335295
0.043806158597886044
0.044285372132898064
0.044811544569054645
0.04538030104119146
0.04603952909011026
0.0469353224263364
0.04793721188580386
0.04901623622177856
0.049501272738217736
0.048955673354423655
0.04948560984849994
0.05002173291051836
0.04986096645321727
0.04066230144843337
0.007380120247711068
0.005865731436963609
0.002822279551626996
0.011046560158203749
0.004151611571917427
0.008999060842255845
0.018339267319011684
0.028724761175105227
0.0398123185312278
0.05146847027518276
0.05810791496270341
0.059350921432352245
0.05914763644340732
0.05780315941020431
0.05543830282519944
0.05227607280082956
0.0483021514381473
0.043972679251249744
0.03940231964788162
0.034630788688088505
0.031126719750830322
0.028242471284604734
0.025460453279482386
0.02280145681514391
0.020281394566429554
0.01771024282358999
0.015310893420069978
0.013238906104267457
0.011493524067742731
0.010033956735892606
0.008145705536279807
0.006496504192886029
0.005070722810447698
0.0037946063701259137
0.0027645142323226
0.0035594954550409756
0.004770114087769179
0.006147465476302698
0.007590507722690755
0.008584552237382942
-0.03193430169017016
-0.03053547927159313
-0.029145688708311315
-0.027980410531978753
-0.02720379024683514
-0.026884731689188226
-0.026787330471486147
-0.026618286179071485
-0.026420074669474675
-0.026251268033773697
-0.026174765518341945
-0.026183878936263585
-0.026292753284402597
-0.02646085995847893
-0.026666002138798793
-0.026917129613499152
-0.027338987157398287
-0.027943844458092594
-0.028717193861432257
-0.029627091983659426
-0.0306677874281655
-0.03174732035230385
-0.032809869637284
-0.033857104540056374
-0.03486495109531287
-0.03584888648467811
-0.03687456208069257
-0.03795117281526086
-0.039076371462982554
-0.040232185433726725
-0.04142552958396385
-0.042775781902662104
-0.04433587691589025
-0.04606066861075304
-0.047913270233405615
-0.0499178388006538
-0.05223269383789482
-0.05502311669759804
-0.058264519686694945
-0.062142895752917676
-0.06555339194555795
-0.06632729204730248
-0.06699052896609539
-0.06785877266426235
-0.06894652342376521
-0.06996534448115758
-0.07049183882654464
-0.07111168983591382
-0.07177922734367469
-0.07243424475534357
-0.07312662821483387
-0.07384808394762624
-0.0745854208644078
-0.07530846073832778
-0.0760171909894953
-0.07661335226661688
-0.07705481711065716
-0.07736342455093828
-0.07756849414640238
-0.07767268217578902
-0.07770052575624291
-0.07770029249445227
-0.07764414565607483
-0.07753602794861454
-0.07736142640263877
-0.07711400752841079
-0.07678945251264552
-0.07638875919809421
-0.07590518842041831
-0.07535919379736476
-0.07473424428270725
-0.07399097634146133
-0.0731372295850152
-0.07218582167981133
-0.07229654456433604
-0.07293918057385246
-0.0730532678531141
-0.07315083377518805
-0.07368610183362005
-0.08720504856648528
-0.10394085141872438
-0.10835852459458403
-0.10916106324039483
-0.10745130584081582
-0.105096395342224
-0.10193367459728461
-0.09820765873561786
-0.09413482427909103
-0.08971054383762955
-0.08509197408933954
-0.08018327475302418
-0.07514539474929267
-0.07029698567772466
-0.06580938086296415
-0.061900932824582935
-0.05923677334685744
-0.057604695225014095
-0.05667760054282321
-0.05622112928750214
-0.05594947558587384
-0.055582401661847115
-0.05512738929345365
-0.05462215872374164
-0.05403462382765037
-0.05335235654799799
-0.05247644458036933
-0.05132639654524088
-0.0499157072758699
-0.048223486006532666
-0.04653032818674539
-0.044849140578322746
-0.04309169697658241
-0.041206892563577034
-0.03920706246786651
-0.037054600187317134
-0.03511140582048541
-0.033392243394865156
-0.03182133958607596
-0.0308169268975594
0.016482119856796953
0.016832815571106836
0.017097230934437706
0.017260760502505596
0.017327013280687337
0.01729108457380266
0.017145026925787565
0.016924793026964438
0.016610472180744233
0.01622307924543997
0.015757263044872048
0.015295389218237383
0.01487711040620848
0.014500442365278579
0.01418360107184482
0.013894563914307035
0.013611532318767609
0.013303131330180466
0.012974826146718629
0.012637628043239224
0.012274383429815537
0.011916052078641964
0.011578603800132864
0.011249798294461879
0.010930087094881982
0.010637484228418925
0.010360496754620115
0.01010036352794825
0.009855906261898528
0.009625124079337568
0.009401790563743257
0.009174028945586585
0.008935397411748024
0.008688665692656708
0.008436652717507773
0.008178852560426886
0.007917281426708481
0.007491851345114923
0.006968939467204023
0.006053921581945688
0.00512770391719907
0.0046732713251045515
0.004360785404781402
0.004117009934163083
0.0039434032020573915
0.003865818728954625
0.003978005234406356
0.004134448778226974
0.00433467238986418
0.004572273847094634
0.004836311870520488
0.005130923119706757
0.005455183147519628
0.005812280979787185
0.006197513546210643
0.0066042578965003805
0.0070581316076175704
0.007526069532761241
0.00803559642160466
0.0085651439583606
0.009123945936768579
0.009692069494880157
0.010278740500827152
0.010882382907235229
0.01148918646280203
0.012119347672843585
0.012753893062638876
0.01340832994574067
0.014072322391401538
0.01474632387911097
0.01542338583956242
0.016103455798507346
0.016787086460820885
0.017450723739947795
0.017822780911403106
0.018178143013258433
0.01854368391686572
0.018877485702101647
0.01914149611811979
0.01782476829161372
0.016228301989959098
0.01619706216331953
0.01579178719384607
0.014995405906158932
0.014102549013042209
0.01345956927039092
0.013120695640993588
0.013082669203471755
0.013345351473413345
0.013744412583076716
0.013879497374013554
0.013711158123098333
0.013272114739313324
0.012555273393676519
0.011703344800770425
0.010984782852181487
0.010420029981782349
0.009990165323336122
0.009710031331549282
0.009564854713103366
0.009522115674007153
0.009571085812986508
0.009729419174700507
0.009977691410225104
0.010301288535727584
0.010683498691165024
0.011089304149162465
0.01155222048064236
0.012059350185484034
0.01259593051345811
0.013139117256863876
0.013684156576746513
0.014227075444464665
0.014773568469869738
0.015281243775380106
0.01575222720631853
0.01618273298819691
0.016578647818519768
0.016808762160851882
0.004716643494045645
0.004069929419591506
0.003407950077590216
0.0027334831946223535
0.002056284571775629
0.0013698061560228957
0.0006272882434678401
-0.00017433452202727284
-0.0010461760504053216
-0.001954646260108487
-0.0028966791904770106
-0.0038237071528918875
-0.004706478070306926
-0.005548252230958539
-0.006348994275853719
-0.007135949775365962
-0.007885572316814762
-0.008591138246397012
-0.009288458699560857
-0.009957382029107478
-0.01060392879838406
-0.011211547885471563
-0.011795099703187463
-0.012340721633496747
-0.012845312286020897
-0.013267528166864044
-0.013585319104154838
-0.01376275648680787
-0.013787675563103225
-0.013714024510267825
-0.013550965146989453
-0.013357075875287172
-0.013175786396507815
-0.013015652230321246
-0.012904748831291607
-0.012845805805533904
-0.012926029338301243
-0.013024019406039214
-0.013214654909425258
-0.013645283608616134
-0.014354332924847517
-0.01471617994995583
-0.014516949800971726
-0.013949471603066121
-0.013205405388880691
-0.012275990978442286
-0.010696301454850496
-0.008736152356082163
-0.006607548955538843
-0.004417347617066923
-0.0021789261392528235
5.126829442254129e-05
0.0022716962029480274
0.004461306072876805
0.006618985802026897
0.008757834135767235
0.010882827961768923
0.012990092488286939
0.01506439000899136
0.01710776665556577
0.019107526931188883
0.021062486997828388
0.022951296035724923
0.02479016683258794
0.026581911844089683
0.02830892794580309
0.029984865955953507
0.03157688129091544
0.03310445049848193
0.03456315609507553
0.03595676232588715
0.03726822905552171
0.03850043730053517
0.03966202514114498
0.04045016721743901
0.040676772112584754
0.0405502241602272
0.040264572737286605
0.03988088955150463
0.0385586695803351
0.03592703452925885
0.03383034243888886
0.03223927197271504
0.03150362851150315
0.031595924800471034
0.032171620628591205
0.03284996251972744
0.033476835676393216
0.03402933673800867
0.03448412016401067
0.03483054496303275
0.03507461238084772
0.03519497493030464
0.03518203634997444
0.03502990329907315
0.03472196793254188
0.03428503339861446
0.03372126241539734
0.033055686021367194
0.03228560686297197
0.03144164335973961
0.03051538690336412
0.02948983770136164
0.028365504075991716
0.02713445736703648
0.02574771311204252
0.02428103243843242
0.022709801101675312
0.021084738543517428
0.019431261426644822
0.01779372687344069
0.016165244455873667
0.014535838476232658
0.012903684674093049
0.011307104741967595
0.009781053707254826
0.008292645991532932
0.0068401449140820655
0.005872941652936346
-0.0190874318862616
-0.01902263079297935
-0.018965070251556537
-0.019020128053910727
-0.01923659392287156
-0.019623835898450452
-0.02009620995025396
-0.020537522682646768
-0.02091989851080795
-0.02125769094729184
-0.02157330871759191
-0.02195702659138399
-0.022485488415415245
-0.02312571503739765
-0.02380588482788427
-0.02452174401676212
-0.02521903019287116
-0.02582392275469751
-0.026357978189373535
-0.02685854435245315
-0.027323749019275426
-0.027784283547523582
-0.028231958860238444
-0.02867269387065175
-0.029069611329570522
-0.029428120656394743
-0.029721491652256838
-0.029934944562398303
-0.03005907189813077
-0.030076569996913587
-0.03000009466231069
-0.029895945146481546
-0.029694290048816435
-0.02936734885362977
-0.02894741900303341
-0.028434497935013136
-0.02769580050082538
-0.026462285883943226
-0.02563828797342438
-0.02522713952028614
-0.025114425561245244
-0.025200215461436797
-0.02534270861093453
-0.025473456332083328
-0.025532334918099368
-0.025504768108542623
-0.025384964257331853
-0.02515573673666618
-0.024822850689055296
-0.024382060535458012
-0.023847065167406385
-0.023246529172067296
-0.02259503308810652
-0.021912530912676708
-0.021220737430476935
-0.02053802712130775
-0.019864557884981458
-0.01919892382166262
-0.01854895250668791
-0.017933063799459942
-0.017350746253694017
-0.016754394857437016
-0.016128728326412933
-0.01547389375345711
-0.014776642802379458
-0.014050043970762089
-0.013305008685370937
-0.012552020073084064
-0.011786850621593804
-0.011029565664179019
-0.01028193375268988
-0.009526308367003173
-0.008780532429328166
-0.008057297722677853
-0.007522473139894548
-0.0073666632497073736
-0.00758041589407707
-0.008103785017130305
-0.008861858790353953
-0.010294816961708897
-0.012690510238817976
-0.014911695137581959
-0.016768846485949708
-0.018001824089211686
-0.018747709694649495
-0.019266923567246918
-0.01979312699773059
-0.02030737732211203
-0.02072055324301198
-0.020907327524603614
-0.020850326541210593
-0.0205867647124741
-0.020204943827159545
-0.01976203666051662
-0.01934066461744029
-0.019002262749921103
-0.018794230266004783
-0.01875938591977164
-0.01892080678615772
-0.019301429458220366
-0.019880718301499716
-0.020649276551613374
-0.02157066572028297
-0.022628046467250102
-0.02377508913610047
-0.0249949788471053
-0.026274991512033122
-0.027595108476491208
-0.028953998019195626
-0.03036458741955196
-0.03186259054501331
-0.03341435554875093
-0.034983872380314265
-0.03657346587532645
-0.038157688785609996
-0.03969367585468757
-0.04119425134953606
-0.04267703947112469
-0.043670785681521544
0.011547144657194251
0.010498402715949574
0.009466281856746223
0.008449560243220095
0.007443105914548876
0.006465575995845184
0.005471918574013983
0.0044962732568607664
0.003518151643704351
0.002549587918509132
0.0015768499937477295
0.0006194150389405186
-0.00033557609786126133
-0.0012660365334147706
-0.00217351347465876
-0.003043518289324701
-0.0038727271856842348
-0.004661813388547599
-0.005386146144668234
-0.006071847138949808
-0.0066835134548294045
-0.007249856649620816
-0.007756346755338135
-0.008191273746396947
-0.008578204401255007
-0.008883642979014726
-0.009134751469736187
-0.009323487792621573
-0.009437617530948529
-0.009475783698451944
-0.009450190703429671
-0.009353311308105997
-0.009187114031147742
-0.008948388284482987
-0.008660270956546385
-0.008313974673230858
-0.007928269022342477
-0.00748835135958153
-0.007001714859839445
-0.006472258346528959
-0.0059116377612538394
-0.00535897341729577
-0.004820847843129338
-0.004294715286435523
-0.003786555233384301
-0.003287451495747328
-0.002793127080811374
-0.0022489580956023794
-0.0016485609230682066
-0.000960313308095164
-0.00020273513242078807
0.000630187544927398
0.001520107692362413
0.0024943713243720856
0.0035180584299425795
0.004613649069513056
0.0057529131521821975
0.006934375283167733
0.008149857863745833
0.009408436584380578
0.010684293835376243
0.01199094436029491
0.013317125088794464
0.014668109263218236
0.01604058712689116
0.01743120607179484
0.018820420727968534
0.020214946923882635
0.021597023892321696
0.022963747611217517
0.024307645684573116
0.025613019989259137
0.026913324958307307
0.028191323292186522
0.029451526816020902
0.030682509991028974
0.03186222170816362
0.03297287492268525
0.03400105406954379
0.03494318809234581
0.03574829438783767
0.03639294567771462
0.03685549614983726
0.03717841225362731
0.03738797274081727
0.037512710329062775
0.03757868460308607
0.03760029335893791
0.03759152807636637
0.03755967223201664
0.03752456761277866
0.037480530494146035
0.037418616221553326
0.037350272139511996
0.03724631102085587
0.03711105840245408
0.036925074541058714
0.036693405770558914
0.03638974028843087
0.036019556161088276
0.03558066038713841
0.03506967747570225
0.034491808867843934
0.03383631304712683
0.03311109653374475
0.03232131062928647
0.031458156726296704
0.0305421898766594
0.029568865648524935
0.028542849769096896
0.027472379548141797
0.026363549095083854
0.025206983837511493
0.02402383437198276
0.022805870139372315
0.021565741697225086
0.020317343402781237
0.01904872490497273
0.018189502777797146
-0.008207439435071125
-0.008228556397062214
-0.008247271917445072
-0.008263189621371089
-0.008275199226651257
-0.008288081397381658
-0.008303098744462641
-0.00831904125449228
-0.008334184375139981
-0.008351994380741447
-0.008362714212019838
-0.008381417668784667
-0.008387809457971648
-0.008402248574941833
-0.008417329936782316
-0.00842255926716463
-0.008427798386619192
-0.008423963813483029
-0.008431399882817266
-0.008435851558298485
-0.008441247352578635
-0.008442202035042678
-0.00843869847395828
-0.008424438965139776
-0.008418122649679116
-0.008395104155820484
-0.00837010379506825
-0.00834975334729145
-0.008317955058796693
-0.008282448060790655
-0.008245578910911823
-0.008196777169729825
-0.008163072556742845
-0.008118601886016813
-0.008064612589430007
-0.008014344565322773
-0.007957951457379363
-0.007876613502656301
-0.007817661322512954
-0.0077539127754043735
-0.0076983035332311225
-0.007643254899139322
-0.0075982705029292155
-0.007546143696878577
-0.007495848315942572
-0.007446031347069531
-0.007382289341507445
-0.0073110363110492505
-0.007224168605073944
-0.007129922967367175
-0.007020006642372475
-0.0068994312916213
-0.006765397060168476
-0.006623178050052131
-0.00646657038582505
-0.006302629651897383
-0.006129500908376856
-0.005952035339650075
-0.0057679358224304615
-0.0055814502845114335
-0.005380795663831732
-0.0051744324567584744
-0.004973427585148566
-0.004752818640112834
-0.004521217321735616
-0.004306397829066843
-0.004077636782919994
-0.0038437614380083178
-0.003611748996749267
-0.003377529700811314
-0.003134031248733743
-0.0029001018663132646
-0.0026682499725524614
-0.0024309170641741806
-0.0022043178149965615
-0.0020100509180865397
-0.0018382872168200607
-0.0016988065539090289
-0.0015770141622175884
-0.0014985056697686418
-0.0015070874144850596
-0.001564679160318025
-0.0016212738221518374
-0.0016626069986571503
-0.0016609282014770934
-0.0016136398304015059
-0.001532365838166218
-0.0014324992794723036
-0.0013331776448358879
-0.001226950673662218
-0.0011230135714012
-0.001031362118031702
-0.0009657018010320174
-0.0009207540593880408
-0.0008961516017030837
-0.0008952869101772503
-0.0009215875517857555
-0.0009631406025344076
-0.0010296519981322781
-0.001111576747928753
-0.0011978121456056527
-0.001303128287733105
-0.001395417597588164
-0.001483964287309664
-0.0015879945715028202
-0.0016890313257389546
-0.0017972429402122953
-0.0019140651199718178
-0.002029440889929413
-0.0021542085608492077
-0.0022851998135076748
-0.0024164561530105
-0.0025519698324337372
-0.002686431993684083
-0.0028207639509508485
-0.0029650803145550844
-0.0030988444116823504
-0.0032473538829488843
-0.0033444318417771715
0.001287292904055371
0.0003667876567977703
-0.0005931820884910074
-0.0015808573072780023
-0.0026234347147262565
-0.0036967194701413944
-0.004791541157262846
-0.005879944199715496
-0.006932127721872747
-0.007953541278365511
-0.008950987464687749
-0.009901324451326292
-0.010789554206236169
-0.011614334737269779
-0.012360362905453953
-0.013016960548668048
-0.013605297803819938
-0.014099786268151544
-0.014524925298495391
-0.014846263000976918
-0.015102799518595377
-0.015274403711082228
-0.015341183626281863
-0.015316877039890256
-0.015190216580661803
-0.01497840250305869
-0.014678731753316833
-0.014308600387184912
-0.013878370309989514
-0.01336520280831191
-0.012796293901217113
-0.012189153792183664
-0.011572283555649968
-0.01095191021005373
-0.010347694162916497
-0.009765890588207251
-0.009196138046025044
-0.00862762705880808
-0.00805535308545899
-0.0074898918492387
-0.006931655396851679
-0.006369118800594487
-0.005805199472090217
-0.005230169310900076
-0.004658876450036728
-0.0040852216540363485
-0.0035290458201272788
-0.0029767503542861996
-0.0024414473019978254
-0.0019257601823342216
-0.001439026383614399
-0.0009717491478492696
-0.0005291798504010158
-0.0001142121850254996
0.00027738423898830423
0.0006436468340986172
0.000980713344993646
0.0013032780532033646
0.0015807573460627884
0.0018527515308478179
0.0020831189480518333
0.002300954645162293
0.0024892077174292976
0.0026526566625384934
0.0027966306492847896
0.0029200440725025956
0.0030205988737156166
0.0030995692749933718
0.0031571205719490725
0.003210936805391731
0.0032465975478153655
0.0032876905987134506
0.0033081225745283595
0.0033334067547520804
0.003345290662760879
0.0033605372552651435
0.003356144218999829
0.00334270842135216
0.0033015892274787756
0.0032515336896627293
0.003178106348809378
0.0030668941616405986
0.0029429009432813853
0.00282074184054112
0.0026594531136521914
0.0024657879045810785
0.002232151248971567
0.0019742245324669105
0.001687622130088712
0.0013782167426426722
0.0010287464049851527
0.000622215676309019
0.00016672714720157114
-0.0003491521143731585
-0.0009427265340680632
-0.0016048522863863633
-0.0023545573684974
-0.0031915976070065587
-0.004105941976014014
-0.005115597505461745
-0.0061934381362961114
-0.007340153071080949
-0.008548713394112619
-0.009816857441158127
-0.01114078998402908
-0.012522262273897354
-0.01394306469160196
-0.015413026104470212
-0.016914102597134086
-0.01844769216017124
-0.020002356014528825
-0.02158469553928814
-0.023171230736854835
-0.024765760441217824
-0.0263559730313908
-0.027943783674900642
-0.02949335182732225
-0.03101316869298118
-0.03202339754035674
0.03304023418615193
0.03145661231057531
0.029864887374409933
0.028274643005269266
0.026658398941844772
0.02505103742151226
0.023425491232433482
0.0218269029539507
0.020253783334379327
0.01869784593298865
0.01717309795591949
0.01569513344214211
0.01429002888362798
0.012949242250148086
0.01170371299163478
0.01054593275844811
0.00948115042398992
0.00850481814003532
0.00762582218767259
0.0068424508363991955
0.00616321307654888
0.005575640995181303
0.005101058570101344
0.00474188244452465
0.004492631823800849
0.004371015509286319
0.0043469724026085794
0.004436377987906014
0.004612336268604291
0.004895706552651422
0.005265564143938065
0.005696030088066824
0.006171146545047029
0.006644000487820206
0.007113197684930092
0.007573269168646186
0.008023893661100259
0.008555392879745464
0.009093854070928269
0.009650112385451952
0.010212763211686297
0.010778031275154068
0.011363379576241388
0.011953971949752673
0.012571058816180284
0.013201531430986325
0.013831221182491584
0.014475251031346408
0.015115489510511183
0.01575639849663978
0.016397289187959317
0.017030113972829868
0.017648199038250007
0.018254410061289868
0.018849115157748123
0.019428936972496764
0.01999166433930384
0.020541711738037156
0.021067376189113536
0.021579836526957993
0.02207305166992021
0.022545997064758995
0.023011912540411884
0.02346511082208782
0.023900424713808002
0.024327549486766093
0.024738983898660503
0.025148075739621713
0.025534776836888772
0.025928474404982027
0.026303757491495272
0.026665334106183908
0.027026092378124682
0.027382385497877856
0.027729613076076385
0.028056060456835268
0.028371722771531514
0.028678336100521763
0.02896621456123623
0.029233733512083557
0.02945573389720992
0.02964570200700406
0.02977629258425265
0.029919884265894297
0.030034976634787446
0.030133889969009384
0.03021557786519968
0.03028750221880457
0.030350479635936026
0.030421553354390528
0.030486782049338655
0.030517108661788323
0.030502960009423066
0.03043862408419575
0.03030353834620964
0.030087319864795996
0.029771000264446273
0.029342292933625586
0.02879831547937561
0.02814326975494495
0.02736729660900269
0.026475279177540955
0.0254771429626135
0.024386062729626474
0.023191902659130233
0.021908560940945006
0.020518700650146496
0.01906196826207707
0.017499934128721834
0.01587004378734332
0.014166595029677964
0.012416492879799547
0.010608919886038412
0.00875567917371072
0.006857726235977756
0.004951303330384757
0.0030300465744354296
0.0011038881751769007
-0.00019285230707952807
0.011511581147077208
0.010974654365956866
0.010433359525990725
0.009881279720037906
0.009315542861396952
0.008727417062846743
0.008127779507027616
0.0075032756553015546
0.006849926830248275
0.006172797160931848
0.005464801029613447
0.0047374361841952956
0.003984994352192497
0.003198162841164731
0.00240980012052163
0.0015986951896868225
0.0007865934574032749
-4.428746903503743e-05
-0.000878023910554226
-0.001714328088853258
-0.0025631395699454895
-0.0034155095816000426
-0.004277633868292692
-0.00513222327153743
-0.005986185651377476
-0.00683075187349876
-0.007655377046875351
-0.008462444437624067
-0.009249444340003283
-0.010003434407454003
-0.010726685971575957
-0.011438196429725071
-0.012106448675719163
-0.012749644821157665
-0.013377949440882735
-0.013987258022262682
-0.014565954765019897
-0.015084917994933732
-0.015512845370513572
-0.015809568085403736
-0.016002277007890087
-0.016092082862575057
-0.016097475211421065
-0.01602364422134208
-0.01589258804738489
-0.015703113711219158
-0.015459151808852737
-0.015175119152116636
-0.014855032216367147
-0.014489522843476153
-0.01409249651165873
-0.013662377412428435
-0.013203032140662034
-0.01273248564196476
-0.012229672920433816
-0.011696766506746902
-0.011168708992551143
-0.01060426674538742
-0.010038283982932264
-0.009451566805571658
-0.008860902038132421
-0.008262845200109009
-0.007651447183156671
-0.007042064990643946
-0.006411036551036035
-0.00579043619352014
-0.005161999794947366
-0.004536832690204969
-0.003906830931418284
-0.0032855744792800634
-0.0026607091748802984
-0.0020493432781202993
-0.0014351315588602958
-0.0008311944944096051
-0.00022793181404890398
0.00035988957332752164
0.0009470519363257285
0.0015139128011167561
0.002065172061624879
0.002619028660623691
0.0031368358815910815
0.0036441183263405145
0.004128675370487243
0.004584220587017241
0.0050328136450650575
0.005444774543702368
0.005832779489216167
0.006195279987523053
0.00652094286345102
0.006826807546400223
0.007100780902797125
0.007334600304967845
0.007544693874136269
0.007730607774517482
0.007870840335406831
0.007974757304281347
0.008036282817757073
0.008058794915663936
0.008031575806532118
0.007951528153234988
0.007808791716354178
0.007614342777007467
0.0073597037705982835
0.007045655847184628
0.006674869126733839
0.0062536483153763905
0.005772986278815344
0.005252700034618319
0.004676130084282699
0.0040624519509209886
0.0034064504233570097
0.0027215877553528013
0.0020153640495086662
0.001285806845620593
0.0005364654476548693
-0.00021297213772779113
-0.0009659108188150504
-0.0017257040530009639
-0.0022328477518768807
0.010079020393348487
0.009668802850712213
0.009236873819037584
0.008791586226442006
0.008326677213679322
0.00782419140230727
0.007299402356127132
0.006740000050204625
0.00615448642211145
0.005541683280363832
0.004896424846999202
0.004220339481100475
0.0035212076678819795
0.002796173291077569
0.002062317959779172
0.0013093534595037756
0.0005533420419661346
-0.0002092009341512888
-0.0009758006601309716
-0.00174836271452003
-0.0025197835087343054
-0.00330751722403857
-0.004092590308873236
-0.004860413612107963
-0.005614838356427926
-0.0063532764119131665
-0.007056119983335648
-0.007717770376188121
-0.008355777386288172
-0.008947246119826611
-0.00949767930062686
-0.010004139280616912
-0.010476137405305161
-0.010893463852710368
-0.011273797647382275
-0.011626748853628247
-0.011915538526327502
-0.01212147977871377
-0.012181008135309186
-0.012111439654142603
-0.011930757717550903
-0.011651607865288963
-0.011288334168730084
-0.010846068414766505
-0.010342766392533531
-0.0097773260681617
-0.009170445016376247
-0.008525806831362162
-0.007847232356018054
-0.007166150587252155
-0.006465640912793512
-0.005754687257287905
-0.005061874580730113
-0.004358310641638242
-0.00366313976509764
-0.0029776452739282556
-0.0023039266842724924
-0.0016537318055642814
-0.001021013805656961
-0.00041227882498534986
0.00016921818713819175
0.0007230742288575096
0.0012545076222424919
0.001753358211463049
0.0022404585152178704
0.0026866950866015443
0.0031123926581290763
0.0035030631684333196
0.0038614444563581057
0.004188207586940653
0.004496711649142949
0.004773235109940455
0.00503995496064894
0.005273742344601598
0.005488466418932804
0.005683484970337115
0.005863632238685457
0.006011673530234992
0.006146042840462665
0.0062687720223528285
0.006372848685946
0.006473098097300679
0.006550710738089955
0.006613342514959206
0.006676552797905156
0.00671725803201172
0.006746505500993069
0.006764075629362955
0.006762997914354951
0.006769451000596984
0.006744984768241334
0.006712496025608662
0.006660506322208899
0.0065833638186240905
0.006480117676356197
0.006358412577793564
0.006201278031891262
0.006028213432908117
0.005823978857251252
0.005604805775076805
0.0053694572443256944
0.005114078583905705
0.004842889128449773
0.004546695809874863
0.004236168513778385
0.003902953428542219
0.003548551102119285
0.003169950074411396
0.0027567998703671003
0.002324978238397563
0.0018658200252890376
0.0013951671122628784
0.0008972118347064467
0.00038401362262460194
-0.00013387951232656244
-0.0006710480298566885
-0.0012098976338130712
-0.0017537167481683003
-0.0021278054984990944
0.010508129928240637
0.009896895411288853
0.009295044641426622
0.008658447879142371
0.008013596592772426
0.007352258293539249
0.006656742806291918
0.005923495227126113
0.00516619774645949
0.004392369027481705
0.003570837274447848
0.0027210212063012496
0.0018382230558128244
0.0009408710573282411
2.9254881223926022e-05
-0.0009124394337822457
-0.0018470329223483285
-0.002792886165129331
-0.0037417107193935917
-0.004703599786879226
-0.005668762252234324
-0.006636853025783211
-0.007611020696961044
-0.008583673083178568
-0.00954556389010761
-0.010497631668775256
-0.011422235798722155
-0.012310933917366297
-0.01316720160660351
-0.013991071492895048
-0.014766706104187913
-0.015505198583299365
-0.016185716325156765
-0.016828625073576464
-0.017429648960107368
-0.0179820391882775
-0.01850181494080788
-0.018944011809549032
-0.019269147280907
-0.019467410297935996
-0.019560309267392998
-0.019566093830330474
-0.019474458710142705
-0.019305249535908318
-0.019066188448617016
-0.018750797984483217
-0.01837777755572365
-0.017948587739503384
-0.017459156367205093
-0.01690576479435503
-0.016314722495813155
-0.015671684013558073
-0.01499426523291092
-0.014277615891913087
-0.013531141997402608
-0.012760035847342184
-0.01196483140468869
-0.01115748414943252
-0.01033862633962364
-0.009509885550826208
-0.008666569645888338
-0.007823802350834
-0.006980439498672424
-0.006139365095154997
-0.0052934049693263915
-0.0044548130970861605
-0.003609727680730912
-0.0027855519852076896
-0.0019657634974947495
-0.0011553647088438856
-0.0003515014143064611
0.0004315505568362063
0.001211311740084986
0.0019703948553188026
0.0027252111518805246
0.003466011893003164
0.004190243941854472
0.004894532716392827
0.005591121505890223
0.006257280157453841
0.00692077232136645
0.007542084723905105
0.008144346712205259
0.008727688736444665
0.009293076717316684
0.009823074411449313
0.010337658331735932
0.010826038309763272
0.011300215300735486
0.011734909292399644
0.012154681599280619
0.012537382314155304
0.012900933917071058
0.013223051774537035
0.01350987932517769
0.01376332791210453
0.013964531829838065
0.01411887356737387
0.014230333518904712
0.014282568104597188
0.014285276411341778
0.01422246124380615
0.01410890473984816
0.013938260292800238
0.01371822666458688
0.013427807452421687
0.0131001464264444
0.012713219951262502
0.012281515819124688
0.011801221153101095
0.011272027671563272
0.010714784952294453
0.010118426819599407
0.009493484839513233
0.008832123030003454
0.008165863082974727
0.007466731203143286
0.00676470679500921
0.006279269917427179
0.013736325336551523
0.013048196182193847
0.012348081476952138
0.011612132347530276
0.010845033630161973
0.010050381219836578
0.009217970734486953
0.0083541681912969
0.007454298593233043
0.006520207230924313
0.005554835101698378
0.004555366361634971
0.003547931399176816
0.0025097834437836073
0.0014486540265656676
0.0003866462122923126
-0.0006979536841998222
-0.0017673108172510793
-0.002858087409664004
-0.003935784504592582
-0.005010363186619714
-0.006087991031141633
-0.007166637018297557
-0.008228168053445334
-0.009278905896696596
-0.010295304983825282
-0.011290796825664013
-0.012256593017448476
-0.013188898599746158
-0.014080355279078907
-0.014925150242435401
-0.015728177605507824
-0.016479827120466504
-0.017194797121037223
-0.017860911221892522
-0.018477243689475193
-0.01904830590077347
-0.01954753140394121
-0.019947409277365637
-0.02024102505006652
-0.020432422094134203
-0.020521299416426872
-0.020530103099056063
-0.02044188047571608
-0.020287577946545707
-0.02004092378868814
-0.019725359181392253
-0.019342134263533428
-0.01888869975084966
-0.018373115035785998
-0.017803959329356887
-0.017175047021697417
-0.01650589366571997
-0.015786519686807703
-0.015022934922241165
-0.014235628473527556
-0.013412178742567027
-0.012572238873675893
-0.011700979098304684
-0.010818274108742185
-0.009920935560054614
-0.009019399107133817
-0.008117085846764665
-0.007209913958794516
-0.006301791632918693
-0.005401387583969894
-0.004500981139498945
-0.0036119122881417224
-0.0027239870188398747
-0.0018560323092063342
-0.0010025404970138172
-0.00016760655946317118
0.0006650674242922045
0.0014750527866532821
0.002269102445681789
0.0030610143998210325
0.0038316831278347465
0.004573730538137233
0.005310328153484203
0.006026290001580171
0.006721470039363708
0.007399825024076322
0.008060489992739972
0.008700536357289622
0.009322419104521185
0.009924348085338344
0.010504219420440816
0.011060374015316307
0.011595634535554716
0.012101566716365884
0.012579354154877029
0.01304178851105716
0.013461904655358946
0.013856196491636922
0.014218783932759292
0.01455196724998528
0.01483933187298931
0.0150848797748039
0.01529075708214118
0.01545918966050317
0.015582339650903455
0.01565742199794177
0.015686222902310604
0.01566359052722476
0.015585779717452012
0.015450579310227135
0.015257540793236605
0.015012488022442472
0.014696141367100093
0.01432042032211575
0.013889271073825251
0.013393274001681409
0.012847860995660565
0.012256519565708364
0.011615910318067149
0.010936987118753768
0.01021799037167482
0.009470509953606512
0.008955146887287319
-0.009130566541131622
-0.009412352039702728
-0.009735890748744007
-0.010138332588871668
-0.01063080892007395
-0.011183617989685696
-0.011774674866280924
-0.012305733988880732
-0.012765300330633687
-0.013151215003862498
-0.013456682765330541
-0.0136908608917181
-0.013857535253290192
-0.01396343588665056
-0.014028720085683104
-0.014067447973976119
-0.014069643652497094
-0.01403689491235558
-0.013975184387459923
-0.013868371494696398
-0.013714083189219033
-0.013516512648507242
-0.013273248205493794
-0.012987792562378012
-0.01264183448635296
-0.012260770265011689
-0.011847578489058038
-0.01135842150615934
-0.010783644781156556
-0.01014324152214623
-0.009427187149717868
-0.008694431849867882
-0.008007562196257664
-0.00739582150940216
-0.006836234945797979
-0.00635979150685029
-0.005938815928539364
-0.005368536209560958
-0.004651035914708372
-0.003941343276649391
-0.003316146284215867
-0.00281966257317409
-0.0023996227419212828
-0.0020299364743266044
-0.0016842234160312358
-0.0013337919546423074
-0.0009569363320233901
-0.0005591641408834329
-0.00012303223382450045
0.00034923818911088974
0.0008574515677877964
0.0013900984200132238
0.0019480790321404523
0.0025337588960901115
0.003141428243904355
0.003764170899016742
0.004418913178155598
0.005083232870678165
0.005780564522589659
0.006507102664120562
0.007239729203633168
0.007981793449014623
0.008722422109840332
0.009459239582143788
0.010193242326081197
0.010903766128628376
0.011600548539742754
0.012280349879910382
0.012948253257037705
0.01358386320777655
0.014193383355023228
0.014781488999862279
0.015323815829521626
0.015836468625373204
0.016320702781275245
0.016766502410616453
0.017151074638151655
0.017456803599634616
0.017672889857980493
0.017765778289679336
0.01772679330455761
0.017541626733343856
0.01724644063728234
0.016949115866164897
0.016765187849787005
0.016849990558918886
0.017229392670283516
0.017748998008395977
0.01825787479565466
0.018610168920213794
0.01868606067296829
0.01839961573084626
0.01785775993526881
0.017189458093028638
0.01645731875128308
0.01573392045110329
0.014993171277291455
0.014205948786985082
0.013365337338873658
0.01241817440797663
0.011383950345677915
0.010259258818588017
0.009046706282916662
0.0077498805004306065
0.006372168435893288
0.004918572793098259
0.0034099116640152888
0.0018539626489068937
0.0002551826164168885
-0.0013869970505370074
-0.0030512606884793713
-0.004701927139379106
-0.00633164811827367
-0.00792484702427874
-0.009472717930833712
-0.010965147807395912
-0.01239921709258554
-0.013779941459628776
-0.014690794964295917
