295.62272481515566
295.8245090713854
296.0165185054065
296.1985651538694
296.37070835435156
296.53236723882475
296.67832038775776
296.8112119191125
296.9315590504007
297.03957163735157
297.1348126388332
297.21530568568863
297.28207094078357
297.33528308570703
297.37505297303915
297.4002985164871
297.40759363673106
297.399582777384
297.3765435042613
297.3386281485042
297.2850983563608
297.21531057510197
297.13099545803976
297.03258177924437
296.92026409693784
296.7959846599523
296.6617002398556
296.51650115959364
296.36082242205424
296.19485655258154
296.0290060845243
295.86857103083383
295.70760416846196
295.5461152527311
295.38432142020025
295.2251357267961
295.06866663930464
294.91326901650973
294.75915249001895
294.6060227847743
294.4422265165397
294.2841918501317
294.14141768974633
293.9945453146122
293.8492017872263
293.7139384787331
293.5764231358408
293.4411178563125
293.3080959738128
293.17729549457505
293.04855509127606
292.9219923765296
292.79756872804154
292.6751955813256
292.55488532923357
292.43678663077714
292.3207086820507
292.206593950385
292.0944089910702
291.9840283003771
291.87494605243904
291.767579758115
291.6619047813345
291.5578026689754
291.4554126431108
291.35494214160605
291.2560202236705
291.1586415734019
291.06276701895337
290.9682807797886
290.87481008273977
290.7826495780041
290.6916406492846
290.59661451025465
290.4942486072094
290.40086324990557
290.3079852165186
290.1814247258399
290.1005053272184
290.07945349746996
290.0359064340132
290.00133197235886
290.04976079971163
290.14544910896643
290.1856842179848
290.2273612849711
290.272953703131
290.321939404969
290.3736317925303
290.43390458716016
290.504195857117
290.5783968512129
290.65591284937085
290.7365408277032
290.8291413094313
290.93360943133683
291.0477514302828
291.1720235918956
291.3068587585779
291.451088750527
291.6062538274337
291.7730461406361
291.95166188015617
292.14206816894836
292.34344509227503
292.55523216574113
292.7770246484986
293.0086158727674
293.24963514697885
293.49207072488696
293.73800088391886
293.9874817762346
294.24026455544544
294.49492949955544
294.7379615548287
294.97553027904746
295.208157076725
295.43575925431094
295.5876573365493
295.6401996572116
295.8434612371961
296.0340103144977
296.2124152244118
296.379477224379
296.53581744410565
296.68077083615754
296.813321854352
296.93348820313963
297.04143325911633
297.1372829013567
297.22027612806284
297.2898657450562
297.3460325140361
297.3889659832428
297.4188255759843
297.4342356041284
297.43459520402183
297.42016641255117
297.39127504026226
297.34831472378
297.2913213382341
297.22075083890127
297.136850070637
297.0397954744157
296.9300322609653
296.8098457799668
296.6803661667879
296.5416194851476
296.3935638941557
296.23770388888414
296.0815214107771
295.92697810502085
295.7739652135363
295.6222576471913
295.4722217428715
295.32475661909353
295.1781930600159
295.0315805697225
294.8842723027828
294.73545295454295
294.58121196196896
294.4316576612823
294.2888236070099
294.1484428728913
294.01174031288906
293.88152339830924
293.7530528014556
293.62648927688963
293.5019625878223
293.37959234768664
293.2592412469378
293.14082553528993
293.0243108152391
292.90965214836456
292.7968564856024
292.6859444569676
292.5768999907606
292.4696264894288
292.36410266337253
292.260165243743
292.1577436842434
292.05693156512814
291.9576614810592
291.8599242921248
291.76367412771384
291.66891825235626
291.5755084827744
291.4834491167401
291.39268093644006
291.30310322813625
291.21454747586483
291.12702762916444
291.04045127909797
290.94579507114815
290.8469378419865
290.75216256087475
290.64898131287146
290.53280880800867
290.4509083629886
290.38478176423405
290.3502992754202
290.36301744392915
290.46458198318345
290.5829023330106
290.6788257247323
290.75843583992065
290.8286908498919
290.89301590846657
290.9524885258345
291.0057087120995
291.05614520310525
291.1062197496993
291.15695227869446
291.2119752868375
291.2806703392708
291.3643452221515
291.4621699883284
291.57342331643565
291.69667753364223
291.83074872524963
291.9765889786084
292.13456800314486
292.3046997554041
292.4872912195993
292.682758801337
292.8899137398361
293.10782188714893
293.33569920578526
293.57049383063736
293.8078767749069
294.0475906515883
294.28953355542444
294.533470580096
294.77536067974006
295.01027331168126
295.2377321063706
295.4580863408306
295.6041020252727
298.1350342256157
298.21713963520006
298.29736450159686
298.3754948787266
298.451504881398
298.52531913593504
298.5967496477952
298.66563168519855
298.7318212419762
298.7952822171095
298.8559279919896
298.9136678598509
298.96846195828306
299.0201814722255
299.06867665740674
299.11388421996867
299.1553902871644
299.1929194195022
299.2263080262218
299.2555414681688
299.2804840141248
299.30067826212144
299.31600976565454
299.32644021233614
299.33188052707925
299.3323182704368
299.32773497727175
299.3182086162282
299.30370209924763
299.28428130211023
299.260399584852
299.2343629960237
299.20658387255634
299.17730061613764
299.14659392583474
299.1145591119192
299.0813859179554
299.0451304460449
299.0050778449578
298.96111637702137
298.9145555736737
298.8649710292638
298.8145057501213
298.76376552462114
298.7122310930187
298.6605373858009
298.6094492794506
298.55810563238015
298.50648731093196
298.4546014191425
298.4024558390024
298.3501448095633
298.29773648377187
298.2451980611713
298.1925786022235
298.1398853597079
298.08720366841595
298.03448440486903
297.98179117009437
297.92911783278197
297.87649113244885
297.82388119348514
297.7713746698278
297.7189039596647
297.6665153755102
297.6142311239947
297.562040519408
297.50998097797475
297.458080010332
297.4063234808808
297.354647463869
297.30318896941463
297.2518477134314
297.20063691219866
297.14715835700946
297.09359091015375
297.04004858593544
296.98454628141167
296.9272754440719
296.87357335024103
296.82141576628
296.77636419390006
296.7339864748057
296.69651788075726
296.657998359206
296.62177866055816
296.58865663747
296.5587801733475
296.53225267573487
296.50931642458414
296.4911308937892
296.4780090097512
296.47003920624377
296.4673194310842
296.4708728525776
296.48304487392477
296.50394832557566
296.5334830574318
296.5716570178324
296.61768230006703
296.6702514665499
296.7291901282483
296.7943958525963
296.8658177303034
296.9419912012282
297.02098720568176
297.10261646632637
297.1868388689365
297.27356251128776
297.36176416575506
297.4503695694499
297.5391694285322
297.62805206906165
297.7169044986022
297.80523178220636
297.89249320538937
297.97851626557156
298.06329093098304
298.1201044651905
294.8770625003745
294.9806094401653
295.07865702055045
295.1710963962875
295.258397322658
295.3411291680907
295.4187083641275
295.4897184643608
295.5541772485799
295.6124575206579
295.6648715051882
295.7104939401033
295.7480675814762
295.7777983929534
295.8000382545212
295.815161473617
295.82259215292265
295.8216383588269
295.8124389772421
295.7951740939729
295.7700387138044
295.73656807135916
295.6941641272019
295.64294591295584
295.58316352056414
295.51517869308583
295.43958112285566
295.3571585588191
295.2686628937185
295.17432352963857
295.074772441096
294.9743389277309
294.87745074075787
294.7861659671339
294.70135464860107
294.62330591827504
294.551717436155
294.4837123880826
294.41711363155173
294.3509749228014
294.28508387060924
294.21825126011265
294.15186954419005
294.0895260023505
294.03014922639744
293.97356356165733
293.92337381507923
293.87723258665056
293.83354288129175
293.79148041302625
293.7506409776922
293.710608746055
293.67110562015523
293.6320829409513
293.59347797151884
293.5551743962357
293.51706858530423
293.47891823749535
293.44078925645715
293.40262684776735
293.3643370558049
293.32562386783803
293.2862861568392
293.2463676733369
293.2059001285364
293.1647753554295
293.12277276149473
293.0798420668138
293.0360607649363
292.991420514518
292.9459325876214
292.8993499478591
292.85172361524747
292.80306352211113
292.7510706972696
292.69416803007726
292.63406953800506
292.57122019157475
292.50412581231876
292.4361680071932
292.3701555373774
292.31173459977543
292.26877159958343
292.24960534023614
292.25008792015245
292.2606780996626
292.27403348521045
292.28435080029897
292.28797070236425
292.2838555220111
292.2796822456956
292.282407978392
292.2951778536408
292.3191365331572
292.3543023314888
292.40066197441786
292.4581271523393
292.5262499029824
292.6044626645959
292.6917082384996
292.786430554853
292.88739743271043
292.99397191012383
293.10571054772436
293.22167291956833
293.3400552733456
293.46009476791426
293.58157627994063
293.70456187839306
293.82845611305424
293.951662745032
294.07375068196
294.1948908534167
294.31534223344937
294.43413080287223
294.5492381345572
294.66066516803755
294.76882275779536
294.8407574488733
295.32869077951966
295.4145694108617
295.49569582260347
295.57158019189717
295.64274106869925
295.709658436707
295.77231956976124
295.8297064476133
295.8815928370114
295.9282429409018
295.970013801667
296.00655504696346
296.036876596427
296.0609690702347
296.0789786473556
296.09121688333715
296.0975513808151
296.0972750209151
296.0904373777393
296.07719503726514
296.0577504671588
296.03187677986443
295.99911525214304
295.9595629766764
295.9132666332566
295.86053080425086
295.8019562151575
295.7382978467283
295.67026633462746
295.59851433960466
295.5235280123522
295.44949030120176
295.3810406896077
295.3209882071717
295.27101730629033
295.2317802513171
295.20075361693114
295.16155984309376
295.11382973315546
295.06070024932126
295.00440579809367
294.9466649606714
294.888556590594
294.8308357102394
294.7741034612467
294.7186554160771
294.66478530826635
294.61263263650915
294.5623077097223
294.51378426343365
294.46708229907057
294.422049558941
294.37869399408254
294.3369760422034
294.2968123237717
294.25807198142934
294.2207642721967
294.18469940676243
294.14975814131094
294.1158756190771
294.08300414771
294.05102337582406
294.0198143890081
293.9891087936567
293.95882966624436
293.9288411645438
293.8991039886998
293.86949414655027
293.8398748685706
293.8102279114584
293.7803732923534
293.75014711807984
293.71933055070855
293.68788662463857
293.6544429880486
293.61759831463576
293.57750583580776
293.5342248816265
293.4870501325202
293.43823512736566
293.3900901320971
293.3470708247547
293.3156133834368
293.3030866203783
293.30978317960097
293.3285324991816
293.34997914932256
293.366623471617
293.3741172449387
293.37150557146686
293.36401850389365
293.3575035014753
293.3554099069698
293.359789948764
293.3718006182972
293.3924986503839
293.4228242790165
293.46332029144617
293.513965957626
293.5742310786286
293.642822637927
293.71841498260454
293.799998863527
293.88685992270007
293.9782165013521
294.0725066950318
294.16877082980204
294.2665448781117
294.3656488472283
294.4656914692017
294.5652813015988
294.6639278674448
294.7615516278926
294.85844630103986
294.9543792012532
295.0481361668933
295.13923495339145
295.2278553873862
295.2867989072614
294.4083938138542
294.4711091846573
294.53498249480043
294.5996742645521
294.6648926311064
294.7303190377478
294.7956972998788
294.8608065907838
294.92537913775107
294.98912112675293
295.05181834156696
295.1131876147525
295.17311251346865
295.23109072813844
295.2869099912915
295.34024087058026
295.3909273940495
295.4386371872167
295.4831975232483
295.5243289198676
295.5618197317352
295.59554423408656
295.6253085525357
295.65098213512283
295.67243304326934
295.68952922512585
295.7021896354364
295.71043171406416
295.7142825994584
295.71387495172235
295.70933302130146
295.7008859673452
295.68888586003607
295.6737090504548
295.6559539958759
295.63609016440677
295.6146182653557
295.5918803446987
295.56807051215475
295.54318218505176
295.5172607199582
295.49025955038434
295.46222469101446
295.43313901244784
295.4031837297327
295.3724720301969
295.3412891772685
295.3098594210075
295.2785141198145
295.24737738508776
295.21652076543336
295.18590600622844
295.1555018184163
295.125265831445
295.09518642645327
295.0652200198005
295.0352865568676
295.00544453766724
294.9756262361025
294.94585582757287
294.91611283500094
294.8863556705221
294.8565403658804
294.82664949114184
294.79662111694563
294.7664113610247
294.73606814365127
294.7054814476995
294.6746532503541
294.64355248349887
294.6121779938715
294.5805109433347
294.54847287288294
294.51602102305804
294.4831669282351
294.44972521105586
294.41556805126805
294.3804696680169
294.3442837830113
294.306925765929
294.2683977108879
294.2289344652226
294.189062083616
294.14965289815103
294.1120943806575
294.0774378376397
294.04617081790735
294.01803971657034
293.99247945706105
293.968747916126
293.94615070658796
293.92435876448184
293.90324364301205
293.88305795542624
293.8640358129623
293.84662323354684
293.8311791203194
293.8181689123757
293.8081199079113
293.80151853367505
293.79866601231964
293.7998582947293
293.8053110707794
293.81509950703196
293.8293266132074
293.8480208226068
293.87105271882535
293.89839887597583
293.9297670743964
293.965119474813
294.004238842804
294.0469268570357
294.09302939191844
294.1422303210737
294.1943839026782
294.24923028197907
294.3064614446081
294.36570771308146
294.4069704439129
294.67016334510106
294.68132128030476
294.69276731443534
294.7045024618882
294.71653960245806
294.7287676372391
294.7412033521791
294.7537041088615
294.76628808026436
294.77886578586157
294.79134729604857
294.80375024899683
294.8159693783096
294.82791442755445
294.83962323850335
294.851002176941
294.86195790635816
294.8725193308585
294.88261336465507
294.8921336480698
294.90111920737087
294.90947689329136
294.9171494969534
294.9240827040358
294.9303020323258
294.9357132759292
294.94043824084724
294.9446439169724
294.9483338810304
294.9516059376333
294.95443279979276
294.9568940238677
294.95907797804745
294.9611289461174
294.9630723348238
294.9650232273314
294.9669010911651
294.9676187408779
294.96736075055395
294.966291382471
294.96468197463486
294.9624851790255
294.9598383243663
294.95681736133787
294.953419486521
294.949724637471
294.94586206330865
294.9417573030567
294.93756672232183
294.9332081595646
294.92875325430185
294.92418486230116
294.9195684439452
294.91484010663424
294.9100408204276
294.90522003481425
294.90027775915945
294.8952809047817
294.8902073255047
294.8850414460403
294.87972680160755
294.8743673331691
294.86886696876115
294.86320940833224
294.8574201468174
294.851484109974
294.84537384132256
294.8390612735491
294.83262330539196
294.8259897059035
294.8191642377753
294.8121236912202
294.80484423397445
294.79734555176384
294.789552400551
294.78129725583204
294.7725953280219
294.76346052876517
294.75377738137746
294.7437054243837
294.733335275816
294.72294738128124
294.71303590173886
294.704138481695
294.6963383680283
294.68937077410305
294.6828321906801
294.6764305765719
294.66993023748574
294.66321366747695
294.65632639896234
294.6492353326088
294.64208826807857
294.6348824970723
294.6278066147749
294.62094985438006
294.61461071164064
294.60889319519634
294.6039626490093
294.5998384272257
294.5965731586952
294.5942404779822
294.5928642290427
294.59242789003497
294.5929180991484
294.59434492250404
294.5966032832109
294.59968567906776
294.6036221585432
294.60839253098993
294.613934127562
294.6202316203343
294.6272435026531
294.63497371068496
294.64338704157257
294.6523744577405
294.6619051496469
294.67193697693386
294.6790271695091
299.48613650417195
299.5147481362098
299.54561268501953
299.5786945119438
299.61396584493394
299.65146486899494
299.6910150791592
299.7324906455284
299.77567625723907
299.8204280975827
299.866716433113
299.91430487288807
299.9629223167177
300.0123673078223
300.0624284051061
300.11296311183577
300.1636954431526
300.21434071741925
300.2647307977583
300.31463429553486
300.3639306357675
300.4122996872261
300.4593621439861
300.5050424016973
300.54901020548033
300.59112473442883
300.63121227558554
300.6691405123914
300.7047462951292
300.737849146734
300.7683879847682
300.7966072227972
300.8227804289735
300.84698455737566
300.86928186006185
300.8897596905849
300.9083392133554
300.92428608889986
300.93750455890506
300.9481436066019
300.9562637277384
300.96198070499975
300.96538812938434
300.96656405235433
300.9657243683102
300.96282019357386
300.9580727326313
300.95149047322957
300.9431860637094
300.93322102195964
300.92161333422644
300.9084563396247
300.89385294838024
300.87783295215644
300.860449695787
300.8417661588943
300.8218471636761
300.8007813622357
300.7785314316248
300.7552195939796
300.7308354494062
300.7054796357466
300.6791323801493
300.6519161848878
300.62377475126516
300.59478602488133
300.56499614057134
300.53441914099704
300.50308864812195
300.4710554891232
300.43841736170896
300.40516297975057
300.37129377192736
300.3368921297111
300.3019004751339
300.2663788614497
300.23037472928206
300.19383328589976
300.15684134256674
300.11937556696375
300.0814554692289
300.04310618204045
300.0043378070105
299.96534892310854
299.92645599793843
299.8878632699463
299.84957089993674
299.81157924322133
299.77389717525574
299.73657971256733
299.6998690389823
299.66403528446
299.6292304068982
299.5955572048247
299.5632428634466
299.5324803078612
299.50351482322924
299.476420487874
299.45134676891075
299.4284209725015
299.4077127760628
299.3893374233055
299.37339785749333
299.3598996143736
299.3489600349022
299.34050323432245
299.334577057541
299.3311502193953
299.33027568251856
299.33200483537985
299.33630391450004
299.34314747808594
299.352599438551
299.3647266449114
299.3794711174786
299.3968001962503
299.4166832324633
299.43911308058495
299.4557993990387
295.7559622531585
295.78877219183994
295.82346222088694
295.8599184465769
295.89805160450254
295.9377413296818
295.9788802196662
296.02128750904444
296.06482776180496
296.1093312751923
296.1545974064155
296.2004757575407
296.24668867499776
296.2930219118574
296.33926600574
296.38534436950437
296.43098753452625
296.4760140642852
296.5201538924203
296.5633045936217
296.6053316518067
296.64594738557105
296.68507863250125
296.72241921257427
296.7579430287096
296.79142462255373
296.82279506117465
296.8519525735518
296.8788034498345
296.90330743013084
296.9253675873872
296.9452642026873
296.96326162119954
296.9796428898533
296.9945818966361
297.0083872883559
297.0208714264324
297.0310517990449
297.0390129742991
297.0448013096071
297.04850841944415
297.05021988385164
297.04995518389694
297.0478903890728
297.04407366016903
297.0386860619894
297.0317566780905
297.02339589683777
297.0136759782841
297.0026769040446
296.990412744287
296.97699715293396
296.96248019432716
296.94688846476726
296.9302822266369
296.91273208543964
296.89428264040544
296.8749493438424
296.8547651443615
296.8337997585769
296.812098209965
296.7896352576179
296.76649104993345
296.74264462805183
296.7181210780686
296.69294827351484
296.6671541603247
296.64074335760233
296.61379158179824
296.5862048360042
296.55809584997075
296.5294780337045
296.50033047596895
296.4706671369229
296.4404878966789
296.40979520738915
296.37857612842674
296.3468433195848
296.31456217836904
296.28178209826086
296.2485387938811
296.21489022037713
296.1808746027853
296.1467577513699
296.1128922808272
296.0794311270377
296.04627006221637
296.01336402507167
295.9806626000202
295.9480759858403
295.9158547386588
295.8841694137076
295.85320635290157
295.8231687142162
295.7942449020047
295.7666838583521
295.74075733270394
295.716626946182
295.6944887337337
295.6745145367791
295.6568573755784
295.6416245044016
295.62897908426294
295.61910618209674
295.6120077367859
295.60774804083394
295.60628254691767
295.6076306397248
295.61189466758344
295.6189781451474
295.62892706206566
295.6416485526186
295.6571170316525
295.6753242649607
295.6962034934492
295.71957984531264
295.7453302174354
295.7733545210673
295.79370529540887
303.2751321908654
303.3021127902385
303.3317674541834
303.36404729177656
303.39870112150044
303.43568873278
303.4747515277115
303.51584352702747
303.55872470255656
303.60333209189434
303.6494685295154
303.69698510642206
303.74575687097206
303.79565542551785
303.84643584942944
303.897980349054
303.95016262621976
304.00275711370466
304.0556651590233
304.10859597712783
304.16145644558134
304.2140693649093
304.26619446915544
304.31768726574876
304.3683481021315
304.41798204933156
304.4664056916552
304.51345761813405
304.55890090477476
304.6026289167373
304.6444348094962
304.684183009866
304.72188524033896
304.75750076133625
304.7910536015144
304.8226524915546
304.8524452349465
304.8800539349821
304.90524361695105
304.9277046178235
304.94717889128754
304.96353524419453
304.9766792318376
304.98666199116565
304.9935237757285
304.99741934083954
304.998467078703
304.9968460995872
304.99271817824444
304.9862502253944
304.9776298152892
304.96696344372685
304.95439914807935
304.9400596516207
304.92408328311814
304.906563436713
304.8875562502452
304.86721564170585
304.8455747589951
304.82272378968247
304.79870782513336
304.7736012367679
304.74746647895086
304.7203319258067
304.6922611987127
304.6632889357695
304.63346859857955
304.6028136066547
304.57135539880977
304.53915021352293
304.50623788360457
304.472602007045
304.43828910045386
304.4033481501949
304.3677213537856
304.33153818943816
304.29470516135837
304.2573155467822
304.2193283705401
304.1807329060552
304.1415955580852
304.1018836127975
304.06168279671215
304.02095340883864
303.97982766824015
303.93837367162195
303.89671286884004
303.854987119566
303.81320276786266
303.7714810775828
303.72981860188656
303.688383683519
303.64722147309647
303.60658708635515
303.5665061301652
303.52723797370555
303.48901390115594
303.4519962456612
303.41650343197233
303.3827299145765
303.3510203018299
303.32155712489816
303.29458567515843
303.27032142321264
303.24893184160146
303.2306320896827
303.21548535195075
303.203670265301
303.1952163937889
303.19024112330044
303.18876065381886
303.19074956562895
303.1962481481127
303.2051025611227
303.2173871346099
303.2329396027546
303.25168268633143
303.27351215998766
303.2900135077244
301.3920192639349
301.4286127636889
301.4681509446513
301.5105388986577
301.55556581466334
301.60309251981334
301.6529142406174
301.7049035961853
301.7588744444819
301.8146567497809
301.8720678396133
301.9309209622104
301.99101735455355
302.05206427146885
302.11394631099967
302.1763337644
302.239076948198
302.3018821785058
302.3645052440833
302.42673966192433
302.4882694330202
302.5489356996792
302.60846345970714
302.6666198690772
302.7232160786471
302.7779989738738
302.83087841393797
302.8815818218855
302.92990848429486
302.97571762000035
303.01887288147987
303.05927305190596
303.09688533184
303.13182104074934
303.1641031650003
303.19378105516535
303.2209151038258
303.2451491934119
303.2659603795693
303.283011600779
303.29620782197713
303.3054712384997
303.31087881512036
303.3126020985496
303.3107511474071
303.3056062773912
303.29741737705086
303.2863219627542
303.27258460096397
303.25640569454936
303.237993505354
303.21748238749086
303.1950750610058
303.17088493023124
303.1450902390834
303.1178363774176
303.08921895309027
303.0593060519904
303.02821239202416
302.9960384617372
302.9628349995896
302.9286465089389
302.8936347576524
302.8578000443412
302.82122116237565
302.7839415668996
302.7460377563782
302.70746935854527
302.668349681032
302.62874670894547
302.58866125010337
302.5481086316832
302.50717631092846
302.46588197894533
302.4242312873486
302.3822667758532
302.340028452446
302.297502800787
302.2546963506189
302.2116775725063
302.16849580570374
302.12515002296726
302.08159698357616
302.0379084974198
301.9941104944667
301.95017357736515
301.90612891595873
301.8620570249693
301.8179602234677
301.77393702593866
301.73009217915654
301.6866143343814
301.6436758372455
301.6015569642942
301.56046773457535
301.52062017941324
301.48241689411856
301.446039910802
301.4117900484503
301.3799733830777
301.3508255234368
301.3244853447292
301.3012260902255
301.28113892903775
301.264448280897
301.25125878438286
301.2416412960794
301.2356678272978
301.2334667184402
301.2350514242202
301.2404708432143
301.24967135956297
301.26269835812093
301.2794629313216
301.2999105808653
301.32396228971237
301.3514993706799
301.382388292506
301.40524547527923
304.84164189210816
304.8642635543619
304.88940084464076
304.91687961151547
304.94662643722
304.97847137368683
305.01234526809566
305.0482029266191
305.0858531525345
305.1252354366956
305.1662632972214
305.2088079813973
305.25278433141
305.29805921781
305.3445509532347
305.39214655260065
305.4407058267164
305.49009642479643
305.54015505859934
305.59076130638596
305.6417208455714
305.69285625834243
305.7440399313864
305.79504820445305
305.84572291626813
305.895850307301
305.94525474585856
305.99373873413356
306.04110484719877
306.08716393944013
306.1317183625021
306.17465639391065
306.21593365929033
306.2554654636671
306.2933447110181
306.3295871326208
306.36423826605926
306.3970073710431
306.427368945768
306.4549431550883
306.4794106075626
306.5004895918616
306.51804451571763
306.53207673389255
306.5427174059363
306.5500262152829
306.55419693529973
306.5554312283949
306.55394689135255
306.5499455685902
306.5435848628408
306.5350411798138
306.52453532112423
306.51209935629225
306.4979402673885
306.48212409443306
306.46479767425996
306.4460199057671
306.4259086663676
306.4044867383789
306.3818842841322
306.35812460723224
306.3332667679125
306.3073255601826
306.2804721156045
306.2526234652783
306.22387398110305
306.1942211442316
306.16379112634
306.132496698065
306.10045698771364
306.0676367360449
306.0341484487875
305.999918405357
305.9650536614827
305.9295171574781
305.8933014369716
305.8565057416844
305.81906109281806
305.7810127128571
305.74238772364157
305.7031548173846
305.66335303470447
305.623039042644
305.58227822331
305.54113003878643
305.4996615531603
305.45794608304794
305.4160266752935
305.37399776318694
305.3319070948568
305.28989474951607
305.2480435611089
305.20661712646245
305.165719072691
305.12557100510617
305.0864550697441
305.04859780220033
305.0122504196601
304.9776541345559
304.9450528237809
304.9147251694562
304.88683879854955
304.8615475734546
304.83910847818873
304.8196102299651
304.8031844706164
304.78990734763903
304.77986463169907
304.7730754528187
304.76954056250895
304.7692784232213
304.7722421174107
304.7783578541941
304.78760630972744
304.79982857972107
304.8149575422736
304.83292788479406
304.8466709750813
302.5767497080459
302.6007730578663
302.6275714291609
302.65706479712054
302.6891181711817
302.7236615714402
302.76050046785844
302.7995309868208
302.8406482339295
302.88368959550854
302.92858760099614
302.9751341671443
303.02324549144333
303.07270680948227
303.1233888875766
303.17509063460517
303.2277066416029
303.28097872264385
303.334813750031
303.3889533639922
303.44319197034105
303.49740608546693
303.5514376744891
303.6050561985115
303.658080463729
303.71038839704266
303.76177206155546
303.8120859360513
303.8611532883152
303.90881114758855
303.95490465546715
303.9992353178364
304.0418078050199
304.0825234760607
304.1213596403545
304.15833632055956
304.193416130321
304.2264492575256
304.25695254471924
304.284640284867
304.3092299950796
304.33056345572965
304.3485385206659
304.36317187347413
304.37447594425197
304.38251182698
304.387485651393
304.3894379289858
304.3885656727329
304.3849804980322
304.3788571448829
304.3703615588628
304.35961253194233
304.34668651327263
304.33175391075576
304.31495229417874
304.2963812720899
304.27607048961664
304.25418982177194
304.230844730285
304.2060267301856
304.1799092821667
304.1525175556751
304.1239385217925
304.09423156346327
304.06349347557835
304.03171632325603
303.99900123304053
303.96544633323094
303.93100134875624
303.89582042210196
303.8598394056912
303.8231838820089
303.7858488466024
303.7479420731362
303.7093797873623
303.67032346405256
303.6307122851648
303.5906020668393
303.5500425108975
303.5090358662311
303.46762664426586
303.4258044653018
303.38366509686585
303.3411562248023
303.2983488192177
303.25530102104847
303.21203412553524
303.168617568619
303.1251218697784
303.08164114429786
303.03830596691506
302.9952648184789
302.9527125421222
302.91085562317835
302.86985316113027
302.8299496672723
302.79140064456806
302.75442348467084
302.7192356689254
302.6860505886791
302.65513341886816
302.62664479895074
302.60076404292477
302.57763548738995
302.5574796371455
302.5403151436431
302.5263019224576
302.5155080218195
302.50802041642334
302.5038750865772
302.50307196482953
302.5056318743065
302.51151705225965
302.5206716751394
302.5331104884661
302.54874610111864
302.56741833221093
302.58187715927045
299.6591692141378
299.71246965919534
299.7648686891737
299.8162636281827
299.86661528836515
299.91587108754294
299.9637271161202
300.00948552922944
300.05293412250325
300.09408300845587
300.13297460117025
300.16925937078975
300.20228363279733
300.2321058172227
300.2588751277446
300.28265028505706
300.30331499563283
300.3206915304232
300.33476883569085
300.345559475199
300.3532083074116
300.3574103146673
300.35800967446824
300.3550125695697
300.3482726057677
300.3379164390052
300.3239268481283
300.3065653877894
300.28602428974455
300.2626730774794
300.23685542689765
300.2102056072132
300.1841998056201
300.15968476269927
300.13695291722576
300.1162426880808
300.09773430176705
300.0798024604399
300.0609468765821
300.04076675549584
300.01922219884096
299.9963631468593
299.9722417349245
299.94686040670115
299.9203821233666
299.8930529107927
299.8650883918191
299.83665713738696
299.8080564174549
299.7793880755834
299.75071415952425
299.7221526019776
299.69376182669555
299.66547086959855
299.6374471576044
299.6096072646002
299.5819765045447
299.5545746887982
299.52730535889305
299.50015424582216
299.47305831466616
299.44596102624223
299.4188881658737
299.3916729390064
299.36429701085
299.33674801740125
299.3089607030189
299.28087795823717
299.25246668174384
299.2236968741202
299.1945973624865
299.1651363271869
299.13528507226727
299.105022618252
299.0744121823342
299.0431811707372
299.01121973472027
298.97842404884886
298.9446690404708
298.90996961906137
298.87446360692684
298.8383124877828
298.80220431909004
298.7691268079157
298.74345920168366
298.7257559143991
298.7136482912947
298.7050053815011
298.69852424559423
298.69342941611023
298.6890888430087
298.6850403168922
298.68168888452726
298.67990202446924
298.6805654922226
298.68525659253316
298.69490389881724
298.7097823721998
298.7295748927375
298.7538249017974
298.7823077642085
298.81468518391205
298.8506168709275
298.8897217673086
298.9315064395841
298.9753473687794
299.02092898757985
299.0680525388533
299.116779419084
299.16674065714454
299.2175125865439
299.2689010485191
299.32091362258456
299.37355550687596
299.42655758078087
299.47957843518793
299.53234546025965
299.58489519399143
299.62051961064947
