-0.030145964946953173
-0.030859266677210374
-0.03135405171532265
-0.03171845461029489
-0.03196193382833511
-0.03210224627664912
-0.032170027402735266
-0.03214248601324792
-0.03204428568940304
-0.031881851917462
-0.03166959401942377
-0.03143341702554335
-0.031152674829723354
-0.030832243789940206
-0.03047322839498127
-0.030068669774818584
-0.02959139511046879
-0.029063820302492823
-0.028483019266984856
-0.027851457090282094
-0.02715616396258166
-0.026374811976633643
-0.025541743930715538
-0.024661956584898066
-0.023733260696669485
-0.022780175302139716
-0.021831121378111218
-0.020854155417129875
-0.01985096028477777
-0.018820283120242722
-0.017862305669020934
-0.01707396170989777
-0.01633523191129975
-0.015632124642130974
-0.014962306723841582
-0.014320758153840344
-0.01371250585233479
-0.013103277545259424
-0.012530149985432218
-0.011980999552861558
-0.010653669197235888
-0.009589337937706695
-0.0085097207678419
-0.007592946232941768
-0.006694515848876226
-0.006067595252849727
-0.00527750515626697
-0.004492700521552245
-0.0037145383290610357
-0.0029428794209749027
-0.002173423425400597
-0.0014080427087849513
-0.0006460312535682404
0.00011237080776990455
0.0008696192311347876
0.0016256224222066474
0.0023816395776661186
0.003136866466434189
0.003892021448788143
0.00464772010914671
0.00540175562104386
0.006153474918893007
0.006902625338925028
0.007648840772406047
0.008392863687613297
0.009146539604058194
0.009893816034094791
0.010636494572341828
0.011374203015230963
0.012104405486759413
0.01281813770130534
0.013526212250369533
0.014229997079528928
0.015116147185403312
0.01630637685407517
0.017205694081216118
0.018106269347634478
0.018257618344291158
0.017486460105785202
0.013185332967647796
0.012908519476388599
0.013467145279203445
0.011049399676392025
0.010021933178881792
0.009492856967917554
0.009572226546170863
0.00977498981036567
0.010060322731075797
0.010417825557140645
0.01008839698903546
0.009014406750906917
0.007785178566114244
0.006453906957866408
0.005039139407881769
0.003710723087964312
0.002382461960410375
0.0010276772438374767
-0.00035195906787862904
-0.0017546061321669082
-0.0030188448860207578
-0.004253616488466074
-0.005532884863756101
-0.006861321398592669
-0.00823809444120173
-0.009753629658872722
-0.011338618353001258
-0.012962338882576422
-0.014624407796881294
-0.016322314070837406
-0.017982495427652075
-0.0195693100579135
-0.02108873753199052
-0.022543903656510544
-0.02395591239743124
-0.02536151848957238
-0.026677801602410556
-0.027920287338952028
-0.029096563699653293
-0.029858405248813575
-0.025455696320801625
-0.02616911375866948
-0.026714820568727024
-0.027099590470222604
-0.027344523266437337
-0.027465448845987266
-0.027488494527118882
-0.027418365948438366
-0.02726831383472323
-0.027049062776340012
-0.026768564789116257
-0.026435688307875755
-0.026073687905746653
-0.025688135700068122
-0.02528209118206928
-0.02485358268649326
-0.024380896313678402
-0.02385585119213586
-0.023283204685659916
-0.022667043759462237
-0.02200991436432506
-0.021313521652061365
-0.020580935442368192
-0.019812581081092618
-0.019007801566318646
-0.01816832570080838
-0.017322353141270536
-0.016475449296575715
-0.015619640374448168
-0.01474609095514684
-0.013870344759185749
-0.013080491331396172
-0.012374019285583371
-0.01173399641716957
-0.011149500898276876
-0.010612827232958246
-0.010116954233737844
-0.009608597969292258
-0.009077472506846866
-0.008594969849628492
-0.008027600360338226
-0.0070526918173782335
-0.00598141019947109
-0.004850294763905015
-0.003744532468909418
-0.0027297675773278202
-0.0018978781133181623
-0.0010709558008463087
-0.00025325141224781235
0.0005549080299898373
0.0013574186745688348
0.002159958927286119
0.0029599782821604485
0.0037576022900548175
0.004550688271756461
0.005336682273408963
0.006114206332772192
0.00688705317953278
0.007657389569593689
0.008425966111175588
0.009189629968325824
0.00994766356808605
0.010697898454211105
0.011441427303452675
0.012179886248798533
0.012906238357909468
0.013623624867677238
0.014332483564662964
0.015033496361753575
0.015728096903244133
0.016425772233412766
0.017122055156114625
0.017815130197075167
0.01850412829385358
0.019509280166131703
0.020667902303253854
0.021682238255711226
0.022406460999338303
0.022750067228612815
0.0211817320256229
0.01914457037694733
0.01830410996692033
0.01755232078802443
0.015521348996512264
0.013516157243237228
0.011946728486857381
0.010730037772101604
0.009764384387665739
0.008990211899929516
0.008346499720052681
0.007865422574268692
0.007574765399545771
0.007399603512539661
0.007279230804742292
0.00712576635303036
0.0067284333360866574
0.006077219797319263
0.005238131805812413
0.004257597566428869
0.0031627567975405155
0.0019404938704785024
0.0005907565444075534
-0.0008683027509337023
-0.002418420467511615
-0.00406266906245932
-0.005808073809217017
-0.007632264983317478
-0.00951790715007195
-0.011452816667199635
-0.013376607101222984
-0.015186512582257198
-0.01688881499987242
-0.0184976385424272
-0.020020372201265322
-0.021404720175915087
-0.022614833614942067
-0.023679271651873248
-0.024622490644904602
-0.025205103608291004
0.00868694416036064
0.008285257373386874
0.007901202842865725
0.007536430497882031
0.007190116276254961
0.006863614572878841
0.006555959102785209
0.006267040148298
0.005996208525013517
0.0057444018823791165
0.005511382646004462
0.005285728118942112
0.005062004084352043
0.004838248064361621
0.004616758952069271
0.004397212075055807
0.004186246255185575
0.003986046140715357
0.0037993804043376955
0.0036256938128878344
0.0034647091975971195
0.003318916611916718
0.003189785102787922
0.003078932535832232
0.0029844840467614883
0.0029086665008664168
0.002851870303010405
0.0028121870065397035
0.002791864745028542
0.0027888769509445046
0.0028035558889891177
0.0028287972083706975
0.0028600812473154086
0.002897265864210352
0.002936265051085008
0.0029811540547654883
0.003029288548443541
0.0031124480240625717
0.003227544716972367
0.0033272754112081714
0.0034457287078305883
0.0036469732104774315
0.0038928352939117147
0.004180971872498954
0.004490410370412092
0.004799022932151073
0.005074200488798619
0.0053519192475192994
0.005632318827231845
0.005917134476774514
0.006207427412329369
0.006500572799062812
0.0067984398494045205
0.007101015528605957
0.007408273484887883
0.0077199894233686605
0.008036112901525764
0.008355311775600772
0.008679061010223648
0.009006621746865194
0.009337065923798914
0.009671777077489051
0.010008636635304994
0.010348784135412554
0.010692623509708362
0.011039245496755088
0.011387919567040253
0.011739233282865373
0.012093799828528155
0.01245039841194334
0.012808472266424667
0.013166500597657598
0.013524925533211917
0.01388452039376525
0.01432986486534408
0.014785149096371753
0.015247931382844677
0.01567508971649676
0.016064705483124116
0.01622132883703813
0.01632614676181809
0.016545918911806203
0.016703559357987927
0.016783921591410147
0.016878543837085282
0.016999275503790948
0.01714298630503342
0.01730769842010599
0.017495944616580588
0.01769232219699602
0.017846723551768764
0.01794997271910271
0.017999250442953307
0.01799269365295848
0.017936885120552457
0.017837736496744354
0.017693297112943353
0.01750587296154604
0.0172754493262189
0.01700234164518128
0.016694670481525693
0.016353985630723825
0.01598185478902615
0.015578276831025672
0.01514570273842476
0.014695563388629485
0.01422967638015106
0.01374896213590807
0.013254314396000295
0.012750811177403296
0.012253005605080424
0.011761574496111607
0.01127815796997366
0.010802924251090848
0.010339797803740306
0.00989105930664145
0.009456019930498447
0.009038438981101182
0.008763254533015
-0.00951229391052122
-0.009871266682052227
-0.010209306127725009
-0.010522292052541328
-0.010815732299457566
-0.011093107551573304
-0.011357279544540912
-0.01160392830904576
-0.011835658399324253
-0.012052756751579664
-0.012256523989391315
-0.012443559762179158
-0.012611599962766932
-0.012763476578701914
-0.012899127133931756
-0.01301933924379786
-0.013117296273926254
-0.013192319628947962
-0.013244474254447617
-0.01327535073592857
-0.013284621234260188
-0.013276458949934884
-0.013244918378908345
-0.013188763191326074
-0.013105447520452252
-0.01299822493961101
-0.012864474260635791
-0.012701861757190604
-0.01251175355669669
-0.012292523725352323
-0.012040154625665014
-0.011761270529493752
-0.011470852322620214
-0.011176221572139367
-0.010882904029022537
-0.010594815657391501
-0.01030362170377148
-0.010004979780375923
-0.009674451183476205
-0.009312552850587286
-0.008921199537331614
-0.008423765479814467
-0.007791409544343472
-0.007012190026075777
-0.006153069723895442
-0.005277556109602699
-0.00455106929325646
-0.003908473479128064
-0.0033050336407288348
-0.0027166461139152584
-0.0021363431949014775
-0.0015649228168960283
-0.0010007999354337941
-0.00044228935320023274
0.0001106533284821014
0.0006593764725101451
0.0012006018363999223
0.0017308726626781372
0.0022500863007232897
0.00276017190018226
0.003255489560469767
0.003732839431906092
0.004190009939773795
0.00462575510871503
0.0050429249922419464
0.005440753869233534
0.005814424052725452
0.006164699226029734
0.006490613202601382
0.00679566552879038
0.007079490324872112
0.0073371272469310205
0.007571639284783118
0.007782862238864206
0.008056835339722016
0.008446462018812119
0.008890900492673756
0.009312291994786927
0.009625705949064329
0.009701003869574122
0.00949938646175416
0.009224919740388514
0.009027622305711466
0.00874282618960308
0.00833793783605328
0.007850371248208867
0.007331271047914972
0.006817233563572259
0.006325703891894862
0.00586160270865434
0.005402321190374288
0.0049239703497865415
0.004416824430261282
0.003877412635997266
0.0033080678384762186
0.0027152497378932824
0.002108663982032674
0.0014950448757136583
0.000884439933013092
0.00027990562475440896
-0.00031382155198615664
-0.0008970722160889959
-0.0014710993010703217
-0.002040492204360793
-0.0026008897627573494
-0.003143885223814688
-0.0036715136407292617
-0.004186251989942028
-0.004687721440937868
-0.005182654147912845
-0.005667745724053856
-0.006143839993778355
-0.006610587087080819
-0.007069472818070468
-0.007517068157031151
-0.007946145694677323
-0.008360778693104325
-0.008763003789564707
-0.009031066757070716
-0.006076864079743752
-0.006169290065051327
-0.0062574209150638915
-0.006339983663842933
-0.006416899643835565
-0.006492507398558462
-0.006567476806997368
-0.00664408165513562
-0.0067260248748829245
-0.006816627015774772
-0.006913072042326824
-0.007010785943928548
-0.00710039815768905
-0.007181710194993519
-0.007258039045404681
-0.007330779652640275
-0.0074005546287617624
-0.00746606719336802
-0.007525171508267767
-0.007576894031911289
-0.007621011279166837
-0.007658197791056484
-0.007689192111346844
-0.007709654620765902
-0.007719904744372779
-0.00771944588247337
-0.007706733403251751
-0.007676019460802425
-0.00762857119602842
-0.007565352836895389
-0.007486722469036206
-0.007403715617400995
-0.007340501599391112
-0.007312393117192906
-0.007328676248660488
-0.007387641618300447
-0.0074972117864006765
-0.007622062700801409
-0.007638399525336188
-0.007561877272346967
-0.007437283713549786
-0.007287411087955575
-0.007118971653566383
-0.006930294785786506
-0.006721993586726481
-0.006493119841536626
-0.006245720121519619
-0.005983994512948691
-0.005710368811905499
-0.005428967251108356
-0.005140077568351235
-0.004843612984309851
-0.004541414949800642
-0.004233106630624865
-0.003918753156861318
-0.0035975555714382887
-0.0032705323004564133
-0.0029407098172588783
-0.0026074026131390564
-0.0022704276005215997
-0.001931282967443854
-0.0015898407505470825
-0.0012466710048252365
-0.0009048067291436978
-0.0005661424271810849
-0.00022990839780489603
0.00010146529073741733
0.0004275444422586948
0.0007477067143018031
0.0010587211359606096
0.0013610279536366262
0.0016500312637744866
0.0019247844294697958
0.0021843464622156037
0.0024768797973697258
0.0028421266450622145
0.0032674216649726637
0.00371197770185097
0.004108727899046847
0.00434983140632479
0.004367318388609284
0.004265490506651917
0.0041687201301287185
0.0040192896541982725
0.0037988340564550998
0.003527724558653167
0.0032428227086028897
0.002974552906472342
0.0027350633966653085
0.0025189404601213246
0.002306301289973428
0.002071790185746289
0.001805928533819927
0.0015023763500197455
0.0011641515169016831
0.0007948240310088641
0.00040082721876925274
-7.300485568382055e-06
-0.00042071431381802634
-0.0008300342024870546
-0.0012244440303331517
-0.0016002075819087445
-0.0019548193926705215
-0.0022914583666853654
-0.0026119886647452805
-0.002913664274181844
-0.0031980955122016966
-0.003464122524446127
-0.003716099875382381
-0.0039517184213475704
-0.004170631506932158
-0.004376611929855071
-0.004573734715749881
-0.0047675064042903585
-0.004961578572164524
-0.005153615618044762
-0.005346487627889402
-0.005540743502175042
-0.00567558386391394
9.461819792952952e-05
-0.00025250396524110883
-0.0006039398395656299
-0.0009567266982676614
-0.0013097410192696693
-0.0016598615074307583
-0.0020076023984855864
-0.0023503517187574104
-0.002689286580547924
-0.003022455419872604
-0.0033509421233142347
-0.0036737255289585233
-0.003990637281141366
-0.004299319988642397
-0.004598941244583116
-0.004888378641059383
-0.0051674150707367176
-0.005435106902725111
-0.005691573711348619
-0.005935992414353668
-0.006168668143315816
-0.006388832085800469
-0.006596434373970872
-0.006789877385758947
-0.006968351410028915
-0.007131580017881898
-0.00727891209198319
-0.007408721267120802
-0.007519245932327156
-0.007609690964240374
-0.007679833123682778
-0.007727960435319051
-0.007756512530002028
-0.007767012124288589
-0.007761262935669896
-0.007743480811755774
-0.007713732670071083
-0.007673230685677579
-0.007621681780965217
-0.007554292201367033
-0.007468809619765627
-0.007363086441167599
-0.00723553986663593
-0.0070819326773114534
-0.006899293547633396
-0.006685640882130387
-0.006443000786842936
-0.006180192621533157
-0.005906157900141744
-0.005624600215173846
-0.005336176241231489
-0.005040902481961856
-0.004741077970359415
-0.004436647330578004
-0.00412731190513853
-0.003813753064027076
-0.0034959810353477746
-0.0031736426003096626
-0.00284662373144596
-0.0025137581373229183
-0.0021775030061970796
-0.0018362223070663567
-0.0014925968722531947
-0.0011460823602804262
-0.0007997722979986932
-0.00045195354721092566
-0.0001065358403624298
0.00023906131482606373
0.0005827461149165055
0.0009235508731621806
0.001261359582746048
0.001596411757111525
0.001926992117228248
0.0022527516824016715
0.00257347833339806
0.0028923453016513412
0.0032120362916186708
0.0035416197102862983
0.003879914703034878
0.004219610184180646
0.004550557602005106
0.0048570454638273645
0.0051330066647769
0.005378086335853522
0.005590146651270279
0.005767233655056148
0.0059094861825514725
0.00601966532917107
0.006100174180264619
0.006156966678928738
0.006191339373854221
0.006206210503326813
0.006204775076393131
0.006185220696477054
0.0061478272012645725
0.006092728948711172
0.00601889114495825
0.005926474081813139
0.005815131972888176
0.005685497189411193
0.005537539092833636
0.005372344050988636
0.005189959733701614
0.004991717458674059
0.00477682325852709
0.004545341000906685
0.004299520977935896
0.00404024888142418
0.0037694374941795116
0.0034862235853158527
0.003194106922454901
0.0028924200181659455
0.002581944875085692
0.0022638352908581154
0.0019374837912463933
0.0016047092089652216
0.0012656431005907888
0.0009212123765756713
0.0006839731560318013
-0.0005049873238782951
-0.0005638115430993484
-0.0006241995194867121
-0.0006869286953377302
-0.0007486246733533324
-0.0008112547785041535
-0.0008737598647639664
-0.0009364188802119438
-0.0010006484323955287
-0.0010661305265939227
-0.0011317663523152987
-0.001197714781433361
-0.001263265778383572
-0.001330131831604327
-0.0013960437822455073
-0.001462044975891548
-0.0015274033833764411
-0.0015923901126718872
-0.001656303341625375
-0.0017192789079615888
-0.001780970663450289
-0.0018415498865154774
-0.0019015462216237498
-0.0019592708869553906
-0.0020154355759074405
-0.0020688144853805296
-0.0021216785826992965
-0.0021719381949614138
-0.002220986858800351
-0.0022671891565518502
-0.0023122205401693873
-0.0023550300539652465
-0.002396386600448835
-0.002438017807798413
-0.002478940271392027
-0.002520803660237406
-0.002563382002076307
-0.002603546761688376
-0.002634669428542914
-0.0026605696067994802
-0.0026812197074294955
-0.0026972359555581605
-0.002708419081287888
-0.002712806972416304
-0.0027111550728224736
-0.0027030626051552822
-0.002690749870033625
-0.002672942204930364
-0.0026506842224701043
-0.002624135097291617
-0.0025929581982091273
-0.002555497735716557
-0.0025132511074499536
-0.0024654323171011423
-0.0024116216774512575
-0.002353479219989081
-0.002289085015057804
-0.002220062247663287
-0.002147041149403442
-0.002068842100278202
-0.001986839412410821
-0.001900579618273335
-0.0018135647557270247
-0.0017236360960239101
-0.0016305415652278752
-0.001536752891404494
-0.001440816283031629
-0.001344543808007925
-0.0012463273444674441
-0.0011472529629535416
-0.0010489956484125347
-0.000949283334879298
-0.0008506759254138471
-0.0007518956318547667
-0.0006511132473844733
-0.0005437993514811188
-0.0004291972390327205
-0.000308704385820665
-0.00018946312151202889
-7.815825704592206e-05
1.8348393045306643e-05
0.0001024135409467338
0.00018184872464308127
0.00025428355771958135
0.00031703483595857314
0.0003699634812153539
0.00041711892031737175
0.0004574271063788445
0.0004946678801349089
0.0005294244537948091
0.0005602529102206066
0.0005863403850888864
0.0006081114955567313
0.0006246329357823868
0.0006366666793451852
0.0006426180876524904
0.0006441852175962401
0.0006401525087866652
0.0006311447659169438
0.0006192557302211677
0.0006025017260515591
0.0005812612077048502
0.0005565051443155669
0.0005278504079375449
0.0004957483735569859
0.0004615505451367701
0.0004255858480057438
0.00038626079534084253
0.00034471679538979077
0.0003011220101797219
0.00025641091120035545
0.00020941403242000776
0.00016109426681327547
0.00011098883868954296
5.9504267560770575e-05
6.377950561172773e-06
-4.902909697270528e-05
-0.00010479172909472705
-0.00014370459386691791
0.012986526575953127
0.012828632740846373
0.012660606209985336
0.012484202606861889
0.012300233176724695
0.012107240725894544
0.01190460958370612
0.011694354157208911
0.011477289631172902
0.011252681387974427
0.011021040538471057
0.010784382024226984
0.010541364155537414
0.010294256565440843
0.010044536722311374
0.009793111356756718
0.009540570851798883
0.009289753549774028
0.009041347896928136
0.008797465488443028
0.008558818414976696
0.008326109328366242
0.008102098617602806
0.007887653659115186
0.007683494816509144
0.007491113058230354
0.007311440501178154
0.007147158455347272
0.0069984070457270444
0.00686580003535646
0.006751615649842393
0.006651889058223384
0.006566122723786771
0.006490456745004623
0.006428120364712338
0.006373257377081739
0.0063300323810363155
0.006302878486557939
0.006295581471784759
0.006301750879589729
0.006318505047081384
0.006346990349667349
0.006389976319236523
0.006445123712419055
0.006512606560046099
0.006591426641650167
0.006680066901806856
0.00677650195063501
0.006880459903379259
0.0069908087885350145
0.007108059906589145
0.007230848119124699
0.007358714975107715
0.00749033459877518
0.007626965939486456
0.007767664334806332
0.007911454408885738
0.008058457991531516
0.00820892207166224
0.008361079846484869
0.008515960249777738
0.008672701637993167
0.008832808607314889
0.008993823803030924
0.00915707116205496
0.009321850329002445
0.00948819605850383
0.009655850648590045
0.00982526820278401
0.00999549046126744
0.010166674578921609
0.010339732211052383
0.010514613476674128
0.010689971659192138
0.010866393688193185
0.011043799212292146
0.011224620623794777
0.01140894031246692
0.011598292866994894
0.011792595520133077
0.011989643553530072
0.012189701544182441
0.012394652356400805
0.0126019574575982
0.012808975366217355
0.013015760503690651
0.013220095523078063
0.013421341480101292
0.013620636693902186
0.013815726046646243
0.014005993253694058
0.014189376169555887
0.014364264173413273
0.01452982068562947
0.01468719632681513
0.01483356225121642
0.014967509232437426
0.015089454028855255
0.015195315393721284
0.015284976349293714
0.015358354259656086
0.015416496805020923
0.01545725265375917
0.015481862115370533
0.015492335232610545
0.015487633924206415
0.015471464780757754
0.015440758608551947
0.015399118535904765
0.015344851253308653
0.015280505038304531
0.015204900580429233
0.0151194716101557
0.01502371443086267
0.014916434990107324
0.01479832550452509
0.01466854260741025
0.01452700302683646
0.014423681065440019
0.003299045699520837
0.0030798175969603023
0.0028553662110352143
0.0026269972181525874
0.0023942817067291113
0.0021587080892999985
0.0019200615022154188
0.00167994332581507
0.0014374747278121502
0.0011945063304862665
0.000950621715952348
0.0007064160720622587
0.00046233668864182394
0.0002195948100296201
-2.216699684257645e-05
-0.00026083014586664773
-0.000497636782706928
-0.0007289857403160133
-0.0009557385081917593
-0.0011757497481050118
-0.001388666808964528
-0.001593684956256502
-0.0017906430729659533
-0.0019761039961944363
-0.0021519175529715147
-0.002316378254356141
-0.0024694452180107234
-0.002609009033979406
-0.002735450738738727
-0.002848350635031999
-0.002946443542641718
-0.0030335086779337103
-0.0031098836123010765
-0.0031785632937203047
-0.003242429189409204
-0.0033026128203741388
-0.0033618200735403437
-0.003409198199520396
-0.0034411030304811073
-0.0034614297499916263
-0.0034723159646880505
-0.003471894209940618
-0.003459634150590286
-0.003433674514334873
-0.003394114055213084
-0.003342642590507917
-0.003279969100875661
-0.0032064859712565507
-0.0031243795304029937
-0.0030336731412791253
-0.0029348563637349337
-0.002829226659205301
-0.002716141014985942
-0.0025978037138347635
-0.002471972264078281
-0.0023422863733210345
-0.0022067965757622335
-0.0020662556722531684
-0.0019220241210236664
-0.0017728182655026197
-0.0016205971359649829
-0.0014630645852042891
-0.0013020313521835125
-0.0011373974781002552
-0.0009689101275529056
-0.0007964460561600834
-0.0006216909642647223
-0.000442945273348202
-0.0002619674168298314
-7.818241158408721e-05
0.00010722698176067431
0.00029547522384169584
0.00048572521018021416
0.0006770796021586404
0.0008700260591219572
0.0010653967128112065
0.0012640035244564387
0.001465768959156886
0.001671069449594822
0.0018768384170638117
0.0020813099364588193
0.0022849232512064076
0.0024901557225205646
0.0026949599466182085
0.0028978408768350864
0.0030990629328194745
0.0032977859088766043
0.003496105231371821
0.0036929594924028993
0.003889295783123859
0.00408370483428012
0.004274072423308672
0.0044568118135427486
0.004632701082206524
0.004799685399612381
0.004954786260957544
0.005098178083336886
0.005227563949508304
0.005342139607288473
0.005440603145588724
0.0055216112482411725
0.0055859445311676505
0.005631156459249785
0.005655409062666706
0.005659773841455699
0.005645071195416768
0.005613036424474424
0.005562474475024772
0.005493562723543966
0.005408304079415106
0.005306237986787724
0.005189844780450886
0.005057359146002582
0.004912503913551308
0.004752112645229291
0.004580827041993637
0.0043973830720660636
0.004202912638260307
0.004065296738831845
0.06920060745088077
0.06909619073729058
0.06897800884764911
0.06884737854539939
0.0687040825604721
0.06855005905893612
0.06838521670911465
0.06821028736470088
0.06802658584153298
0.06783422224493953
0.06763367946752437
0.06742440269849241
0.0672076701765449
0.06698383909296919
0.0667522594521449
0.06651191061415615
0.06626445728014166
0.06600918396382094
0.06574641327648964
0.06547620586748314
0.06519943671783518
0.06491750402470065
0.06462986578087573
0.06433787198710858
0.06404174246996072
0.06374501148263091
0.06344567267659808
0.06314801976914554
0.06285038503554964
0.0625564509923449
0.06226709776442043
0.06198339109691626
0.06170697987336138
0.061437239282568425
0.06117725544100011
0.06092524090323512
0.060682319932481216
0.060449053038829824
0.06022922560958449
0.06002431751214861
0.05983520488789436
0.05966356894094025
0.059511555910676334
0.059380109248994464
0.059269949585953635
0.05918246744611181
0.059117700370527854
0.05907488302439579
0.0590522560891158
0.05904980556731658
0.05906535216115109
0.05909923972683637
0.05914865316894989
0.0592144009801203
0.05929466446810412
0.05938823721481032
0.05949533525376687
0.05961371835263975
0.0597425731261116
0.05988333469263207
0.06003283395999893
0.060191614079031945
0.0603588955254862
0.060533792332263574
0.0607149882885745
0.060903828182071004
0.06109808818007328
0.06129692221939862
0.06150080485008521
0.06170823716062934
0.06192011508707353
0.062134334925326364
0.06235070820878296
0.06257021382679315
0.06279100615564762
0.06301372681474855
0.06323765184511772
0.06346374107383872
0.06369166963560174
0.06392129166263089
0.06415199316529167
0.06438377931072727
0.06461523938672802
0.06484695099989618
0.06507827973804871
0.0653089128530379
0.06553689548567042
0.06576304209672464
0.06598627926446798
0.06620593654419235
0.06642206608522021
0.06663356420694308
0.06684039349801602
0.06704322830402229
0.06724085873644671
0.06743242372030488
0.06761974577793929
0.06780019063411451
0.06797421481168282
0.06813970911953107
0.06829770615634477
0.06844690086812655
0.0685867382204869
0.06871446274405114
0.06883213935204781
0.06893688087813345
0.06902870045522275
0.06910735643061984
0.06917220414303156
0.06922237664584208
0.06925755518500364
0.06927889151110145
0.06928371227929
0.06927323495548808
0.06924791392139575
0.06920616571472263
0.06914864295963981
0.06907644179177007
0.06901897108337647
-0.016142741928898568
-0.016298858374457933
-0.016468001180113562
-0.0166505158623363
-0.01684368103659538
-0.017047029944779867
-0.017259222676701623
-0.017479086441883784
-0.01770695051625907
-0.01794062145224312
-0.01818077437432963
-0.01842584755573199
-0.01867592615577821
-0.01893116814489356
-0.019191220919160326
-0.019454212076383398
-0.019721714003550654
-0.0199913207830655
-0.020262831249190094
-0.020537264271298802
-0.020811799942483
-0.02108655407233732
-0.021358967925191027
-0.021627138362467078
-0.02189215543736777
-0.022150449225602768
-0.022400840045086256
-0.022643095415913684
-0.02287615403459755
-0.02309801239792957
-0.023308543498925867
-0.02350718525411296
-0.023693391759631543
-0.023867330754662318
-0.024027820789662903
-0.024176014711110853
-0.02431136163979071
-0.0244344223282363
-0.024540744589118448
-0.024627730040061406
-0.02469508201242603
-0.024742599004617078
-0.02477116821450359
-0.024779447002508278
-0.024766462277106938
-0.0247329089412997
-0.024681287486611213
-0.024612106772338275
-0.024527217092066067
-0.024429795143574025
-0.024321056090231316
-0.02420106001041458
-0.02407325426117064
-0.023936894989267536
-0.02379463614727102
-0.023645692447402722
-0.023491442271035595
-0.02333368670753421
-0.02317246555563806
-0.023007588652415107
-0.022841456739969894
-0.022672599173304313
-0.022503008620233803
-0.0223310731586063
-0.022159073745150793
-0.021984855533258307
-0.021811269342400113
-0.021638417857150875
-0.021465281945854696
-0.02129175375028566
-0.021119620007885306
-0.020947894485576424
-0.020776701080288975
-0.02060550841822312
-0.02043546761914762
-0.02026641436627955
-0.020097879822505785
-0.01993066215233074
-0.01976266485192713
-0.01959472706166869
-0.019427109580020648
-0.01925895404406257
-0.019089857518205945
-0.018921120692227837
-0.018751227612952413
-0.018580502354908417
-0.018409517112098157
-0.018235865579392992
-0.018062245422664613
-0.017886670887392882
-0.017709490811640256
-0.017531972154296388
-0.017354798845835916
-0.017179548351553633
-0.017006928681614016
-0.016838448137420976
-0.01667619950505782
-0.016521993360326725
-0.016376209554181283
-0.01624049325451564
-0.016116062138098915
-0.01600376246945594
-0.015903404536979235
-0.015817658161823345
-0.01574503341261721
-0.015688288717115403
-0.015647475152759542
-0.015620582838690462
-0.015608807250114867
-0.015611533174502434
-0.015629546884808235
-0.015662045465986554
-0.015708934620028252
-0.01577221897888443
-0.015850230907190798
-0.0159436907937345
-0.016051669804321447
-0.01617511785570159
-0.016266305800830754
0.01895483213229585
0.0188802115977006
0.018798189242808412
0.018709805528241048
0.018613883399323673
0.01851271889426276
0.018407799833244615
0.01829711484970033
0.01818225114277432
0.0180628468973236
0.017939805002347237
0.017811233744343978
0.0176784457947267
0.017541046457360078
0.017398497700950758
0.01724825334460502
0.017091964773773196
0.016929551916152027
0.016759792332202525
0.016583468041660807
0.016401028321381246
0.016212273213349667
0.01601858112891188
0.015819082454540976
0.01561567833905956
0.01540888813395215
0.015199633836837622
0.014989714379974336
0.01477926302301736
0.014569413827570562
0.014361720029813585
0.01415735629611707
0.013956517269097957
0.0137588041932605
0.01356682742744872
0.01337967273676458
0.013197637368080276
0.013021265058733304
0.01285441808325176
0.012701988220885238
0.012562833684238382
0.01243941671636425
0.0123322783043204
0.012245304634907965
0.012177248799001934
0.012130711538269306
0.01210689967371155
0.012100642428453772
0.012112523635293903
0.01214088362423656
0.012181965962504128
0.012235843807712404
0.012301940973658963
0.012376899748170174
0.012462242464052213
0.012554230429063767
0.012654008660054039
0.012761128846038871
0.012872960242829088
0.012990205869371598
0.013111990229136115
0.013238584854939608
0.013367961327785666
0.013501083524906502
0.013637075992729116
0.01377514145602219
0.013914687346723256
0.014056812935980115
0.014199941148866928
0.014343518743621095
0.014487458613819768
0.01463217419072723
0.014776515912023695
0.014920485069496638
0.015064670475926988
0.01520803900627973
0.01535255884278103
0.015495409791725033
0.01564056370332104
0.015785010581942704
0.015930582392946886
0.016076219009193482
0.01622205273556886
0.01636710218696502
0.016512419373708384
0.016656299298934245
0.016798788700981136
0.01694072166618101
0.017080681844670202
0.017218524940434243
0.017355658540956997
0.017491092893662363
0.017623596801485064
0.017754745215007018
0.01788326088645679
0.018008063294910216
0.018129539983307824
0.018245832322053818
0.01835886685787784
0.018464843239292022
0.01856522764811336
0.01865785718912524
0.01874339964163272
0.018820321570259545
0.01888905522833183
0.01894798848409335
0.018997046192543374
0.019036686100350336
0.0190668261332962
0.019086633619141806
0.01909638832551598
0.019096378218162218
0.019087162978145642
0.019067099834031927
0.019037925771377084
0.018999064289847448
0.018951224478276258
0.01889400395818663
0.018850772798836932
-0.04769021643918013
-0.047800429804018225
-0.047915654025839007
-0.04803602141258651
-0.0481603442501626
-0.048287635152722025
-0.04841653640884349
-0.04854903374299368
-0.048681779763167295
-0.048816584693425764
-0.048952196748449174
-0.049088034805195586
-0.04922506777954584
-0.04936244835822709
-0.04950122818897826
-0.04964028979785781
-0.04977956253511569
-0.049922022105832096
-0.05006395753989942
-0.05020724466317772
-0.05035145086596079
-0.05049566818390504
-0.0506403919646648
-0.050785597929649505
-0.050928816679704766
-0.05107153282539316
-0.0512123768185239
-0.0513514156358307
-0.051486786720537484
-0.051618126482700574
-0.05174543795224313
-0.051869454186508304
-0.05198676516083712
-0.05209925012151305
-0.0522066887423358
-0.05230913720193799
-0.05240663333500515
-0.0524984089313624
-0.05258153375552422
-0.0526529954895813
-0.05271206641861256
-0.05275717529567442
-0.05278692870855712
-0.05280198246241521
-0.05280165916105038
-0.052787005790282074
-0.052757469271279875
-0.0527140829206922
-0.05265944050332717
-0.05259408480381089
-0.05252051080785045
-0.05243963383438618
-0.0523521952682582
-0.05225878560811674
-0.05216077303800002
-0.052058983832542545
-0.051953878990582895
-0.05184502882274298
-0.05173534480159218
-0.05162311078079149
-0.05150907766839608
-0.051394543282573125
-0.051279221880210155
-0.05116199295879388
-0.05104477101277616
-0.050928709826667126
-0.05081171132780179
-0.05069468553291135
-0.05057778843577309
-0.05046210561157606
-0.0503472315350001
-0.05023332199079437
-0.050119761460234634
-0.05000690543212894
-0.0498953751820826
-0.04978466928221006
-0.04967523688265515
-0.049566633450324485
-0.04945844769234839
-0.049349490191400225
-0.04924141925400817
-0.04913392449312881
-0.04902548400144046
-0.048917717996070025
-0.048809563140155436
-0.04870060142052277
-0.04859228573350665
-0.04848359352251211
-0.048374802218148036
-0.04826601178969609
-0.048157526636921265
-0.048049421960557843
-0.04794191829250036
-0.04783785188739486
-0.04773680487209522
-0.04764006610393139
-0.047548657947763494
-0.04746373447713943
-0.047385312370441725
-0.04731544241993475
-0.04725379184546145
-0.04720244399716284
-0.04716035885727467
-0.047129054128735415
-0.04710813571613025
-0.04709813851252595
-0.04709880211470459
-0.047110290993901786
-0.047131175878084255
-0.04716202570226876
-0.04720247123955011
-0.04725123128485916
-0.04730860674030618
-0.047374514236821534
-0.04744735148014287
-0.047529474820726524
-0.047617602630022945
-0.047713303446109474
-0.04778149135742037
-0.010690256014541523
-0.010677418959937292
-0.01066826511058054
-0.010661801006031054
-0.010659100233880073
-0.010662394765216918
-0.010670192747768087
-0.01068427438784281
-0.010705085327021675
-0.0107350369663022
-0.010774827395206998
-0.010823917450075382
-0.010881349892377769
-0.010946995974490085
-0.011018499846076881
-0.011095813051633888
-0.01118005616780017
-0.011269693013769398
-0.011365133248408267
-0.011465030530422336
-0.011569383178520647
-0.011675422551196022
-0.011780942266907107
-0.011887368021123173
-0.011990458979733208
-0.012091734539356008
-0.012189933427764966
-0.01228348789557637
-0.012372821726914904
-0.012457888673933895
-0.012538660787321769
-0.012617834522940472
-0.012699042880417247
-0.012784088661405275
-0.012873975752200506
-0.012966786664328541
-0.01306527871460221
-0.013167366291911637
-0.013255744346951268
-0.013323010967892906
-0.013368876588494819
-0.013395715364377935
-0.013402799069123181
-0.013389658645404081
-0.013354290579540797
-0.013298521748303739
-0.013223436709018406
-0.013132715065738165
-0.013033995647341272
-0.012927951512211499
-0.012816926050517284
-0.012702572369069342
-0.01258461036683423
-0.01246279280330094
-0.012337735454210018
-0.01220693844704912
-0.012071876746823097
-0.011931168961456379
-0.011785496071384356
-0.01163290872275099
-0.011474935622644318
-0.011310750179842571
-0.011142315495609822
-0.010971369940118346
-0.010796240911932356
-0.010620911139540723
-0.010444310667607176
-0.010267354390128406
-0.010090675386310538
-0.009913824353991027
-0.009737036587532935
-0.009561618631826052
-0.009387496355565262
-0.00921618219830149
-0.009045089509976562
-0.00887365412731278
-0.008696462519191928
-0.00850774329008291
-0.008307444700966308
-0.00810240680582088
-0.007903534470665387
-0.007719937000103465
-0.007561553439575441
-0.007430476183824644
-0.007329606310047507
-0.007283566844528271
-0.007301624789135795
-0.007373012617883941
-0.007478007841070795
-0.007601531340805932
-0.0077233502857559574
-0.007830972748246217
-0.007929745595821687
-0.008033030442411163
-0.008146022424848801
-0.00827396754300466
-0.008417532394720638
-0.008574500914726379
-0.00873815428642066
-0.008903300516679251
-0.009065102148216875
-0.009221869454880374
-0.009371071284800917
-0.009509335082403056
-0.009633409486411828
-0.00974270708641601
-0.009835959400130634
-0.009912776789972442
-0.009973166960101322
-0.01001577890134456
-0.010044074167990044
-0.010062589025223433
-0.01007498636868917
-0.010086094557708527
-0.010097032371384637
-0.010111681636502303
-0.010127978750476205
-0.010148640816522206
-0.010165315461447505
