290.5231
290.7509
290.9634
291.1674
291.3632
291.55
291.7184
291.8738
292.0176
292.15
292.2685
292.3605
292.4364
292.4972
292.5433
292.5762
292.5994
292.6095
292.6066
292.5909
292.562
292.5192
292.4638
292.3962
292.3165
292.2255
292.1251
292.0152
291.8957
291.7669
291.642
291.5282
291.4143
291.3
291.1855
291.0751
290.97
290.8676
290.7682
290.6718
290.5794
290.4914
290.225
290.0661
289.9132
289.7618
289.6107
289.4594
289.308
289.1568
289.0078
288.8599
288.7128
288.5666
288.4213
288.2751
288.1295
287.9849
287.8413
287.6987
287.5581
287.4186
287.2801
287.1427
287.0061
286.8702
286.7352
286.6014
286.4686
286.3369
286.2064
286.0769
285.9485
285.8211
285.6945
285.5685
285.4436
285.9148
286.0034
286.0726
286.1333
286.1917
286.2486
286.3039
286.3236
286.296
286.255
286.2011
286.1347
286.1127
286.1384
286.1705
286.2076
286.2493
286.2936
286.347
286.4111
286.4863
286.5729
286.6677
286.7729
286.8906
287.021
287.1642
287.3194
287.4865
287.6648
287.8538
288.0536
288.2772
288.5109
288.7533
289.0044
289.2632
289.5182
289.7739
290.0309
290.2892
290.4654
290.9543
291.1762
291.3797
291.5684
291.7454
291.9122
292.0672
292.2083
292.3364
292.4526
292.5574
292.6476
292.7222
292.7819
292.8272
292.8588
292.8787
292.8872
292.8843
292.8698
292.8436
292.8065
292.7588
292.7005
292.6312
292.5513
292.4627
292.3662
292.2617
292.1487
292.0293
291.9135
291.8027
291.6958
291.5918
291.4911
291.3955
291.3056
291.2216
291.1435
291.0715
291.007
290.8886
290.6986
290.5083
290.3257
290.15
289.9796
289.8135
289.651
289.4916
289.3352
289.1816
289.0302
288.881
288.7339
288.5887
288.4454
288.3037
288.1636
288.0246
287.8866
287.7496
287.6136
287.4787
287.3452
287.2131
287.0824
286.953
286.8247
286.6975
286.5712
286.446
286.3218
286.1986
286.0768
285.956
286.0159
286.3294
286.6118
286.823
286.9917
287.134
287.258
287.3664
287.4488
287.5058
287.5416
287.5588
287.5532
287.5164
287.4599
287.3932
287.3201
287.2532
287.2174
287.2107
287.228
287.2652
287.3206
287.3963
287.4923
287.607
287.739
287.888
288.0539
288.2349
288.4289
288.6342
288.8525
289.0821
289.3201
289.5643
289.8136
290.0564
290.2912
290.5227
290.752
290.9069
296.3981
296.476
296.5529
296.6286
296.7029
296.7759
296.847
296.916
296.9826
297.0469
297.1087
297.1678
297.2239
297.2771
297.3272
297.3742
297.4176
297.4572
297.4928
297.5245
297.552
297.5753
297.5943
297.609
297.6194
297.6256
297.6279
297.6262
297.6207
297.6113
297.5984
297.5834
297.5668
297.5487
297.5293
297.5087
297.4878
297.4668
297.4457
297.4246
297.4037
297.3835
297.3494
297.2965
297.2386
297.177
297.1126
297.046
296.9775
296.9073
296.8358
296.763
296.6892
296.6145
296.5389
296.4626
296.3855
296.3078
296.2295
296.1507
296.0714
295.9916
295.9113
295.8307
295.7497
295.6684
295.587
295.5054
295.4238
295.342
295.2601
295.1779
295.0956
295.0131
294.9305
294.8478
294.765
294.7164
294.6994
294.6871
294.6785
294.673
294.6703
294.67
294.6721
294.677
294.6847
294.6952
294.7085
294.7245
294.744
294.767
294.7935
294.8236
294.8572
294.8939
294.9337
294.9766
295.0226
295.0717
295.1237
295.1786
295.2365
295.2973
295.3609
295.4267
295.4947
295.5648
295.6371
295.711
295.786
295.8621
295.9391
296.0171
296.0955
296.1738
296.2521
296.3301
296.383
289.9426
290.0388
290.1314
290.2196
290.3038
290.3843
290.461
290.5328
290.5996
290.6615
290.7186
290.77
290.8143
290.8516
290.8821
290.9062
290.9235
290.9331
290.935
290.9294
290.9162
290.8953
290.8663
290.8291
290.7841
290.7315
290.6716
290.6048
290.5314
290.4519
290.367
290.2803
290.1959
290.1155
290.0403
289.9711
289.9118
289.8666
289.8387
289.8295
289.8394
289.8683
289.8915
289.858
289.7963
289.7232
289.646
289.5679
289.4904
289.4141
289.3395
289.2664
289.1951
289.1252
289.0567
288.9894
288.9231
288.8578
288.7934
288.7297
288.6669
288.6047
288.5432
288.4823
288.4219
288.3621
288.3028
288.2438
288.1853
288.1272
288.0695
288.0123
287.9556
287.8995
287.8439
287.7889
287.7344
287.6971
287.7207
287.7911
287.8816
287.9713
288.0489
288.1098
288.1532
288.1797
288.1904
288.1859
288.1673
288.1366
288.1025
288.0728
288.0513
288.0399
288.0393
288.05
288.0719
288.1045
288.1472
288.1992
288.2593
288.3265
288.4003
288.4804
288.5662
288.6563
288.7498
288.8465
288.9463
289.0485
289.1512
289.2542
289.3575
289.4613
289.565
289.6674
289.768
289.8669
289.9332
291.1959
291.2651
291.3308
291.394
291.4551
291.5146
291.5725
291.6277
291.6799
291.729
291.7751
291.8179
291.8568
291.891
291.9203
291.9446
291.963
291.9744
291.9787
291.9759
291.9664
291.9503
291.9275
291.898
291.8621
291.8202
291.7726
291.7195
291.6608
291.5972
291.5289
291.458
291.3868
291.3168
291.2488
291.1833
291.1207
291.0616
291.0064
290.9557
290.9098
290.8692
290.834
290.8027
290.7727
290.7423
290.7104
290.6769
290.6417
290.6051
290.5674
290.5289
290.4897
290.45
290.41
290.3698
290.3295
290.2892
290.2489
290.2085
290.1682
290.1279
290.0876
290.0474
290.0073
289.9672
289.9272
289.8872
289.8472
289.8074
289.7677
289.7287
289.6904
289.6534
289.6177
289.5836
289.5512
289.5304
289.5499
289.6083
289.6912
289.781
289.8639
289.9322
289.9834
290.0169
290.0329
290.0322
290.0163
289.9867
289.9508
289.9155
289.8847
289.8605
289.8441
289.8364
289.8381
289.8494
289.8704
289.9003
289.9385
289.9842
290.0368
290.0956
290.1602
290.2295
290.3025
290.3786
290.4575
290.5384
290.6201
290.7019
290.7836
290.865
290.9459
291.0251
291.102
291.1767
291.2263
289.5659
289.6197
289.6748
289.731
289.7881
289.8456
289.9034
289.9611
290.0187
290.0757
290.132
290.1873
290.2414
290.2941
290.3451
290.394
290.4408
290.4852
290.5269
290.5657
290.6015
290.6339
290.6629
290.6884
290.71
290.7279
290.7418
290.7517
290.7576
290.7597
290.758
290.7525
290.7437
290.7318
290.7174
290.7008
290.6825
290.6629
290.6426
290.6222
290.6023
290.5836
290.5668
290.5518
290.537
290.521
290.503
290.4828
290.4603
290.4355
290.4088
290.3802
290.3501
290.3187
290.2861
290.2525
290.2181
290.1828
290.1469
290.1103
290.073
290.0353
289.9971
289.9586
289.9198
289.8808
289.8417
289.8022
289.7624
289.7222
289.6816
289.6406
289.5994
289.5579
289.5162
289.4744
289.4325
289.3905
289.3495
289.3118
289.28
289.2553
289.2375
289.2256
289.2181
289.2136
289.2105
289.2076
289.2038
289.198
289.1899
289.1791
289.166
289.1515
289.1361
289.1206
289.1058
289.0924
289.0809
289.072
289.066
289.0633
289.0642
289.0689
289.0775
289.0901
289.1067
289.1273
289.1517
289.1799
289.2116
289.2468
289.2852
289.3264
289.3704
289.4168
289.4655
289.5162
289.5517
290.1035
290.114
290.1249
290.1362
290.1478
290.1597
290.1719
290.1841
290.1964
290.2087
290.2209
290.2331
290.2452
290.2572
290.269
290.2806
290.292
290.303
290.3136
290.3237
290.3333
290.3423
290.3507
290.3585
290.3655
290.3718
290.3773
290.382
290.3859
290.3889
290.391
290.3923
290.3929
290.3929
290.3923
290.3911
290.3895
290.3876
290.3854
290.3831
290.3808
290.3786
290.3766
290.3745
290.372
290.3692
290.3659
290.3621
290.358
290.3535
290.3486
290.3433
290.3377
290.3317
290.3255
290.3189
290.312
290.3048
290.2974
290.2896
290.2817
290.2734
290.2649
290.2561
290.2471
290.2379
290.2284
290.2187
290.2087
290.1986
290.1882
290.1776
290.1668
290.1557
290.1445
290.1331
290.1214
290.1102
290.1014
290.096
290.0935
290.093
290.0936
290.0945
290.0955
290.0958
290.0952
290.0933
290.09
290.0854
290.0798
290.0737
290.0673
290.0608
290.0543
290.0481
290.0422
290.0368
290.0321
290.0279
290.0246
290.022
290.0204
290.0196
290.0198
290.0209
290.0228
290.0256
290.0292
290.0336
290.0387
290.0447
290.0513
290.0587
290.0667
290.0754
290.0846
290.0942
290.1011
299.6835
299.7053
299.7286
299.7532
299.7791
299.8061
299.8343
299.8635
299.8936
299.9245
299.9562
299.9886
300.0215
300.0548
300.0884
300.1221
300.1557
300.1892
300.2223
300.255
300.287
300.3183
300.3488
300.3781
300.4063
300.4331
300.4584
300.4823
300.5046
300.5252
300.5442
300.5615
300.5774
300.592
300.6052
300.6173
300.6281
300.6379
300.6466
300.6542
300.6608
300.6664
300.6709
300.6741
300.6757
300.6759
300.6747
300.6722
300.6684
300.6634
300.6573
300.65
300.6417
300.6323
300.6219
300.6106
300.5984
300.5852
300.5712
300.5564
300.5408
300.5244
300.5072
300.4894
300.4708
300.4515
300.4315
300.4109
300.3897
300.3678
300.3454
300.3223
300.2988
300.2747
300.25
300.2249
300.1992
300.1731
300.1467
300.12
300.0931
300.0662
300.0391
300.012
299.9847
299.9574
299.93
299.9025
299.875
299.8476
299.8204
299.7936
299.7675
299.7421
299.7176
299.6944
299.6725
299.6522
299.6336
299.6168
299.6019
299.5889
299.5781
299.5693
299.5628
299.5584
299.5562
299.5561
299.5582
299.5624
299.5686
299.5768
299.5869
299.599
299.6128
299.6285
299.6458
299.6647
299.6785
293.3806
293.4045
293.4299
293.4565
293.4844
293.5134
293.5434
293.5743
293.6059
293.6381
293.6708
293.7038
293.7368
293.7698
293.8025
293.835
293.867
293.8983
293.9288
293.9585
293.9871
294.0145
294.0406
294.0653
294.0884
294.1098
294.1296
294.1476
294.1639
294.1783
294.1909
294.2018
294.2112
294.2192
294.2261
294.2318
294.2366
294.2405
294.2437
294.2462
294.2481
294.2495
294.2504
294.2503
294.249
294.2466
294.243
294.2383
294.2326
294.2259
294.2183
294.2097
294.2002
294.19
294.1788
294.1669
294.1542
294.1408
294.1267
294.1118
294.0963
294.0801
294.0633
294.0458
294.0278
294.0092
293.99
293.9702
293.9499
293.9291
293.9078
293.8861
293.864
293.8415
293.8186
293.7954
293.7719
293.7482
293.7247
293.7016
293.6791
293.6571
293.6353
293.6136
293.592
293.5703
293.5485
293.5266
293.5043
293.4819
293.4593
293.4368
293.4146
293.3928
293.3716
293.3514
293.3323
293.3145
293.2982
293.2835
293.2706
293.2596
293.2505
293.2434
293.2385
293.2357
293.235
293.2365
293.2401
293.246
293.2539
293.264
293.2761
293.2902
293.3063
293.3241
293.3437
293.365
293.3804
300.0818
300.1002
300.1211
300.1445
300.1701
300.1979
300.2279
300.2599
300.2937
300.3293
300.3665
300.4052
300.4452
300.4864
300.5285
300.5715
300.6152
300.6593
300.7038
300.7483
300.7928
300.837
300.8808
300.924
300.9664
301.0077
301.0479
301.0867
301.1241
301.1599
301.194
301.2263
301.2567
301.2854
301.3122
301.3373
301.3606
301.3824
301.4028
301.4218
301.4395
301.4562
301.4718
301.4862
301.4991
301.5104
301.5197
301.5271
301.5325
301.5358
301.5371
301.5362
301.5334
301.5286
301.5218
301.5132
301.5028
301.4907
301.477
301.4617
301.4448
301.4265
301.4068
301.3858
301.3635
301.34
301.3153
301.2895
301.2627
301.2349
301.2061
301.1765
301.1459
301.1145
301.0824
301.0495
301.0158
300.9815
300.9466
300.9112
300.8754
300.8395
300.8034
300.7674
300.7314
300.6956
300.6598
300.6243
300.589
300.5538
300.5188
300.4841
300.4497
300.4156
300.3819
300.3489
300.3165
300.2849
300.2544
300.2252
300.1973
300.171
300.1465
300.1239
300.1034
300.0851
300.0692
300.0558
300.0449
300.0367
300.0312
300.0284
300.0284
300.0312
300.0367
300.045
300.0561
300.0698
300.0806
295.6553
295.6823
295.7123
295.7453
295.7811
295.8196
295.8607
295.9041
295.9498
295.9975
296.047
296.0983
296.151
296.2049
296.26
296.3158
296.3724
296.4293
296.4864
296.5436
296.6005
296.6569
296.7127
296.7675
296.8212
296.8736
296.9243
296.9733
297.0203
297.0653
297.1081
297.1487
297.1869
297.2228
297.2564
297.2878
297.317
297.3441
297.3691
297.3922
297.4134
297.4327
297.4502
297.4656
297.4786
297.4889
297.4964
297.5011
297.503
297.5022
297.4986
297.4923
297.4835
297.4723
297.4588
297.443
297.4251
297.4052
297.3834
297.3598
297.3346
297.3078
297.2795
297.2498
297.2189
297.1867
297.1533
297.1189
297.0835
297.0471
297.0098
296.9718
296.9329
296.8934
296.8531
296.8123
296.7708
296.7288
296.6863
296.6433
296.5998
296.556
296.5118
296.4673
296.4226
296.3776
296.3325
296.2874
296.2422
296.1971
296.1521
296.1074
296.0631
296.0194
295.9764
295.9343
295.8933
295.8538
295.8159
295.7798
295.7458
295.7142
295.685
295.6586
295.635
295.6145
295.5971
295.583
295.5723
295.5651
295.5613
295.5612
295.5646
295.5716
295.5822
295.5964
295.6139
295.6349
295.651
306.728
306.7409
306.7562
306.7737
306.7934
306.8153
306.8392
306.8651
306.8929
306.9225
306.9538
306.9867
307.021
307.0567
307.0935
307.1314
307.1701
307.2096
307.2497
307.2902
307.331
307.3719
307.4128
307.4535
307.4938
307.5335
307.5726
307.6108
307.6482
307.6844
307.7196
307.7535
307.7861
307.8176
307.8478
307.8769
307.905
307.932
307.9581
307.9833
308.0078
308.0315
308.0545
308.0765
308.0969
308.1152
308.1311
308.1446
308.1555
308.1637
308.1695
308.1727
308.1735
308.172
308.1682
308.1624
308.1547
308.145
308.1335
308.1204
308.1057
308.0894
308.0717
308.0527
308.0323
308.0107
307.988
307.9641
307.9392
307.9133
307.8864
307.8586
307.8299
307.8004
307.77
307.7388
307.7069
307.6743
307.641
307.6071
307.5728
307.5382
307.5035
307.4686
307.4336
307.3986
307.3635
307.3285
307.2935
307.2584
307.2234
307.1884
307.1537
307.1191
307.085
307.0513
307.0183
306.9861
306.9548
306.9248
306.8961
306.8688
306.8432
306.8194
306.7975
306.7775
306.7597
306.7441
306.7307
306.7197
306.7111
306.7049
306.7011
306.6998
306.701
306.7047
306.7108
306.7194
306.7265
305.5032
305.5166
305.5324
305.5506
305.571
305.5937
305.6184
305.6452
305.6739
305.7044
305.7366
305.7704
305.8056
305.8421
305.8798
305.9186
305.9582
305.9986
306.0395
306.081
306.1227
306.1645
306.2063
306.248
306.2893
306.3302
306.3704
306.4098
306.4483
306.4857
306.522
306.5571
306.5909
306.6234
306.6547
306.6846
306.7133
306.7407
306.7669
306.7919
306.8158
306.8385
306.8602
306.8806
306.8994
306.9164
306.9314
306.9444
306.9551
306.9637
306.97
306.974
306.9759
306.9756
306.9732
306.9687
306.9623
306.9539
306.9438
306.9318
306.9182
306.903
306.8863
306.868
306.8484
306.8275
306.8053
306.782
306.7574
306.7319
306.7052
306.6776
306.6491
306.6197
306.5895
306.5584
306.5266
306.494
306.4608
306.427
306.3925
306.3575
306.3221
306.2863
306.2501
306.2136
306.177
306.1401
306.1032
306.0662
306.0292
305.9922
305.9555
305.9191
305.8831
305.8476
305.8129
305.779
305.7461
305.7145
305.6842
305.6554
305.6284
305.6031
305.5798
305.5586
305.5396
305.5229
305.5085
305.4966
305.4872
305.4804
305.4761
305.4745
305.4755
305.4791
305.4853
305.4941
305.5015
295.4522
295.499
295.5453
295.5909
295.6358
295.6801
295.7237
295.7661
295.8073
295.8471
295.8856
295.9224
295.9571
295.9895
296.0196
296.0473
296.0725
296.0949
296.1142
296.1306
296.144
296.154
296.1607
296.1641
296.164
296.1604
296.1539
296.1448
296.133
296.1187
296.102
296.0836
296.0642
296.0442
296.0237
296.003
295.9822
295.9617
295.9417
295.9226
295.9048
295.8889
295.8752
295.8635
295.8522
295.8401
295.8262
295.8103
295.7924
295.7727
295.7516
295.7293
295.7061
295.6819
295.6571
295.6316
295.6057
295.5793
295.5526
295.5255
295.498
295.4702
295.442
295.4136
295.3848
295.3559
295.3266
295.2971
295.2674
295.2374
295.2071
295.1767
295.1461
295.1153
295.0843
295.0531
295.0219
294.9906
294.9602
294.9327
294.9104
294.8942
294.8835
294.8771
294.8734
294.8708
294.8684
294.8653
294.8608
294.8544
294.8467
294.8382
294.8297
294.8213
294.8136
294.8068
294.8021
294.8001
294.8016
294.8069
294.8163
294.8298
294.8472
294.8687
294.8938
294.9221
294.9533
294.987
295.023
295.0611
295.101
295.1422
295.1847
295.2285
295.2734
295.3188
295.3646
295.4107
295.4423
