285.7408
285.7706
285.7996
285.8273
285.8539
285.8793
285.9039
285.9273
285.9494
285.9701
285.9891
286.0056
286.0203
286.0332
286.0442
286.0533
286.0599
286.0643
286.0666
286.0668
286.0647
286.0597
286.0522
286.0422
286.0297
286.0153
285.9994
285.9816
285.9619
285.9404
285.9176
285.8939
285.8689
285.8428
285.8155
285.7881
285.7606
285.7327
285.7044
285.6757
285.647
285.6184
285.5899
285.5615
285.5333
285.5062
285.4798
285.4541
285.4289
285.4045
285.3807
285.3576
285.3352
285.3135
285.2924
285.272
285.2522
285.2331
285.2147
285.1969
285.18
285.164
285.1488
285.1343
285.1205
285.1074
285.095
285.0832
285.072
285.0614
285.0513
285.0418
285.0329
285.0244
285.0166
285.0095
285.0029
284.9968
284.9913
284.9864
284.9822
284.9788
284.9761
284.9741
284.9737
284.9753
284.9783
284.9827
284.9885
284.9961
285.0056
285.0169
285.0299
285.0447
285.0609
285.0788
285.0982
285.1192
285.1418
285.1656
285.1905
285.2169
285.2447
285.2738
285.3031
285.3332
285.3642
285.3961
285.4288
285.462
285.4955
285.5294
285.5637
285.5983
285.6324
285.6664
285.7002
285.7339
285.7566
286.3259
286.3559
286.3847
286.4125
286.4392
286.4647
286.4891
286.5121
286.5337
286.5538
286.5724
286.5894
286.6045
286.6178
286.6295
286.6394
286.6475
286.6535
286.6573
286.659
286.6584
286.6555
286.6501
286.6423
286.632
286.6193
286.6046
286.5881
286.5698
286.5497
286.5279
286.5052
286.4815
286.4571
286.4319
286.406
286.3797
286.3529
286.3257
286.2981
286.2705
286.2432
286.2164
286.1899
286.1638
286.1382
286.1134
286.0895
286.0665
286.0444
286.0231
286.0025
285.9824
285.9628
285.9437
285.9254
285.908
285.8915
285.8757
285.8607
285.8467
285.8335
285.8211
285.8094
285.7984
285.7871
285.7757
285.7648
285.7545
285.7447
285.7359
285.728
285.7205
285.7135
285.7069
285.7006
285.6948
285.6894
285.6844
285.68
285.6761
285.6728
285.6702
285.6682
285.667
285.6665
285.6672
285.6692
285.6724
285.677
285.6831
285.6909
285.7003
285.7113
285.7239
285.7378
285.753
285.7697
285.7878
285.8075
285.8284
285.8506
285.8741
285.8991
285.9252
285.9523
285.9802
286.0089
286.0385
286.0686
286.0991
286.1299
286.1612
286.1927
286.2245
286.2562
286.2875
286.3185
286.3394
294.3361
294.3527
294.3692
294.3855
294.4016
294.4175
294.4331
294.4481
294.4627
294.4768
294.4903
294.5032
294.5154
294.5268
294.5375
294.5474
294.5564
294.5646
294.5719
294.5784
294.5839
294.5886
294.5924
294.5952
294.5971
294.598
294.598
294.5969
294.5949
294.5919
294.5879
294.583
294.5772
294.5705
294.563
294.5546
294.5457
294.5363
294.5265
294.5162
294.5056
294.4947
294.4838
294.4727
294.4615
294.4502
294.4387
294.4272
294.4155
294.4037
294.3919
294.3802
294.3685
294.3569
294.3455
294.334
294.3226
294.3112
294.2998
294.2884
294.2772
294.2662
294.2554
294.2447
294.2342
294.2238
294.2136
294.2034
294.1934
294.1835
294.1737
294.1642
294.1549
294.1457
294.1367
294.1281
294.1198
294.1118
294.1042
294.0969
294.0901
294.0837
294.0778
294.0724
294.0675
294.0632
294.0597
294.0569
294.0548
294.0535
294.0531
294.0535
294.0549
294.0572
294.0604
294.0646
294.0697
294.0758
294.083
294.091
294.0998
294.1092
294.1194
294.1303
294.1419
294.1541
294.1669
294.1803
294.1943
294.2088
294.2236
294.2388
294.2542
294.27
294.286
294.3021
294.3183
294.3346
294.3457
286.6493
286.6663
286.6821
286.6969
286.7108
286.7239
286.736
286.7468
286.7562
286.7643
286.771
286.7762
286.7798
286.7818
286.7821
286.781
286.7784
286.774
286.768
286.7604
286.7513
286.7408
286.729
286.716
286.702
286.6872
286.6719
286.6565
286.6413
286.6264
286.6122
286.5996
286.5895
286.5823
286.5778
286.5759
286.5765
286.5797
286.5853
286.593
286.6028
286.6144
286.6277
286.6426
286.6588
286.6763
286.6945
286.7133
286.7324
286.752
286.7719
286.7919
286.8119
286.8318
286.8515
286.871
286.8898
286.9077
286.9248
286.9409
286.9562
286.9704
286.9835
286.9954
287.0063
287.0159
287.0241
287.0306
287.0355
287.0389
287.0405
287.0402
287.0379
287.0338
287.0278
287.0201
287.0106
286.9994
286.9867
286.9723
286.9564
286.9386
286.9191
286.8979
286.8751
286.8509
286.8257
286.7995
286.7723
286.7442
286.7162
286.6889
286.6628
286.6379
286.6143
286.5923
286.5723
286.5544
286.5386
286.5249
286.5134
286.5041
286.497
286.492
286.4891
286.4878
286.4882
286.4901
286.4937
286.4987
286.505
286.5125
286.521
286.5306
286.5409
286.5516
286.5623
286.5728
286.5799
289.3488
289.3671
289.3837
289.3985
289.4114
289.4225
289.4318
289.4394
289.4451
289.449
289.451
289.4514
289.4501
289.4473
289.4431
289.4374
289.43
289.4208
289.4096
289.3963
289.3812
289.3643
289.346
289.3264
289.306
289.285
289.2639
289.243
289.2226
289.2029
289.1842
289.1667
289.1509
289.1369
289.1244
289.1133
289.1034
289.0945
289.0864
289.0789
289.0719
289.0653
289.0592
289.0534
289.0479
289.0429
289.0382
289.0339
289.03
289.0265
289.0234
289.0206
289.0181
289.0157
289.0135
289.0115
289.0096
289.0079
289.0063
289.0047
289.0032
289.002
289.0011
289.0005
289
288.9996
288.9989
288.9977
288.996
288.9937
288.9906
288.9865
288.9816
288.9756
288.9687
288.9607
288.9517
288.9416
288.9307
288.9191
288.9069
288.8944
288.8815
288.8686
288.8559
288.8437
288.8321
288.8211
288.8107
288.8006
288.7908
288.7811
288.7713
288.7614
288.7512
288.7408
288.7305
288.7203
288.7101
288.7
288.6904
288.6815
288.6737
288.6671
288.662
288.6583
288.6561
288.6554
288.6564
288.6589
288.6626
288.6675
288.6733
288.68
288.6875
288.6954
288.7034
288.7113
288.7167
287.1328
287.1343
287.1362
287.1385
287.141
287.1438
287.1467
287.1497
287.1528
287.1559
287.1588
287.1617
287.1643
287.1667
287.1688
287.1706
287.1721
287.1732
287.174
287.1743
287.1743
287.1738
287.1728
287.1714
287.1694
287.167
287.164
287.1606
287.1569
287.153
287.1491
287.1452
287.1416
287.1384
287.1357
287.1335
287.1319
287.1308
287.1304
287.1304
287.131
287.1321
287.1337
287.1358
287.1384
287.1415
287.1451
287.1493
287.154
287.1594
287.1653
287.1718
287.1788
287.1864
287.1945
287.2031
287.2121
287.2214
287.231
287.2409
287.2509
287.2611
287.2714
287.2818
287.2921
287.3024
287.3126
287.3227
287.3326
287.3422
287.3515
287.3604
287.3689
287.3769
287.3844
287.3913
287.3976
287.4033
287.4083
287.4126
287.4161
287.4189
287.4209
287.422
287.4223
287.4218
287.4204
287.4181
287.4148
287.4107
287.4058
287.4
287.3934
287.3862
287.3782
287.3697
287.3605
287.3508
287.3407
287.3301
287.3193
287.3083
287.2973
287.2862
287.2754
287.2648
287.2547
287.245
287.2358
287.2273
287.2194
287.2122
287.2056
287.1998
287.1945
287.19
287.186
287.1826
287.1806
289.0477
289.0468
289.046
289.0453
289.0446
289.044
289.0435
289.043
289.0424
289.0419
289.0414
289.0409
289.0403
289.0397
289.039
289.0383
289.0376
289.0368
289.0359
289.035
289.034
289.033
289.0321
289.0311
289.0302
289.0294
289.0287
289.0281
289.0277
289.0275
289.0274
289.0275
289.0276
289.0279
289.0282
289.0286
289.029
289.0295
289.0301
289.0307
289.0315
289.0325
289.0335
289.0347
289.036
289.0375
289.0391
289.0409
289.0429
289.0452
289.0476
289.0503
289.0531
289.0561
289.0594
289.0628
289.0664
289.0701
289.074
289.078
289.0822
289.0864
289.0907
289.0951
289.0996
289.104
289.1085
289.113
289.1174
289.1218
289.1262
289.1305
289.1347
289.1389
289.143
289.1469
289.1508
289.1545
289.158
289.1614
289.1645
289.1675
289.1703
289.1729
289.1753
289.1775
289.1795
289.1814
289.1831
289.1846
289.1859
289.1867
289.1871
289.187
289.1864
289.1853
289.1837
289.1816
289.1789
289.1758
289.1723
289.1685
289.1645
289.1604
289.1562
289.1519
289.1477
289.1434
289.1392
289.1351
289.131
289.127
289.1231
289.1193
289.1156
289.1119
289.1084
289.1049
289.1026
296.8404
296.8534
296.866
296.8782
296.8899
296.9013
296.9123
296.9228
296.933
296.9427
296.9519
296.9607
296.969
296.9768
296.9842
296.9911
296.9974
297.0033
297.0085
297.0133
297.0174
297.021
297.024
297.0264
297.0282
297.0294
297.0301
297.0302
297.0296
297.0286
297.0269
297.0247
297.0219
297.0186
297.0148
297.0104
297.0055
297.0001
296.9942
296.9877
296.9807
296.9733
296.9653
296.9567
296.9477
296.9382
296.9282
296.9177
296.9067
296.8952
296.8833
296.8708
296.8579
296.8446
296.8308
296.8165
296.8017
296.7866
296.771
296.755
296.7385
296.7217
296.7045
296.6869
296.6689
296.6506
296.6319
296.6129
296.5936
296.574
296.5541
296.5339
296.5134
296.4928
296.4719
296.4508
296.4295
296.408
296.3864
296.3646
296.3427
296.3206
296.2988
296.2778
296.2572
296.2371
296.2175
296.1983
296.1797
296.1615
296.1438
296.1266
296.1099
296.0937
296.078
296.0629
296.0483
296.0343
296.021
296.0082
295.9961
295.9847
295.974
295.964
295.9547
295.9462
295.9385
295.9316
295.9254
295.9201
295.9156
295.9118
295.9089
295.9068
295.9056
295.9052
295.9055
295.9067
295.9079
292.6767
292.686
292.695
292.7039
292.7125
292.721
292.7291
292.7369
292.7445
292.7516
292.7584
292.7648
292.7708
292.7764
292.7815
292.7862
292.7903
292.7939
292.797
292.7995
292.8015
292.8028
292.8035
292.8037
292.8032
292.8022
292.8005
292.7983
292.7956
292.7923
292.7885
292.7842
292.7794
292.7741
292.7683
292.7621
292.7553
292.7482
292.7405
292.7324
292.7239
292.7149
292.7056
292.6958
292.6857
292.6752
292.6643
292.6531
292.6415
292.6296
292.6175
292.605
292.5922
292.5791
292.5658
292.5522
292.5383
292.5242
292.5099
292.4953
292.4804
292.4653
292.45
292.4345
292.4187
292.4027
292.3865
292.3701
292.3534
292.3366
292.3195
292.3021
292.2846
292.2668
292.2489
292.2307
292.2123
292.1938
292.1751
292.1562
292.1372
292.1181
292.0991
292.0812
292.0638
292.0469
292.0305
292.0144
291.9986
291.9832
291.9682
291.9535
291.9391
291.9251
291.9115
291.8983
291.8855
291.8731
291.8612
291.8498
291.8389
291.8285
291.8187
291.8095
291.8008
291.7928
291.7853
291.7786
291.7725
291.7671
291.7623
291.7583
291.7549
291.7522
291.7502
291.7489
291.7483
291.7483
291.7487
297.9659
297.9735
297.9816
297.9903
297.9994
298.0089
298.0188
298.0291
298.0396
298.0504
298.0614
298.0725
298.0837
298.095
298.1062
298.1174
298.1285
298.1394
298.15
298.1604
298.1705
298.1803
298.1896
298.1985
298.2069
298.2148
298.2222
298.229
298.2352
298.2409
298.246
298.2504
298.2544
298.2577
298.2605
298.2628
298.2645
298.2658
298.2665
298.2668
298.2666
298.2661
298.2651
298.2637
298.2619
298.2598
298.2574
298.2547
298.2516
298.2483
298.2447
298.2409
298.2368
298.2325
298.228
298.2232
298.2183
298.2132
298.2079
298.2024
298.1966
298.1907
298.1845
298.1781
298.1715
298.1646
298.1574
298.15
298.1423
298.1343
298.126
298.1174
298.1085
298.0993
298.0898
298.0799
298.0698
298.0593
298.0485
298.0374
298.026
298.0143
298.0022
297.9899
297.9773
297.9645
297.9515
297.9383
297.9249
297.9114
297.8978
297.8841
297.8704
297.8567
297.8431
297.8295
297.8161
297.8029
297.7899
297.7772
297.7648
297.7529
297.7414
297.7304
297.7199
297.7101
297.7009
297.6925
297.6848
297.6778
297.6717
297.6665
297.6621
297.6586
297.6559
297.6542
297.6534
297.6535
297.6541
295.3161
295.326
295.3364
295.3473
295.3587
295.3705
295.3826
295.395
295.4077
295.4207
295.4338
295.447
295.4604
295.4737
295.487
295.5003
295.5135
295.5265
295.5393
295.5519
295.5642
295.5761
295.5877
295.5988
295.6095
295.6197
295.6294
295.6386
295.6473
295.6554
295.663
295.6701
295.6765
295.6825
295.6879
295.6927
295.6971
295.7008
295.7041
295.7068
295.709
295.7106
295.7118
295.7124
295.7125
295.7121
295.7112
295.7098
295.7079
295.7055
295.7026
295.6992
295.6953
295.6909
295.6861
295.6808
295.675
295.6688
295.662
295.6548
295.6471
295.6388
295.6301
295.6208
295.6111
295.6008
295.5901
295.5788
295.5671
295.5549
295.5423
295.5292
295.5158
295.5019
295.4877
295.4731
295.4583
295.4431
295.4277
295.4121
295.3962
295.3802
295.364
295.3476
295.3313
295.3149
295.2985
295.2822
295.2659
295.2499
295.234
295.2183
295.2029
295.1878
295.1731
295.1588
295.1449
295.1317
295.1189
295.1068
295.0954
295.0847
295.0747
295.0655
295.0572
295.0497
295.0431
295.0374
295.0326
295.0288
295.0259
295.0241
295.0232
295.0233
295.0244
295.0264
295.0294
295.0333
295.0365
305.9593
305.9632
305.9677
305.9728
305.9784
305.9845
305.991
305.998
306.0054
306.0132
306.0213
306.0297
306.0383
306.0472
306.0562
306.0653
306.0745
306.0838
306.0931
306.1023
306.1115
306.1206
306.1296
306.1384
306.147
306.1553
306.1634
306.1712
306.1788
306.186
306.193
306.1996
306.206
306.212
306.2177
306.2231
306.2283
306.2331
306.2376
306.2419
306.2459
306.2496
306.2531
306.2563
306.2593
306.262
306.2645
306.2667
306.2687
306.2705
306.272
306.2733
306.2743
306.2751
306.2757
306.276
306.2761
306.2759
306.2754
306.2747
306.2737
306.2724
306.2708
306.2688
306.2666
306.264
306.2611
306.2578
306.2542
306.2502
306.2458
306.241
306.2359
306.2303
306.2244
306.2181
306.2114
306.2043
306.1969
306.189
306.1808
306.1722
306.1633
306.154
306.1444
306.1345
306.1243
306.1139
306.1033
306.0924
306.0814
306.0702
306.0589
306.0475
306.0361
306.0247
306.0133
306.002
305.9908
305.9799
305.9692
305.9588
305.9487
305.939
305.9298
305.921
305.9128
305.9051
305.898
305.8915
305.8857
305.8806
305.8761
305.8724
305.8693
305.867
305.8654
305.8645
305.8642
301.8794
301.8832
301.8877
301.8926
301.8981
301.904
301.9104
301.9172
301.9245
301.9321
301.94
301.9483
301.9569
301.9657
301.9747
301.984
301.9933
302.0028
302.0123
302.0219
302.0315
302.041
302.0504
302.0597
302.0689
302.078
302.0868
302.0954
302.1038
302.112
302.1198
302.1274
302.1347
302.1417
302.1484
302.1547
302.1608
302.1665
302.1719
302.1769
302.1816
302.186
302.19
302.1937
302.197
302.2
302.2026
302.2049
302.2069
302.2085
302.2097
302.2106
302.2112
302.2114
302.2113
302.2108
302.21
302.2088
302.2073
302.2055
302.2033
302.2007
302.1977
302.1944
302.1907
302.1866
302.1822
302.1773
302.1722
302.1666
302.1607
302.1544
302.1477
302.1407
302.1333
302.1257
302.1177
302.1093
302.1007
302.0918
302.0825
302.073
302.0633
302.0533
302.043
302.0326
302.022
302.0113
302.0004
301.9894
301.9783
301.9672
301.956
301.9449
301.9337
301.9227
301.9117
301.9009
301.8903
301.8799
301.8698
301.8599
301.8505
301.8414
301.8327
301.8244
301.8167
301.8095
301.8028
301.7967
301.7912
301.7864
301.7822
301.7786
301.7757
301.7735
301.772
301.7711
301.771
292.653
292.6701
292.6872
292.7038
292.72
292.7356
292.7507
292.765
292.7786
292.7912
292.8028
292.8134
292.8228
292.831
292.8381
292.8439
292.8487
292.8524
292.8549
292.8564
292.8567
292.8561
292.8546
292.8522
292.8491
292.8453
292.8409
292.836
292.8307
292.8251
292.8191
292.8131
292.8072
292.8015
292.7961
292.7908
292.7856
292.7802
292.7746
292.769
292.7635
292.7581
292.7531
292.7485
292.7441
292.7401
292.7365
292.7332
292.7303
292.7279
292.7258
292.724
292.7224
292.7211
292.72
292.7193
292.7189
292.7188
292.719
292.7196
292.7204
292.7215
292.7226
292.7238
292.7249
292.7258
292.7266
292.7272
292.7275
292.7275
292.727
292.7261
292.7247
292.7227
292.7202
292.717
292.7131
292.7084
292.7031
292.6971
292.6905
292.6836
292.6763
292.6685
292.6604
292.6517
292.6425
292.6328
292.6226
292.6119
292.6012
292.5905
292.5799
292.5693
292.5588
292.5481
292.5374
292.5267
292.5159
292.505
292.4944
292.484
292.4738
292.4642
292.455
292.4464
292.4385
292.4313
292.4247
292.4188
292.4137
292.4095
292.406
292.4035
292.4019
292.4011
292.4011
292.4017
292.4025
