291.598
291.6198
291.6392
291.6573
291.6742
291.6899
291.7039
291.7167
291.7282
291.7384
291.747
291.7525
291.7561
291.7577
291.7574
291.755
291.7498
291.7424
291.7329
291.7212
291.7077
291.6924
291.6751
291.6561
291.6351
291.6126
291.5885
291.5627
291.5353
291.5062
291.4765
291.4464
291.4154
291.3833
291.3503
291.3185
291.2877
291.2569
291.2262
291.1956
291.166
291.1372
291.1092
291.0819
291.0553
291.0312
291.0085
290.987
290.9667
290.9475
290.9296
290.9128
290.897
290.8822
290.8684
290.8551
290.8428
290.8315
290.8212
290.8119
290.8044
290.798
290.7928
290.7887
290.7857
290.7839
290.7831
290.7832
290.7841
290.7856
290.787
290.789
290.7916
290.7948
290.7988
290.8037
290.8091
290.8149
290.8212
290.8274
290.8332
290.8393
290.8457
290.8524
290.861
290.8717
290.8833
290.8958
290.9091
290.923
290.9379
290.9539
290.9708
290.9889
291.0075
291.0272
291.0481
291.0703
291.0937
291.1181
291.1436
291.17
291.1973
291.2256
291.2522
291.2789
291.306
291.3334
291.3612
291.3898
291.4183
291.4468
291.4752
291.503
291.5262
291.5483
291.5694
291.5895
291.6026
292.3038
292.3219
292.3387
292.3544
292.369
292.3825
292.395
292.4061
292.416
292.4246
292.432
292.4378
292.4416
292.4435
292.4435
292.4416
292.4377
292.4319
292.4239
292.414
292.402
292.3885
292.3735
292.357
292.3389
292.3192
292.2983
292.2762
292.2528
292.228
292.202
292.1752
292.1475
292.1189
292.0896
292.0599
292.0304
292.0012
291.9723
291.9437
291.9158
291.8899
291.8661
291.8441
291.8235
291.804
291.7852
291.7672
291.7502
291.7342
291.7194
291.7058
291.6931
291.6813
291.6704
291.6609
291.653
291.6463
291.6407
291.6361
291.6319
291.6287
291.6271
291.6268
291.6278
291.6305
291.6338
291.6375
291.6415
291.6458
291.6498
291.6542
291.6592
291.6648
291.671
291.6774
291.6838
291.6902
291.6965
291.7028
291.7091
291.7154
291.7217
291.7281
291.7346
291.7412
291.7483
291.7558
291.7637
291.7722
291.7816
291.7919
291.8032
291.8154
291.8286
291.8426
291.8576
291.8738
291.8913
291.91
291.9294
291.9494
291.9701
291.9915
292.0134
292.0356
292.0581
292.0811
292.1046
292.1282
292.1514
292.174
292.1961
292.218
292.2391
292.2595
292.2791
292.298
292.3105
300.6886
300.7032
300.7175
300.7315
300.745
300.7582
300.7708
300.7827
300.7941
300.8048
300.8148
300.8242
300.8327
300.8404
300.8473
300.8534
300.8587
300.8632
300.8668
300.8695
300.8713
300.8722
300.8722
300.8712
300.8693
300.8663
300.8625
300.8577
300.852
300.8454
300.8379
300.8296
300.8205
300.8106
300.8
300.7886
300.7768
300.7646
300.752
300.739
300.7258
300.7125
300.6991
300.6858
300.6725
300.6593
300.6462
300.6332
300.6204
300.6077
300.5952
300.583
300.5712
300.5596
300.5484
300.5374
300.5267
300.5162
300.506
300.496
300.4864
300.4771
300.4682
300.4596
300.4513
300.4434
300.4357
300.4283
300.4212
300.4144
300.408
300.402
300.3964
300.3914
300.3867
300.3824
300.3783
300.3744
300.3708
300.3675
300.3646
300.3622
300.3602
300.3586
300.3575
300.3571
300.3575
300.3588
300.3608
300.3636
300.3672
300.3715
300.3766
300.3825
300.3891
300.3964
300.4043
300.4129
300.4222
300.4321
300.4427
300.4539
300.4656
300.478
300.491
300.5043
300.5179
300.532
300.5465
300.5611
300.5758
300.5906
300.6054
300.6202
300.635
300.6499
300.6647
300.6795
300.6895
285.6835
285.6919
285.6996
285.7067
285.7131
285.719
285.7243
285.7289
285.7329
285.7362
285.7388
285.7406
285.7412
285.7405
285.7386
285.7357
285.7318
285.7272
285.722
285.7164
285.7102
285.7034
285.6957
285.6871
285.6778
285.6679
285.6577
285.6475
285.6374
285.6274
285.6176
285.6092
285.6033
285.6002
285.6001
285.6028
285.6083
285.6162
285.6263
285.6386
285.6526
285.6682
285.6851
285.7031
285.7219
285.7414
285.7614
285.7816
285.8021
285.8227
285.8433
285.8637
285.8835
285.9028
285.9216
285.9398
285.9572
285.9739
285.9897
286.0045
286.0185
286.0313
286.0427
286.0529
286.0618
286.0693
286.0751
286.0793
286.0822
286.0839
286.0843
286.0834
286.0811
286.0774
286.0723
286.0658
286.0578
286.0482
286.0368
286.0234
286.0082
285.9911
285.9724
285.952
285.93
285.9067
285.8822
285.8565
285.8298
285.8022
285.7747
285.7483
285.7233
285.6998
285.6778
285.6576
285.6392
285.6226
285.6079
285.595
285.584
285.5747
285.5672
285.5615
285.5573
285.5546
285.5532
285.5532
285.5544
285.5569
285.5604
285.5648
285.57
285.5759
285.5824
285.5891
285.5959
285.6027
285.6074
285.3915
285.3974
285.4028
285.4076
285.4116
285.415
285.4177
285.4196
285.4206
285.4207
285.4199
285.4182
285.4155
285.4118
285.4071
285.4013
285.3947
285.3872
285.3791
285.3707
285.3623
285.3542
285.3466
285.3398
285.3337
285.3286
285.3245
285.3214
285.3193
285.318
285.3171
285.3165
285.3163
285.3162
285.3162
285.3162
285.316
285.3158
285.3155
285.3151
285.3148
285.3146
285.3145
285.3147
285.315
285.3156
285.3166
285.3178
285.3194
285.3214
285.3237
285.3263
285.3292
285.3323
285.3356
285.339
285.3426
285.3462
285.3499
285.3535
285.3571
285.3606
285.3639
285.3668
285.3692
285.3712
285.3728
285.374
285.375
285.3761
285.3775
285.3793
285.3817
285.3846
285.3882
285.3925
285.3973
285.4024
285.4076
285.4126
285.4169
285.4202
285.4222
285.4229
285.422
285.4198
285.4162
285.4116
285.4059
285.3993
285.3918
285.3837
285.3748
285.3653
285.355
285.3444
285.3336
285.3228
285.3121
285.3017
285.2916
285.282
285.273
285.2648
285.2574
285.2508
285.2451
285.2403
285.2364
285.2334
285.2313
285.2301
285.2296
285.23
285.2312
285.2328
285.2346
285.2366
285.2381
285.896
285.8943
285.8929
285.8918
285.891
285.8904
285.8901
285.8898
285.8897
285.8895
285.8892
285.8889
285.8885
285.8879
285.8871
285.8862
285.885
285.8837
285.882
285.8801
285.8778
285.8752
285.8723
285.8692
285.8658
285.8621
285.8583
285.8544
285.8503
285.8462
285.8421
285.8381
285.8344
285.8311
285.8282
285.8259
285.8242
285.8231
285.8225
285.8226
285.8233
285.8246
285.8265
285.8289
285.832
285.8355
285.8397
285.8443
285.8494
285.8551
285.8612
285.8677
285.8748
285.8822
285.8902
285.8985
285.9073
285.9163
285.9256
285.9351
285.9448
285.9546
285.9645
285.9745
285.9846
285.9946
286.0046
286.0145
286.0242
286.0336
286.0428
286.0516
286.06
286.068
286.0756
286.0827
286.0894
286.0954
286.1008
286.1056
286.1096
286.1128
286.1154
286.1171
286.1182
286.1185
286.118
286.1169
286.115
286.1124
286.1091
286.1051
286.1004
286.095
286.089
286.0822
286.0748
286.0669
286.0586
286.05
286.0411
286.032
286.0227
286.0133
286.0039
285.9946
285.9855
285.9766
285.968
285.9599
285.9523
285.9451
285.9385
285.9324
285.9267
285.9216
285.9169
285.9127
285.9101
285.3774
285.3748
285.3722
285.3697
285.3673
285.3649
285.3625
285.3601
285.3578
285.3555
285.3531
285.3508
285.3484
285.3461
285.3437
285.3413
285.3389
285.3364
285.3339
285.3314
285.3289
285.3264
285.3239
285.3215
285.3193
285.3172
285.3152
285.3135
285.312
285.3108
285.3098
285.309
285.3084
285.308
285.3076
285.3074
285.3073
285.3072
285.3074
285.3076
285.3081
285.3087
285.3095
285.3105
285.3117
285.3131
285.3147
285.3166
285.3187
285.321
285.3235
285.3262
285.3291
285.3322
285.3355
285.339
285.3426
285.3464
285.3504
285.3546
285.3589
285.3633
285.3678
285.3723
285.3769
285.3814
285.386
285.3906
285.3951
285.3996
285.4041
285.4085
285.413
285.4175
285.4221
285.4266
285.4309
285.4352
285.4393
285.4432
285.4469
285.4505
285.4539
285.4571
285.4602
285.4631
285.4658
285.4684
285.4709
285.4732
285.4752
285.4768
285.4779
285.4784
285.4784
285.4778
285.4768
285.4753
285.4734
285.471
285.4683
285.4653
285.4619
285.4583
285.4545
285.4506
285.4465
285.4423
285.4382
285.434
285.4299
285.4258
285.4218
285.4179
285.414
285.4102
285.4064
285.4027
285.4002
290.0654
290.0756
290.0854
290.0948
290.104
290.1129
290.1217
290.1304
290.1389
290.1472
290.1554
290.1635
290.1714
290.1791
290.1867
290.1941
290.2013
290.2083
290.2151
290.2215
290.2277
290.2337
290.2393
290.2446
290.2496
290.2543
290.2587
290.2628
290.2667
290.2702
290.2733
290.2762
290.2787
290.2809
290.2828
290.2844
290.2856
290.2865
290.2871
290.2874
290.2874
290.2871
290.2864
290.2854
290.2841
290.2825
290.2806
290.2783
290.2757
290.2729
290.2697
290.2662
290.2625
290.2584
290.254
290.2493
290.2443
290.239
290.2335
290.2276
290.2215
290.2152
290.2086
290.2018
290.1947
290.1875
290.18
290.1723
290.1645
290.1565
290.1484
290.1401
290.1317
290.1232
290.1146
290.1059
290.0971
290.0883
290.0795
290.0706
290.0617
290.0528
290.0438
290.0348
290.0259
290.0169
290.008
289.999
289.9901
289.9813
289.9724
289.9637
289.955
289.9464
289.9379
289.9295
289.9213
289.9133
289.9056
289.8981
289.8909
289.8841
289.8776
289.8715
289.8659
289.8606
289.8558
289.8514
289.8474
289.8438
289.8407
289.8381
289.8359
289.8342
289.833
289.8324
289.8321
289.8324
289.8329
286.1287
286.1375
286.1462
286.1549
286.1636
286.1723
286.1809
286.1894
286.1978
286.2062
286.2143
286.2224
286.2303
286.2379
286.2454
286.2526
286.2596
286.2664
286.2729
286.2792
286.2853
286.2911
286.2967
286.302
286.3071
286.3119
286.3165
286.3208
286.3249
286.3287
286.3321
286.3353
286.3381
286.3407
286.343
286.345
286.3467
286.3481
286.3493
286.3502
286.3509
286.3514
286.3516
286.3517
286.3515
286.3512
286.3506
286.3499
286.3491
286.348
286.3468
286.3455
286.3441
286.3425
286.3407
286.3389
286.3369
286.3348
286.3326
286.3303
286.3278
286.3253
286.3226
286.3198
286.3169
286.3138
286.3107
286.3075
286.3042
286.3009
286.2975
286.2941
286.2907
286.2873
286.2838
286.2804
286.2769
286.2734
286.2698
286.2662
286.2625
286.2586
286.2547
286.2506
286.2463
286.2419
286.2374
286.2327
286.2279
286.223
286.2179
286.2127
286.2075
286.2022
286.1968
286.1914
286.1861
286.1807
286.1755
286.1703
286.1653
286.1604
286.1557
286.1512
286.1469
286.143
286.1393
286.1359
286.1328
286.13
286.1275
286.1253
286.1235
286.122
286.1208
286.12
286.1194
286.1192
286.1193
295.9818
295.9842
295.9872
295.9908
295.9948
295.9994
296.0044
296.0098
296.0156
296.0217
296.0282
296.0349
296.0419
296.0492
296.0566
296.0641
296.0718
296.0796
296.0874
296.0952
296.103
296.1107
296.1183
296.1257
296.133
296.1402
296.1471
296.1537
296.1602
296.1664
296.1723
296.1779
296.1833
296.1883
296.1931
296.1975
296.2016
296.2055
296.209
296.2123
296.2153
296.218
296.2204
296.2225
296.2244
296.2261
296.2275
296.2287
296.2297
296.2305
296.2311
296.2316
296.2319
296.2321
296.2321
296.2319
296.2316
296.2312
296.2307
296.2299
296.229
296.2279
296.2267
296.2252
296.2236
296.2218
296.2198
296.2177
296.2153
296.2128
296.2101
296.2073
296.2042
296.201
296.1975
296.1939
296.1901
296.1861
296.182
296.1776
296.1731
296.1685
296.1638
296.1589
296.1539
296.1487
296.1435
296.1381
296.1326
296.1269
296.1211
296.1152
296.1092
296.1031
296.0969
296.0907
296.0845
296.0783
296.0721
296.0661
296.0601
296.0544
296.0489
296.0437
296.0388
296.0342
296.03
296.0262
296.0228
296.0199
296.0174
296.0154
296.0139
296.0129
296.0124
296.0124
296.0129
296.014
296.015
296.0298
296.0356
296.042
296.049
296.0565
296.0645
296.073
296.0819
296.0912
296.1008
296.1108
296.121
296.1315
296.1421
296.153
296.164
296.1751
296.1862
296.1973
296.2084
296.2194
296.2303
296.241
296.2515
296.2617
296.2717
296.2813
296.2906
296.2996
296.3081
296.3162
296.3239
296.3311
296.3379
296.3443
296.3502
296.3556
296.3606
296.3652
296.3693
296.373
296.3762
296.379
296.3814
296.3833
296.3847
296.3858
296.3864
296.3866
296.3865
296.3859
296.3849
296.3835
296.3817
296.3795
296.3769
296.3739
296.3706
296.3669
296.3628
296.3583
296.3534
296.3482
296.3426
296.3367
296.3304
296.3239
296.3171
296.3101
296.3028
296.2953
296.2876
296.2798
296.2717
296.2636
296.2552
296.2468
296.2383
296.2296
296.221
296.2123
296.2037
296.1951
296.1866
296.1782
296.1699
296.1617
296.1536
296.1456
296.1377
296.13
296.1224
296.1149
296.1077
296.1006
296.0938
296.0873
296.0811
296.0752
296.0696
296.0645
296.0598
296.0555
296.0517
296.0485
296.0458
296.0438
296.0423
296.0414
296.0411
296.0414
296.0422
296.0437
296.0458
296.0484
296.0517
296.0555
296.0599
296.0632
301.129
301.1303
301.1322
301.1348
301.1379
301.1416
301.1458
301.1506
301.1558
301.1614
301.1675
301.174
301.1808
301.1879
301.1953
301.203
301.2108
301.2189
301.227
301.2352
301.2435
301.2518
301.2601
301.2683
301.2765
301.2845
301.2924
301.3002
301.3077
301.3151
301.3223
301.3293
301.336
301.3425
301.3488
301.3548
301.3605
301.366
301.3713
301.3763
301.3811
301.3856
301.3899
301.3939
301.3978
301.4014
301.4048
301.408
301.411
301.4138
301.4164
301.4188
301.421
301.423
301.4248
301.4263
301.4276
301.4287
301.4295
301.4301
301.4304
301.4304
301.4302
301.4296
301.4288
301.4276
301.4262
301.4244
301.4224
301.42
301.4174
301.4144
301.4111
301.4076
301.4037
301.3994
301.3949
301.3901
301.3849
301.3794
301.3737
301.3677
301.3614
301.3548
301.348
301.341
301.3337
301.3263
301.3186
301.3108
301.3028
301.2946
301.2863
301.2779
301.2695
301.261
301.2525
301.2441
301.2357
301.2276
301.2195
301.2117
301.2042
301.197
301.1901
301.1837
301.1776
301.1721
301.167
301.1625
301.1585
301.1551
301.1522
301.15
301.1484
301.1474
301.147
301.1473
301.1478
301.7053
301.7071
301.7094
301.7122
301.7155
301.7192
301.7234
301.728
301.733
301.7384
301.7441
301.7502
301.7565
301.7631
301.77
301.7771
301.7843
301.7917
301.7993
301.8069
301.8145
301.8222
301.8299
301.8376
301.8452
301.8527
301.8601
301.8674
301.8745
301.8815
301.8883
301.8949
301.9013
301.9075
301.9135
301.9192
301.9248
301.9301
301.9351
301.94
301.9446
301.9489
301.953
301.9568
301.9604
301.9638
301.9669
301.9698
301.9724
301.9747
301.9768
301.9786
301.9802
301.9815
301.9824
301.9832
301.9836
301.9837
301.9835
301.9831
301.9823
301.9812
301.9798
301.978
301.976
301.9737
301.9711
301.9682
301.965
301.9615
301.9578
301.9539
301.9496
301.9452
301.9405
301.9355
301.9303
301.9249
301.9193
301.9135
301.9075
301.9014
301.8951
301.8887
301.8821
301.8754
301.8687
301.8618
301.8548
301.8478
301.8407
301.8336
301.8264
301.8193
301.8122
301.8051
301.7981
301.7913
301.7846
301.7781
301.7717
301.7657
301.7599
301.7544
301.7492
301.7445
301.7401
301.7361
301.7326
301.7295
301.7269
301.7248
301.7232
301.7221
301.7214
301.7213
301.7217
301.7226
301.7234
288.2611
288.264
288.2671
288.2703
288.2737
288.2771
288.2807
288.2843
288.2878
288.2912
288.2944
288.2973
288.2998
288.3019
288.3036
288.3049
288.3056
288.3059
288.3059
288.3055
288.3048
288.3039
288.3027
288.3014
288.2997
288.2979
288.296
288.2942
288.2925
288.291
288.2896
288.2884
288.2874
288.2867
288.2863
288.286
288.2858
288.2858
288.2858
288.286
288.2863
288.2867
288.2873
288.2881
288.289
288.29
288.2913
288.2927
288.2942
288.2959
288.2977
288.2996
288.3016
288.3037
288.306
288.3084
288.311
288.3137
288.3166
288.3195
288.3224
288.3252
288.328
288.3307
288.3332
288.3355
288.3376
288.3393
288.3406
288.3415
288.342
288.3421
288.3419
288.3413
288.3403
288.339
288.3374
288.3356
288.3335
288.3312
288.3286
288.3256
288.3223
288.3187
288.3148
288.3105
288.3058
288.3009
288.2957
288.2902
288.2846
288.2787
288.2727
288.2664
288.2598
288.2529
288.2459
288.2387
288.2315
288.2241
288.2166
288.2091
288.2018
288.1947
288.1879
288.1815
288.1755
288.1699
288.1648
288.1601
288.1558
288.1521
288.1489
288.1463
288.1442
288.1427
288.1415
288.1408
288.1405
