292.0355
292.2914
292.5112
292.7146
292.9045
293.0786
293.2022
293.2985
293.3755
293.4351
293.4766
293.493
293.4905
293.4705
293.4335
293.379
293.3059
293.2177
293.1142
292.9956
292.8608
292.7089
292.543
292.3634
292.1702
291.9704
291.7703
291.5613
291.3431
291.1156
290.9076
290.735
290.5693
290.4071
290.2475
290.0995
289.9651
289.8369
289.7142
289.5966
289.2632
289.0043
288.8053
288.6161
288.4319
288.2533
288.078
287.9052
287.7346
287.5662
287.4016
287.2392
287.0786
286.9197
286.7624
286.6075
286.4544
286.3029
286.153
286.0044
285.8559
285.709
285.5636
285.4196
285.277
285.1349
284.9941
284.8545
284.7162
284.5794
284.4449
284.3115
284.1793
284.0482
283.9179
283.7878
283.6588
283.531
283.7954
285.0547
285.3144
285.4863
285.625
285.7462
285.7382
285.5553
285.3325
285.0824
284.8087
284.6877
284.733
284.8053
284.8936
284.9943
285.1298
285.3036
285.4989
285.7136
285.9468
286.1417
286.3289
286.53
286.745
286.973
287.236
287.5184
287.813
288.1192
288.4381
288.7986
289.1661
289.5388
289.9182
290.3037
290.6717
291.0296
291.3824
291.7319
291.9681
292.2927
292.55
292.7727
292.9713
293.1519
293.3178
293.4645
293.5861
293.6856
293.7658
293.8286
293.8736
293.9012
293.9122
293.9073
293.8869
293.8512
293.8011
293.7371
293.6595
293.5686
293.4665
293.3539
293.2304
293.0954
292.9493
292.7975
292.6406
292.4772
292.3059
292.1299
291.9666
291.817
291.6778
291.5465
291.4234
291.3117
291.2102
291.1185
291.0363
290.9283
290.708
290.484
290.2716
290.0695
289.8756
289.6889
289.5084
289.3333
289.1627
288.9958
288.8319
288.6707
288.512
288.3558
288.2019
288.0504
287.901
287.7536
287.6081
287.4645
287.3225
287.1822
287.0436
286.9065
286.7708
286.6363
286.503
286.3709
286.24
286.1101
285.9813
285.8535
285.7267
285.6011
285.4769
285.3542
285.2329
285.1229
285.5537
286.1412
286.5966
286.9391
287.2113
287.4271
287.56
287.6279
287.6481
287.6299
287.5825
287.5041
287.3958
287.2693
287.1324
287.0057
286.9418
286.9407
286.9889
287.0763
287.1924
287.3294
287.4891
287.671
287.8732
288.098
288.3494
288.6215
288.9098
289.2118
289.5279
289.8486
290.1725
290.4998
290.8302
291.1509
291.4585
291.7557
292.0444
292.2367
296.444
296.5368
296.6282
296.7182
296.8068
296.8939
296.9788
297.0607
297.1395
297.2151
297.2873
297.3557
297.42
297.4802
297.5361
297.5876
297.6346
297.6771
297.715
297.7484
297.777
297.8007
297.8192
297.8323
297.8402
297.8427
297.8404
297.8335
297.822
297.806
297.7859
297.7635
297.7392
297.7132
297.6858
297.657
297.6278
297.5983
297.5688
297.5392
297.5044
297.4471
297.3831
297.315
297.2437
297.17
297.0942
297.0168
296.9378
296.8576
296.7761
296.6937
296.6104
296.5262
296.4413
296.3557
296.2695
296.1828
296.0955
296.0078
295.9197
295.8312
295.7425
295.6535
295.5643
295.4748
295.3852
295.2954
295.2054
295.1153
295.025
294.9347
294.8443
294.7538
294.6632
294.5727
294.482
294.3914
294.3019
294.2777
294.2702
294.2674
294.268
294.2716
294.2779
294.2874
294.3004
294.3172
294.3377
294.3621
294.3907
294.4235
294.4602
294.5007
294.5448
294.5924
294.6437
294.6987
294.7573
294.8196
294.8851
294.9538
295.0258
295.1011
295.1795
295.2605
295.344
295.4299
295.5183
295.6087
295.7003
295.7931
295.8868
295.9815
296.0767
296.172
296.2672
296.3622
296.4267
291.1056
291.2093
291.3092
291.4049
291.4966
291.5845
291.6679
291.7453
291.8167
291.8822
291.9422
291.9957
292.0416
292.0801
292.1112
292.1355
292.1521
292.1602
292.16
292.1516
292.1353
292.1109
292.0778
292.036
291.9858
291.9275
291.8614
291.7872
291.7054
291.6161
291.5204
291.4227
291.3279
291.2387
291.1565
291.0821
291.0169
290.9626
290.92
290.8898
290.8705
290.8348
290.7771
290.7085
290.6356
290.5613
290.4873
290.414
290.3419
290.271
290.2013
290.1329
290.0657
289.9998
289.9352
289.8716
289.8092
289.7478
289.6874
289.6278
289.5689
289.5104
289.4523
289.3946
289.3373
289.2804
289.2237
289.1672
289.1109
289.0548
288.9988
288.9429
288.887
288.8312
288.7753
288.7194
288.6635
288.6075
288.5517
288.5335
288.5715
288.643
288.7227
288.7943
288.8507
288.8904
288.9141
288.9225
288.9165
288.8985
288.8784
288.864
288.8589
288.8645
288.8812
288.9089
288.947
288.9949
289.0517
289.1167
289.1887
289.2673
289.3524
289.4438
289.5407
289.6412
289.7445
289.8507
289.9596
290.071
290.1836
290.297
290.4114
290.527
290.6427
290.7569
290.8694
290.9802
291.0548
292.0899
292.1669
292.2411
292.3123
292.3802
292.4451
292.5059
292.5609
292.6103
292.6545
292.6938
292.7286
292.7584
292.7831
292.8026
292.8172
292.8264
292.8293
292.8256
292.8156
292.7994
292.7768
292.7478
292.7123
292.6707
292.6232
292.5702
292.5117
292.4476
292.3781
292.3036
292.2268
292.1502
292.0754
292.0034
291.9346
291.8694
291.8082
291.7516
291.7002
291.6544
291.6138
291.5758
291.5384
291.5007
291.4621
291.4226
291.3824
291.3414
291.2999
291.2581
291.2161
291.1744
291.1333
291.0933
291.0547
291.0177
290.9825
290.949
290.9172
290.8869
290.8575
290.8285
290.7995
290.7701
290.74
290.7092
290.6774
290.6446
290.6108
290.576
290.5403
290.5037
290.4663
290.4281
290.3892
290.3496
290.3094
290.2688
290.2514
290.2743
290.3292
290.399
290.4673
290.5235
290.5625
290.5832
290.586
290.5726
290.5456
290.5129
290.4813
290.4544
290.4342
290.4218
290.4184
290.4249
290.4415
290.4682
290.5045
290.5498
290.6033
290.6644
290.7326
290.807
290.8859
290.9681
291.0528
291.1397
291.2282
291.3168
291.405
291.493
291.5811
291.6698
291.7583
291.8464
291.9343
291.9941
290.4811
290.5442
290.6088
290.6746
290.7411
290.808
290.8752
290.9422
291.0089
291.0749
291.14
291.2038
291.2662
291.3267
291.3851
291.4409
291.4942
291.5445
291.5917
291.6355
291.6758
291.7125
291.7453
291.774
291.7986
291.8189
291.8348
291.8463
291.8532
291.8555
291.8534
291.8467
291.8358
291.821
291.803
291.7821
291.7588
291.7337
291.7073
291.68
291.6524
291.625
291.5977
291.57
291.5415
291.5119
291.4812
291.4493
291.4164
291.3824
291.3475
291.3119
291.2755
291.2386
291.2011
291.1632
291.1249
291.0862
291.047
291.0074
290.9674
290.927
290.8862
290.845
290.8034
290.7614
290.7192
290.6766
290.6338
290.5907
290.5474
290.5039
290.4601
290.4162
290.3721
290.3278
290.2833
290.2384
290.1932
290.1479
290.1043
290.0653
290.0328
290.0075
289.9887
289.975
289.9649
289.957
289.95
289.9429
289.935
289.926
289.9159
289.905
289.8939
289.8831
289.8731
289.8645
289.8579
289.8538
289.8527
289.855
289.861
289.871
289.8852
289.9037
289.9266
289.9537
289.985
290.0202
290.0592
290.1018
290.1477
290.1967
290.2487
290.3033
290.3604
290.4198
290.4613
290.9882
290.9996
291.0115
291.0239
291.0365
291.0495
291.0628
291.0762
291.0897
291.1033
291.1168
291.1303
291.1436
291.1569
291.1699
291.1828
291.1953
291.2075
291.2192
291.2304
291.2411
291.2511
291.2605
291.2692
291.2771
291.2842
291.2905
291.2959
291.3004
291.304
291.3066
291.3083
291.3092
291.3095
291.3091
291.3082
291.3068
291.3051
291.3031
291.301
291.2989
291.2967
291.2942
291.2913
291.2879
291.2842
291.2801
291.2756
291.2708
291.2656
291.26
291.2541
291.2479
291.2414
291.2345
291.2274
291.22
291.2123
291.2044
291.1962
291.1878
291.1791
291.1702
291.161
291.1516
291.142
291.1322
291.1222
291.1119
291.1014
291.0907
291.0798
291.0687
291.0574
291.0458
291.034
291.022
291.0098
290.9974
290.9861
290.9776
290.9723
290.9693
290.9678
290.9669
290.966
290.9647
290.9629
290.9605
290.9572
290.9533
290.9487
290.9435
290.9378
290.9316
290.9254
290.9194
290.9139
290.9089
290.9046
290.901
290.8984
290.8966
290.8957
290.8958
290.8969
290.8988
290.9018
290.9056
290.9103
290.9158
290.9222
290.9293
290.9372
290.9457
290.9549
290.9646
290.9749
290.9821
296.2156
296.2608
296.3071
296.3545
296.4029
296.4525
296.5031
296.5544
296.6062
296.6586
296.7113
296.7641
296.8167
296.8689
296.9204
296.971
297.0206
297.0687
297.1153
297.16
297.2028
297.2434
297.2816
297.3171
297.3497
297.3792
297.4057
297.429
297.4491
297.4658
297.4793
297.4898
297.4978
297.5037
297.5074
297.5094
297.5095
297.5082
297.5053
297.5011
297.4957
297.4886
297.4794
297.4681
297.455
297.4401
297.4237
297.4058
297.3866
297.3661
297.3444
297.3215
297.2977
297.2729
297.2472
297.2206
297.1932
297.1651
297.1363
297.1069
297.0768
297.0462
297.0149
296.9832
296.9509
296.918
296.8847
296.8508
296.8165
296.7817
296.7464
296.7106
296.6743
296.6376
296.6005
296.563
296.525
296.4867
296.448
296.4089
296.3698
296.3309
296.2923
296.2542
296.2167
296.1797
296.1433
296.1074
296.0721
296.0374
296.0038
295.9718
295.9415
295.9131
295.8868
295.8632
295.8427
295.8254
295.8116
295.8014
295.7948
295.7917
295.7923
295.7966
295.8044
295.8157
295.8302
295.8481
295.869
295.893
295.9198
295.9492
295.981
296.0153
296.0519
296.0905
296.1311
296.1734
296.2031
293.1223
293.1748
293.2284
293.2829
293.3383
293.3942
293.4506
293.5072
293.5637
293.6199
293.6758
293.731
293.7851
293.838
293.8893
293.9389
293.9866
294.0321
294.0752
294.1158
294.1536
294.1885
294.2204
294.2489
294.2741
294.2957
294.3138
294.3284
294.3394
294.347
294.351
294.352
294.3505
294.347
294.3419
294.3354
294.328
294.3197
294.311
294.302
294.2928
294.2829
294.2714
294.2581
294.243
294.2263
294.2081
294.1884
294.1674
294.1453
294.122
294.0977
294.0725
294.0466
294.0199
293.9928
293.9651
293.9369
293.9084
293.8794
293.8501
293.8203
293.79
293.7593
293.728
293.6962
293.664
293.6311
293.5978
293.5639
293.5296
293.4948
293.4595
293.4237
293.3876
293.351
293.314
293.2765
293.2387
293.2009
293.1639
293.128
293.0935
293.0604
293.0283
292.9969
292.966
292.9353
292.9045
292.8735
292.8426
292.8123
292.783
292.7549
292.7286
292.7045
292.6832
292.6649
292.6499
292.6384
292.6307
292.6267
292.6266
292.6305
292.6385
292.6503
292.6661
292.6856
292.709
292.736
292.7665
292.8002
292.8369
292.8767
292.9194
292.9647
293.0125
293.0624
293.0976
298.5853
298.6108
298.6398
298.6722
298.708
298.747
298.7889
298.8338
298.8814
298.9315
298.984
299.0386
299.0952
299.1535
299.2133
299.2744
299.3365
299.3994
299.4629
299.5266
299.5905
299.6542
299.7174
299.78
299.8417
299.9021
299.961
300.0183
300.0736
300.1268
300.1777
300.2262
300.272
300.3153
300.356
300.3942
300.4299
300.4632
300.4943
300.5233
300.5504
300.5754
300.5981
300.6183
300.6358
300.6504
300.6621
300.6708
300.6765
300.6792
300.679
300.6759
300.6699
300.6613
300.65
300.6361
300.6198
300.6012
300.5804
300.5573
300.5323
300.5053
300.4765
300.4459
300.4136
300.3797
300.3443
300.3074
300.2692
300.2297
300.1889
300.1469
300.1039
300.0597
300.0146
299.9685
299.9215
299.8737
299.825
299.7756
299.7255
299.6748
299.6238
299.5725
299.521
299.4696
299.4183
299.3672
299.3163
299.2657
299.2154
299.1656
299.1163
299.0676
299.0197
298.9726
298.9266
298.8819
298.8387
298.7972
298.7578
298.7206
298.6859
298.6539
298.6248
298.5988
298.5761
298.5567
298.5409
298.5287
298.5202
298.5155
298.5146
298.5175
298.5243
298.5349
298.5494
298.5677
298.5822
298.2916
298.3263
298.3641
298.4049
298.4483
298.4944
298.5428
298.5934
298.6461
298.7005
298.7566
298.814
298.8727
298.9322
298.9924
299.0529
299.1137
299.1743
299.2346
299.2945
299.3536
299.4119
299.469
299.5246
299.5786
299.6307
299.6807
299.7284
299.7737
299.8164
299.8564
299.8936
299.928
299.9598
299.9888
300.0153
300.0393
300.0609
300.0803
300.0976
300.1129
300.1258
300.1362
300.1437
300.1483
300.1499
300.1486
300.1443
300.1373
300.1276
300.1154
300.1008
300.084
300.065
300.0441
300.0213
299.9969
299.9709
299.9434
299.9145
299.8844
299.8531
299.8208
299.7874
299.7531
299.7179
299.6819
299.6452
299.6077
299.5696
299.5309
299.4916
299.4517
299.4114
299.3705
299.3292
299.2875
299.2454
299.203
299.1601
299.117
299.0735
299.0298
298.9858
298.9416
298.8973
298.8528
298.8083
298.7638
298.7194
298.6751
298.6311
298.5875
298.5446
298.5026
298.4616
298.422
298.3841
298.348
298.3142
298.2829
298.2543
298.2286
298.206
298.1867
298.1708
298.1585
298.1498
298.1448
298.1436
298.1462
298.1525
298.1626
298.1765
298.1941
298.2154
298.2403
298.2686
298.2898
306.57
306.5885
306.6098
306.6338
306.6605
306.6896
306.7211
306.755
306.7911
306.8292
306.8693
306.9111
306.9547
306.9997
307.0459
307.0933
307.1417
307.1907
307.2404
307.2904
307.3406
307.3908
307.4409
307.4906
307.5397
307.588
307.6353
307.6814
307.7262
307.7696
307.8113
307.8513
307.8896
307.9261
307.961
307.9942
308.0259
308.0562
308.0852
308.113
308.1397
308.1651
308.1886
308.2098
308.2284
308.2441
308.2567
308.2664
308.273
308.2766
308.2775
308.2756
308.2712
308.2643
308.2551
308.2437
308.2303
308.2149
308.1978
308.1789
308.1584
308.1364
308.113
308.0883
308.0622
308.035
308.0066
307.9771
307.9466
307.9152
307.8828
307.8495
307.8154
307.7805
307.7448
307.7084
307.6712
307.6335
307.595
307.556
307.5164
307.4764
307.436
307.3954
307.3546
307.3138
307.2729
307.232
307.1911
307.1503
307.1096
307.0691
307.0288
306.9889
306.9494
306.9106
306.8727
306.8358
306.8001
306.766
306.7334
306.7028
306.6742
306.6477
306.6237
306.6021
306.5831
306.5668
306.5532
306.5425
306.5347
306.5298
306.5279
306.529
306.533
306.54
306.55
306.5628
306.5732
304.9833
305.0058
305.0311
305.0593
305.0903
305.1238
305.1597
305.198
305.2385
305.281
305.3254
305.3715
305.4191
305.468
305.5181
305.5691
305.6208
305.6731
305.7257
305.7785
305.8313
305.8839
305.9362
305.9879
306.0388
306.0887
306.1375
306.1849
306.2309
306.2752
306.3177
306.3584
306.3971
306.4339
306.4687
306.5016
306.5327
306.5619
306.5894
306.6152
306.6394
306.6619
306.6823
306.7005
306.7161
306.7291
306.7394
306.7468
306.7515
306.7534
306.7527
306.7493
306.7434
306.735
306.7244
306.7115
306.6966
306.6797
306.6608
306.6403
306.618
306.5942
306.5689
306.5423
306.5143
306.4851
306.4547
306.4232
306.3907
306.3573
306.323
306.2878
306.2518
306.215
306.1776
306.1394
306.1007
306.0614
306.0215
305.981
305.9401
305.8988
305.857
305.8149
305.7725
305.7299
305.6871
305.6443
305.6013
305.5584
305.5156
305.4729
305.4305
305.3886
305.3473
305.3068
305.2672
305.2288
305.1918
305.1564
305.1228
305.0913
305.062
305.0351
305.0108
304.9892
304.9705
304.9548
304.9421
304.9326
304.9263
304.9232
304.9233
304.9267
304.9334
304.9434
304.9566
304.9729
304.9858
295.9157
295.9627
296.0098
296.0567
296.1035
296.15
296.1959
296.2408
296.2846
296.3272
296.3686
296.4088
296.4472
296.4837
296.5181
296.5504
296.5803
296.6075
296.6319
296.6533
296.6719
296.6875
296.6997
296.7087
296.7143
296.7167
296.7162
296.713
296.7071
296.6986
296.6874
296.6743
296.6599
296.6447
296.6289
296.6128
296.5965
296.5804
296.5649
296.5505
296.5379
296.5271
296.5167
296.5054
296.4925
296.4776
296.4607
296.442
296.4219
296.4004
296.3778
296.3542
296.3297
296.3045
296.2787
296.2524
296.2257
296.1986
296.1711
296.1433
296.115
296.0864
296.0574
296.028
295.9982
295.9681
295.9377
295.9069
295.8757
295.8442
295.8124
295.7802
295.7477
295.7149
295.6817
295.648
295.6138
295.5792
295.5442
295.5098
295.4772
295.4486
295.4256
295.408
295.3945
295.3837
295.3741
295.3646
295.354
295.3418
295.3285
295.3147
295.301
295.2883
295.2768
295.2673
295.2606
295.2576
295.2585
295.2637
295.273
295.2863
295.3036
295.3248
295.3495
295.3776
295.4085
295.4419
295.4777
295.5156
295.5551
295.5961
295.6383
295.682
295.7268
295.7722
295.8181
295.8644
295.8962
