292.9637
293.0198
293.0741
293.1269
293.1784
293.2274
293.2685
293.3057
293.3388
293.3681
293.3938
293.4168
293.4358
293.4508
293.4619
293.4684
293.4693
293.4654
293.457
293.4439
293.4266
293.4051
293.3792
293.349
293.3144
293.2756
293.2327
293.1861
293.1356
293.0814
293.0258
292.9696
292.9119
292.853
292.7928
292.7325
292.6724
292.6124
292.5525
292.4929
292.4351
292.3789
292.3242
292.271
292.2195
292.171
292.1249
292.0807
292.0385
291.9982
291.9602
291.9244
291.891
291.8598
291.831
291.8038
291.7786
291.7553
291.7338
291.7143
291.6972
291.6821
291.6687
291.657
291.647
291.6388
291.632
291.6266
291.6225
291.6198
291.6183
291.6178
291.6181
291.6193
291.6214
291.6244
291.6278
291.6317
291.636
291.6408
291.6462
291.652
291.6583
291.665
291.673
291.6831
291.6948
291.7083
291.7236
291.7384
291.7537
291.7701
291.7879
291.807
291.8281
291.8511
291.876
291.9028
291.9316
291.9622
291.9946
292.0289
292.065
292.1031
292.1489
292.1985
292.2518
292.3086
292.3688
292.4298
292.493
292.5583
292.6257
292.694
292.7559
292.8159
292.8742
292.9306
292.968
293.3413
293.3904
293.4379
293.4842
293.5292
293.5728
293.6137
293.6508
293.6842
293.7139
293.74
293.7622
293.7802
293.7941
293.8038
293.8096
293.8112
293.8087
293.802
293.7911
293.7759
293.7566
293.7333
293.706
293.6747
293.6394
293.6005
293.558
293.5119
293.4624
293.41
293.3566
293.3027
293.2483
293.1932
293.138
293.0836
293.0301
292.9773
292.9253
292.8742
292.8246
292.777
292.7314
292.6877
292.6462
292.6068
292.5691
292.533
292.4986
292.4664
292.4374
292.4114
292.3881
292.3673
292.3486
292.3318
292.3168
292.3035
292.2919
292.2813
292.2715
292.2626
292.2549
292.2484
292.2433
292.2397
292.2372
292.2358
292.2353
292.2359
292.2374
292.2395
292.2422
292.2454
292.2483
292.251
292.2535
292.256
292.2586
292.2613
292.2641
292.267
292.2701
292.2735
292.2784
292.285
292.2933
292.3031
292.3143
292.3265
292.3396
292.3539
292.3695
292.3862
292.4043
292.4242
292.4461
292.4701
292.4961
292.5236
292.5527
292.5834
292.616
292.6509
292.6891
292.7306
292.7755
292.8237
292.8744
292.9269
292.9812
293.0372
293.0949
293.1525
293.2085
293.2628
293.3154
293.3503
299.963
299.9867
300.0101
300.0329
300.0551
300.0768
300.0978
300.118
300.1373
300.1557
300.1731
300.1893
300.2042
300.2178
300.23
300.2409
300.2504
300.2584
300.2648
300.2697
300.273
300.2747
300.2746
300.2729
300.2693
300.264
300.257
300.2483
300.238
300.226
300.2125
300.1979
300.1823
300.1658
300.1482
300.1298
300.1109
300.0915
300.0716
300.0513
300.0307
300.0103
299.99
299.9699
299.9501
299.9306
299.9113
299.8924
299.8737
299.8554
299.8374
299.8197
299.8024
299.7855
299.769
299.7528
299.737
299.7214
299.7062
299.6913
299.6768
299.6629
299.6494
299.6364
299.624
299.612
299.6004
299.5893
299.5786
299.5683
299.5585
299.549
299.5399
299.5311
299.5227
299.5147
299.5071
299.4998
299.4929
299.4863
299.4803
299.4747
299.4698
299.4654
299.4616
299.4589
299.4572
299.4566
299.4572
299.4589
299.4619
299.4663
299.472
299.4792
299.4877
299.4972
299.5079
299.5197
299.5326
299.5467
299.562
299.5785
299.5962
299.6151
299.635
299.6557
299.6772
299.6995
299.7226
299.7462
299.7702
299.7945
299.8191
299.844
299.8691
299.8943
299.9194
299.9445
299.9615
289.1342
289.1592
289.1832
289.2062
289.2281
289.2488
289.2678
289.2846
289.2988
289.3107
289.3203
289.3279
289.3332
289.3364
289.3372
289.3358
289.3321
289.3257
289.3168
289.3056
289.2922
289.2764
289.2582
289.2376
289.2151
289.1907
289.165
289.1383
289.111
289.0834
289.0562
289.0316
289.0116
288.9971
288.9882
288.9844
288.9858
288.992
289.0029
289.018
289.0367
289.0587
289.0832
289.1099
289.1386
289.169
289.2004
289.2327
289.2656
289.2993
289.3333
289.3672
289.4009
289.4343
289.4674
289.5003
289.5327
289.5643
289.595
289.6248
289.6534
289.6799
289.704
289.7255
289.7448
289.7615
289.7752
289.7858
289.7935
289.7984
289.8005
289.7995
289.7955
289.7885
289.7787
289.7659
289.75
289.7308
289.7086
289.6834
289.6552
289.6242
289.5903
289.5535
289.514
289.4719
289.4272
289.3801
289.3307
289.2793
289.2281
289.179
289.1327
289.0895
289.0497
289.0138
288.9825
288.9558
288.9341
288.917
288.9042
288.8952
288.8899
288.8879
288.8891
288.8933
288.9001
288.9094
288.9212
288.9351
288.9507
288.9677
288.9858
289.0052
289.0258
289.0469
289.0684
289.0902
289.1052
289.1446
289.1747
289.2035
289.2306
289.2557
289.2787
289.2997
289.3184
289.3346
289.3483
289.3595
289.3681
289.3738
289.3765
289.3763
289.3734
289.368
289.3602
289.3501
289.3381
289.3241
289.3084
289.2907
289.2712
289.25
289.2272
289.2031
289.1781
289.1523
289.126
289.0995
289.0732
289.0479
289.024
289.0015
288.9807
288.9615
288.9441
288.9286
288.9149
288.9031
288.8932
288.8851
288.8789
288.8745
288.8719
288.8708
288.8713
288.8732
288.8765
288.8811
288.8871
288.8945
288.9037
288.9149
288.9282
288.9438
288.9617
288.9817
289.0038
289.0277
289.0527
289.0782
289.1035
289.1281
289.1518
289.1743
289.1953
289.2146
289.2321
289.2477
289.2611
289.2722
289.281
289.2875
289.2915
289.293
289.2919
289.2885
289.283
289.2751
289.2647
289.2517
289.2363
289.2187
289.199
289.1773
289.1539
289.1289
289.1024
289.0752
289.0479
289.021
288.9946
288.9688
288.9443
288.9216
288.9014
288.8839
288.8694
288.8582
288.8504
288.846
288.8449
288.8471
288.8521
288.8596
288.8696
288.8817
288.8959
288.9116
288.9286
288.9466
288.9654
288.9851
289.0056
289.0268
289.0488
289.0642
289.6066
289.6078
289.6098
289.6124
289.6154
289.6189
289.6226
289.6264
289.6303
289.6343
289.6381
289.6417
289.6451
289.6481
289.6508
289.653
289.6547
289.6558
289.6563
289.6561
289.655
289.6532
289.6504
289.6468
289.6423
289.6369
289.6306
289.6235
289.6159
289.6081
289.6002
289.5925
289.5853
289.5785
289.5724
289.5668
289.562
289.5578
289.5544
289.5517
289.5499
289.5489
289.5489
289.5499
289.552
289.5551
289.5594
289.5648
289.5712
289.5786
289.5871
289.5967
289.6072
289.6186
289.6309
289.6441
289.658
289.6726
289.6879
289.7037
289.7199
289.7366
289.7535
289.7707
289.7878
289.805
289.8221
289.8389
289.8555
289.8716
289.8872
289.9023
289.9166
289.9301
289.9428
289.9546
289.9653
289.975
289.9836
289.991
289.9973
290.0023
290.0061
290.0085
290.0096
290.0093
290.0076
290.0046
290
289.994
289.9866
289.9777
289.9674
289.9558
289.9429
289.9289
289.9139
289.898
289.8816
289.8649
289.848
289.8313
289.8149
289.799
289.7837
289.7691
289.7554
289.7427
289.7311
289.7205
289.7111
289.7028
289.6956
289.6894
289.6842
289.68
289.6768
289.6746
289.6737
289.3608
289.3598
289.3589
289.3581
289.3575
289.357
289.3566
289.3563
289.356
289.3557
289.3553
289.3549
289.3545
289.3539
289.3533
289.3526
289.3517
289.3507
289.3496
289.3484
289.347
289.3456
289.344
289.3423
289.3405
289.3386
289.3366
289.3345
289.3323
289.3302
289.328
289.3258
289.3237
289.3216
289.3196
289.3176
289.3157
289.3139
289.3124
289.311
289.3098
289.309
289.3084
289.3082
289.3083
289.3088
289.3096
289.3108
289.3125
289.3144
289.3168
289.3196
289.3229
289.3265
289.3307
289.3352
289.3401
289.3454
289.351
289.357
289.3632
289.3697
289.3763
289.383
289.3898
289.3967
289.4036
289.4104
289.4172
289.424
289.4306
289.4372
289.4436
289.4498
289.4558
289.4617
289.4673
289.4728
289.478
289.483
289.4878
289.4922
289.4962
289.4999
289.5033
289.5062
289.5089
289.5111
289.513
289.5144
289.5153
289.5153
289.5146
289.5129
289.5105
289.5074
289.5037
289.4995
289.495
289.4901
289.4851
289.4799
289.4748
289.4696
289.4646
289.4598
289.4551
289.4506
289.4464
289.4424
289.4387
289.4352
289.4319
289.4289
289.426
289.4234
289.421
289.4188
289.4174
293.2244
293.2337
293.2435
293.2538
293.2647
293.2762
293.288
293.3004
293.3131
293.3261
293.3395
293.3531
293.367
293.381
293.3951
293.4093
293.4235
293.4376
293.4516
293.4654
293.4789
293.4922
293.505
293.5175
293.5294
293.5408
293.5516
293.5619
293.5717
293.5808
293.5893
293.5971
293.6044
293.6111
293.6172
293.6227
293.6276
293.632
293.6358
293.6391
293.6418
293.6439
293.6456
293.6466
293.6472
293.6472
293.6466
293.6456
293.644
293.6419
293.6393
293.6362
293.6326
293.6284
293.6237
293.6185
293.6128
293.6066
293.6
293.5929
293.5853
293.5773
293.5689
293.5601
293.5509
293.5413
293.5313
293.521
293.5104
293.4994
293.4881
293.4766
293.4648
293.4527
293.4405
293.428
293.4156
293.4038
293.3928
293.3825
293.3729
293.3639
293.3556
293.3478
293.3406
293.334
293.3278
293.3221
293.3169
293.3121
293.3078
293.3039
293.3005
293.2975
293.2952
293.2934
293.2922
293.2918
293.2915
293.291
293.2904
293.2897
293.2892
293.2888
293.2888
293.2892
293.2901
293.2916
293.2937
293.2963
293.2997
293.3037
293.3084
293.3138
293.3199
293.3267
293.3342
293.3423
293.3483
289.6646
289.6706
289.6771
289.6842
289.6917
289.6998
289.7082
289.717
289.7261
289.7355
289.7451
289.7549
289.7647
289.7747
289.7846
289.7945
289.8043
289.814
289.8234
289.8326
289.8415
289.8501
289.8583
289.8661
289.8735
289.8803
289.8867
289.8926
289.8979
289.9028
289.9071
289.9109
289.9143
289.9171
289.9196
289.9216
289.9231
289.9243
289.9252
289.9256
289.9257
289.9256
289.9251
289.9243
289.9232
289.9219
289.9204
289.9186
289.9167
289.9145
289.9122
289.9097
289.9071
289.9043
289.9015
289.8986
289.8956
289.8926
289.8895
289.8864
289.8833
289.8802
289.8771
289.8739
289.8706
289.8673
289.8639
289.8604
289.8569
289.8532
289.8493
289.8454
289.8413
289.837
289.8326
289.828
289.8233
289.8186
289.814
289.8094
289.8049
289.8006
289.7963
289.7921
289.788
289.784
289.7801
289.7762
289.7724
289.7687
289.7651
289.7616
289.7582
289.7549
289.7518
289.7489
289.7463
289.7441
289.7421
289.7402
289.7385
289.7371
289.7359
289.735
289.7344
289.7342
289.7345
289.7351
289.7362
289.7379
289.74
289.7426
289.7458
289.7495
289.7538
289.7587
289.7641
289.7701
289.7745
304.2098
304.2141
304.2194
304.2256
304.2327
304.2406
304.2492
304.2586
304.2686
304.2793
304.2905
304.3021
304.3142
304.3267
304.3394
304.3523
304.3654
304.3785
304.3917
304.4047
304.4177
304.4305
304.443
304.4551
304.467
304.4783
304.4892
304.4996
304.5094
304.5186
304.5272
304.5352
304.5425
304.5492
304.5554
304.5609
304.5659
304.5703
304.5742
304.5777
304.5807
304.5833
304.5855
304.5874
304.5889
304.5902
304.5911
304.5919
304.5924
304.5927
304.5928
304.5927
304.5925
304.592
304.5914
304.5907
304.5898
304.5887
304.5874
304.5859
304.5842
304.5823
304.5802
304.5778
304.5752
304.5724
304.5693
304.5659
304.5623
304.5583
304.5541
304.5496
304.5447
304.5395
304.5339
304.528
304.5217
304.5151
304.5081
304.5008
304.493
304.485
304.4766
304.4678
304.4587
304.4492
304.4394
304.4293
304.4189
304.4082
304.3973
304.3861
304.3746
304.3631
304.3514
304.3396
304.3279
304.3162
304.3047
304.2933
304.2823
304.2717
304.2616
304.252
304.243
304.2348
304.2273
304.2206
304.2148
304.2099
304.206
304.2031
304.2011
304.2001
304.2002
304.2013
304.2034
304.2065
304.2092
296.916
296.9248
296.9346
296.9454
296.9571
296.9698
296.9833
296.9976
297.0128
297.0285
297.0448
297.0616
297.0788
297.0963
297.114
297.132
297.1502
297.1683
297.1864
297.2043
297.2221
297.2395
297.2567
297.2735
297.2898
297.3056
297.3208
297.3354
297.3493
297.3625
297.375
297.3867
297.3976
297.4078
297.4173
297.426
297.434
297.4412
297.4478
297.4537
297.459
297.4636
297.4676
297.4709
297.4737
297.4759
297.4775
297.4785
297.479
297.4788
297.4781
297.4769
297.475
297.4725
297.4695
297.4659
297.4618
297.4571
297.4517
297.4458
297.4393
297.4322
297.4245
297.4163
297.4076
297.3984
297.3887
297.3785
297.3678
297.3568
297.3454
297.3335
297.3213
297.3088
297.296
297.2828
297.2695
297.2558
297.242
297.228
297.2139
297.1997
297.1854
297.1711
297.1567
297.1423
297.1279
297.1136
297.0993
297.0851
297.0711
297.0572
297.0434
297.0299
297.0166
297.0037
296.9911
296.979
296.9673
296.9562
296.9457
296.9359
296.9269
296.9187
296.9114
296.905
296.8995
296.8951
296.8919
296.8898
296.8888
296.8891
296.8905
296.893
296.8968
296.9017
296.9079
296.9152
296.9209
307.5468
307.549
307.5522
307.5564
307.5614
307.5673
307.5741
307.5817
307.5901
307.5992
307.609
307.6193
307.6303
307.6417
307.6536
307.6659
307.6784
307.6913
307.7043
307.7175
307.7307
307.7439
307.7571
307.7701
307.7829
307.7955
307.8078
307.8197
307.8313
307.8425
307.8532
307.8635
307.8734
307.8827
307.8917
307.9002
307.9082
307.9159
307.9231
307.93
307.9366
307.9428
307.9486
307.9542
307.9594
307.9643
307.969
307.9733
307.9774
307.9813
307.9848
307.988
307.991
307.9937
307.9961
307.9981
307.9999
308.0013
308.0024
308.003
308.0033
308.0032
308.0027
308.0017
308.0003
307.9985
307.9962
307.9935
307.9903
307.9866
307.9825
307.9779
307.9728
307.9671
307.961
307.9543
307.9472
307.9395
307.9314
307.9227
307.9136
307.904
307.894
307.8835
307.8726
307.8613
307.8496
307.8375
307.825
307.8121
307.799
307.7856
307.7719
307.7581
307.7442
307.7301
307.7161
307.7022
307.6884
307.6748
307.6615
307.6486
307.6362
307.6243
307.6131
307.6025
307.5926
307.5836
307.5754
307.5681
307.5616
307.5562
307.5517
307.5482
307.5458
307.5443
307.5439
307.5445
307.5455
302.1835
302.1864
302.1901
302.1948
302.2003
302.2066
302.2138
302.2217
302.2305
302.2399
302.2499
302.2606
302.2718
302.2835
302.2956
302.3081
302.321
302.3341
302.3474
302.3609
302.3744
302.388
302.4016
302.415
302.4284
302.4415
302.4544
302.4669
302.4792
302.4911
302.5026
302.5136
302.5243
302.5345
302.5442
302.5535
302.5624
302.5709
302.5789
302.5864
302.5935
302.6002
302.6065
302.6124
302.6178
302.6228
302.6274
302.6316
302.6354
302.6388
302.6417
302.6442
302.6463
302.6479
302.6491
302.6499
302.6502
302.6501
302.6494
302.6484
302.6468
302.6447
302.6422
302.6392
302.6357
302.6317
302.6272
302.6223
302.617
302.6111
302.6049
302.5981
302.591
302.5834
302.5754
302.5669
302.5581
302.5488
302.5392
302.5293
302.519
302.5084
302.4976
302.4864
302.475
302.4633
302.4515
302.4394
302.4271
302.4147
302.4021
302.3894
302.3767
302.3639
302.3511
302.3384
302.3258
302.3133
302.3011
302.2891
302.2775
302.2662
302.2555
302.2452
302.2355
302.2265
302.2182
302.2105
302.2037
302.1977
302.1925
302.1883
302.1849
302.1824
302.1809
302.1803
302.1807
302.182
302.1835
294.4069
294.4213
294.4354
294.449
294.462
294.4745
294.4863
294.4973
294.5076
294.5172
294.5261
294.5343
294.5415
294.5477
294.553
294.5573
294.5606
294.5629
294.5642
294.5646
294.5641
294.5626
294.5605
294.5577
294.5543
294.5505
294.5464
294.5423
294.5383
294.5346
294.5313
294.5285
294.5263
294.5246
294.5232
294.5221
294.5211
294.5202
294.5194
294.5185
294.5177
294.5168
294.516
294.5154
294.5148
294.5144
294.5142
294.5142
294.5143
294.5147
294.5153
294.5162
294.5176
294.5193
294.5216
294.5244
294.5277
294.5316
294.5359
294.5406
294.5456
294.5508
294.5562
294.5615
294.5667
294.5718
294.5765
294.5809
294.5848
294.5882
294.5911
294.5933
294.5949
294.5959
294.5963
294.5959
294.5947
294.5928
294.5901
294.5867
294.5826
294.5778
294.5723
294.5661
294.5593
294.5519
294.5439
294.5352
294.5257
294.5153
294.504
294.4919
294.4793
294.4662
294.4526
294.4388
294.4252
294.4119
294.399
294.3868
294.3755
294.3652
294.356
294.3479
294.3414
294.3365
294.3331
294.3312
294.3309
294.332
294.3344
294.3379
294.3426
294.3483
294.3551
294.3626
294.3708
294.3795
294.3856
