299.6917
299.9469
300.1961
300.4391
300.6757
300.9033
301.1075
301.2966
301.471
301.6308
301.7743
301.8948
301.996
302.0779
302.1407
302.1829
302.201
302.1973
302.172
302.1257
302.0527
301.9499
301.824
301.6756
301.5055
301.3193
301.1206
300.9065
300.6777
300.4346
300.1935
299.9592
299.7249
299.491
299.2577
299.0297
298.8045
298.5838
298.3652
298.1488
297.9352
297.7239
297.5147
297.3079
297.1033
296.9005
296.6999
296.5014
296.305
296.1106
295.9177
295.7268
295.538
295.3513
295.1667
294.9844
294.8042
294.6261
294.4499
294.2754
294.1014
293.9289
293.7579
293.5884
293.4207
293.2561
293.0932
292.9321
292.7727
292.6145
292.4568
292.3006
292.1458
291.9924
291.8408
291.6913
291.5433
291.3966
291.2513
291.1071
290.9637
290.8215
290.6988
291.112
291.1912
291.285
291.3883
291.499
291.6153
291.7495
291.9022
292.0682
292.2471
292.4386
292.6438
292.8619
293.0925
293.3356
293.5911
293.8592
294.1395
294.4321
294.737
295.0543
295.3758
295.7045
296.0403
296.3831
296.7315
297.0617
297.3884
297.7119
298.0319
298.3467
298.6435
298.9294
299.2046
299.4692
299.6431
299.5096
299.7468
299.9793
300.2046
300.4225
300.6331
300.8334
301.0208
301.1948
301.355
301.5015
301.6306
301.7394
301.8281
301.8972
301.9473
301.9765
301.984
301.9703
301.9361
301.8817
301.8045
301.7041
301.5814
301.4372
301.2725
301.0919
300.8977
300.6902
300.4693
300.2375
300.0056
299.7772
299.5519
299.3293
299.1098
298.8944
298.6798
298.4666
298.2554
298.0464
297.84
297.6361
297.4348
297.236
297.0397
296.8456
296.6535
296.4635
296.2755
296.0896
295.9058
295.7242
295.5447
295.3672
295.1917
295.0179
294.8459
294.6756
294.5071
294.3402
294.175
294.0113
293.8491
293.6885
293.5294
293.3718
293.2157
293.0612
292.9082
292.7566
292.6064
292.4576
292.3102
292.164
292.019
291.8751
291.7324
291.5907
291.4502
291.3107
291.1723
291.0349
291.1035
291.3057
291.4923
291.6515
291.7971
291.936
292.0735
292.2196
292.3782
292.5495
292.7334
292.9299
293.1374
293.355
293.5834
293.8233
294.0733
294.332
294.6006
294.88
295.1708
295.47
295.773
296.0801
296.3922
296.7096
297.0276
297.3388
297.6425
297.9393
298.2296
298.5112
298.7835
299.0461
299.2986
299.4643
297.4871
297.5967
297.704
297.809
297.9118
298.0123
298.1106
298.2063
298.2994
298.3897
298.477
298.5605
298.6396
298.714
298.7835
298.848
298.9074
298.9615
299.01
299.0527
299.0893
299.1188
299.141
299.1558
299.1631
299.1627
299.1548
299.1396
299.1171
299.0874
299.0514
299.0126
298.9715
298.9286
298.884
298.8377
298.7888
298.7353
298.6788
298.6202
298.5598
298.4977
298.4341
298.3693
298.3033
298.2363
298.1683
298.0995
298.03
297.9597
297.8888
297.8173
297.7452
297.6726
297.5995
297.5259
297.4519
297.3775
297.3027
297.2276
297.1522
297.0767
297.001
296.9251
296.8492
296.773
296.6967
296.6201
296.5434
296.4666
296.3896
296.3126
296.2355
296.1584
296.0812
296.004
295.9268
295.8496
295.7725
295.6953
295.6181
295.5409
295.4636
295.4071
295.3495
295.2917
295.2345
295.178
295.1223
295.07
295.0288
294.9994
294.982
294.9766
294.984
295.0057
295.0414
295.0911
295.1547
295.2306
295.3169
295.4133
295.5196
295.6358
295.7584
295.8833
296.0104
296.1395
296.2704
296.4015
296.5315
296.6602
296.7873
296.9128
297.0361
297.1568
297.2745
297.3892
297.4655
304.5031
304.65
304.788
304.9177
305.0397
305.1551
305.2626
305.3601
305.4479
305.5267
305.5971
305.6576
305.7065
305.7442
305.7715
305.7889
305.7953
305.7896
305.7725
305.7442
305.7051
305.6539
305.5897
305.5126
305.423
305.3212
305.2082
305.0859
304.9557
304.819
304.6772
304.5363
304.4021
304.277
304.1618
304.057
303.9622
303.8651
303.7619
303.6544
303.5442
303.433
303.3217
303.211
303.1015
302.9936
302.8874
302.7829
302.6802
302.5793
302.48
302.3823
302.2861
302.1913
302.0977
302.0054
301.9141
301.8237
301.7343
301.6456
301.5578
301.4706
301.384
301.298
301.2124
301.1274
301.0428
300.9586
300.8748
300.7914
300.7084
300.6256
300.5432
300.461
300.3791
300.2973
300.2157
300.1342
300.0529
299.9718
299.8908
299.8099
299.7292
299.6668
299.6387
299.6433
299.6731
299.7153
299.7592
299.7992
299.8427
299.8972
299.967
300.0534
300.1563
300.275
300.4088
300.5568
300.7177
300.8898
301.0706
301.2583
301.452
301.651
301.8546
302.0608
302.2679
302.4756
302.6836
302.8905
303.0936
303.2924
303.4873
303.6786
303.8638
304.04
304.2077
304.3681
304.4736
306.4168
306.5374
306.6486
306.751
306.8464
306.9363
307.0209
307.0989
307.17
307.2346
307.2932
307.3455
307.3907
307.4283
307.4583
307.481
307.4951
307.4988
307.4924
307.4769
307.4527
307.4196
307.3768
307.3244
307.2623
307.191
307.1118
307.0265
306.9368
306.8439
306.75
306.6656
306.6
306.558
306.5416
306.5507
306.5702
306.5321
306.4584
306.3686
306.2712
306.1707
306.0698
305.9701
305.8725
305.7774
305.685
305.5951
305.5078
305.4228
305.34
305.2593
305.1804
305.1032
305.0275
304.9532
304.88
304.8078
304.7365
304.6659
304.5961
304.5269
304.4583
304.3902
304.3225
304.2552
304.1882
304.1214
304.0548
303.9882
303.9218
303.8555
303.7893
303.7232
303.6572
303.5912
303.5252
303.4592
303.3932
303.3272
303.2611
303.195
303.1288
303.0746
303.0477
303.0474
303.0636
303.0841
303.1008
303.11
303.1175
303.1306
303.1542
303.1904
303.2408
303.3062
303.3868
303.4821
303.5909
303.7112
303.8405
303.9766
304.1179
304.2638
304.4133
304.5641
304.7153
304.8665
305.0181
305.17
305.3209
305.47
305.6171
305.7626
305.9056
306.0442
306.1779
306.307
306.3924
303.5285
303.639
303.7506
303.8628
303.9753
304.0876
304.1995
304.3105
304.4202
304.5282
304.6341
304.7375
304.8381
304.9353
305.0288
305.118
305.2027
305.2825
305.357
305.4259
305.4888
305.5455
305.5958
305.6394
305.6762
305.7058
305.7282
305.7433
305.7513
305.7525
305.7472
305.7359
305.7193
305.6981
305.6734
305.6458
305.6161
305.5846
305.551
305.5146
305.4752
305.4327
305.3874
305.3395
305.2895
305.2376
305.1842
305.1293
305.0731
305.0158
304.9576
304.8984
304.8384
304.7776
304.7161
304.6539
304.591
304.5276
304.4638
304.3995
304.3348
304.2697
304.2043
304.1385
304.0722
304.0056
303.9387
303.8716
303.8044
303.7371
303.6699
303.6027
303.5354
303.4678
303.4
303.3318
303.2634
303.1948
303.1259
303.0569
302.9878
302.9185
302.8491
302.7801
302.7134
302.6513
302.5951
302.5449
302.5003
302.4602
302.4237
302.3901
302.3595
302.3322
302.3085
302.289
302.2742
302.2646
302.2609
302.2636
302.2732
302.2899
302.3139
302.3453
302.3841
302.4302
302.4833
302.5432
302.6093
302.6813
302.7589
302.8419
302.9299
303.0227
303.1199
303.2212
303.3257
303.4328
303.5068
305.2642
305.2861
305.3084
305.331
305.354
305.3772
305.4007
305.4243
305.448
305.4716
305.4952
305.5186
305.5416
305.5641
305.5862
305.6076
305.6284
305.6484
305.6677
305.686
305.7034
305.7198
305.735
305.7489
305.7616
305.7729
305.7831
305.7928
305.802
305.811
305.8197
305.8284
305.8371
305.8459
305.8549
305.8643
305.8734
305.8783
305.8806
305.881
305.88
305.8777
305.8744
305.8701
305.8649
305.859
305.8524
305.845
305.837
305.8285
305.8193
305.8096
305.7993
305.7885
305.7773
305.7656
305.7534
305.7407
305.7277
305.7142
305.7002
305.6859
305.6712
305.6561
305.6405
305.6247
305.6084
305.5917
305.5747
305.5574
305.5396
305.5215
305.5031
305.4843
305.4652
305.4457
305.4259
305.4058
305.3853
305.3645
305.3434
305.3219
305.3001
305.2782
305.2565
305.2355
305.2152
305.1958
305.1773
305.1594
305.1424
305.1262
305.1112
305.0974
305.085
305.074
305.0648
305.0574
305.0519
305.0483
305.0464
305.0463
305.0479
305.0512
305.0562
305.0627
305.0708
305.0804
305.0914
305.1039
305.1176
305.1326
305.1487
305.1659
305.1842
305.2034
305.2234
305.2441
305.2586
310.7438
310.7928
310.8463
310.9045
310.9675
311.0352
311.1071
311.1823
311.2604
311.3411
311.4243
311.5098
311.5969
311.6854
311.7749
311.865
311.9552
312.045
312.1342
312.2224
312.3093
312.3943
312.4766
312.556
312.632
312.7045
312.7732
312.838
312.8985
312.9545
313.0058
313.0531
313.0971
313.1381
313.1762
313.2115
313.2438
313.2702
313.2912
313.3071
313.3181
313.3245
313.3265
313.3243
313.3183
313.3085
313.2953
313.2788
313.2592
313.2367
313.2114
313.1835
313.1531
313.1204
313.0855
313.0485
313.0095
312.9685
312.9258
312.8813
312.8352
312.7874
312.7382
312.6875
312.6354
312.5819
312.5272
312.4713
312.4141
312.3558
312.2965
312.2361
312.1747
312.1124
312.0492
311.9851
311.9202
311.8544
311.7879
311.7206
311.6526
311.5839
311.5145
311.445
311.3763
311.3091
311.2434
311.179
311.116
311.0541
310.994
310.9361
310.8806
310.8278
310.7781
310.7316
310.6885
310.6491
310.6135
310.5818
310.554
310.5302
310.5103
310.4944
310.4825
310.4747
310.471
310.4713
310.4756
310.4841
310.4967
310.5135
310.5347
310.5603
310.5902
310.6243
310.6622
310.7039
310.7344
306.5629
306.6166
306.6736
306.7338
306.7973
306.8638
306.9334
307.0055
307.08
307.1567
307.2352
307.3151
307.3957
307.4767
307.5576
307.6384
307.7185
307.7976
307.8753
307.9513
308.0254
308.0972
308.1664
308.2327
308.2958
308.3555
308.4116
308.4641
308.5129
308.5578
308.599
308.6369
308.6722
308.7057
308.7376
308.7685
308.7971
308.8184
308.8343
308.8453
308.8519
308.8544
308.8532
308.8485
308.8406
308.8297
308.8159
308.7993
308.7803
308.7588
308.735
308.709
308.6809
308.6509
308.619
308.5852
308.5497
308.5126
308.4739
308.4336
308.3919
308.3488
308.3043
308.2585
308.2114
308.1631
308.1137
308.0631
308.0114
307.9586
307.9048
307.8501
307.7944
307.7378
307.6803
307.622
307.5629
307.503
307.4423
307.3809
307.3187
307.2559
307.1924
307.1288
307.0659
307.0042
306.9437
306.8842
306.8257
306.7679
306.7114
306.6565
306.6035
306.5527
306.5045
306.4592
306.4172
306.3786
306.3439
306.3132
306.2866
306.2643
306.2464
306.2329
306.2241
306.2198
306.2201
306.2249
306.2344
306.2485
306.2671
306.2903
306.3179
306.3499
306.3863
306.4265
306.4705
306.5181
306.5523
308.3794
308.4386
308.5015
308.5682
308.6383
308.7118
308.7884
308.8682
308.9507
309.036
309.1238
309.2138
309.3059
309.3999
309.4953
309.592
309.6896
309.7879
309.8866
309.9854
310.084
310.1821
310.2794
310.3756
310.4701
310.5627
310.6531
310.7408
310.8254
310.9068
310.9845
311.0585
311.1287
311.1951
311.258
311.3177
311.3742
311.4258
311.4707
311.5077
311.5363
311.5566
311.5689
311.5735
311.571
311.5621
311.5471
311.5267
311.5015
311.4718
311.4381
311.4008
311.3602
311.3167
311.2705
311.2218
311.171
311.1181
311.0634
311.0069
310.9489
310.8895
310.8287
310.7667
310.7035
310.6393
310.574
310.5078
310.4406
310.3727
310.3039
310.2344
310.1641
310.0932
310.0217
309.9495
309.8768
309.8035
309.7298
309.6555
309.5809
309.5057
309.4302
309.3543
309.2781
309.202
309.126
309.0506
308.9759
308.9021
308.8292
308.7575
308.6873
308.6188
308.5523
308.4883
308.4271
308.3691
308.3149
308.2648
308.2194
308.1789
308.1437
308.1142
308.0905
308.0729
308.0614
308.0562
308.0572
308.0645
308.078
308.0976
308.123
308.1541
308.1907
308.2325
308.2792
308.3306
308.3679
301.5011
301.5872
301.6788
301.7756
301.8774
301.9841
302.0952
302.2107
302.3302
302.4534
302.58
302.7097
302.8419
302.9761
303.1119
303.2487
303.386
303.5232
303.6598
303.7953
303.9291
304.0608
304.1898
304.3155
304.4376
304.5554
304.6687
304.7769
304.8795
304.9763
305.0668
305.1509
305.2285
305.2997
305.3647
305.4237
305.4767
305.5213
305.5552
305.5778
305.5893
305.5902
305.5809
305.5624
305.5354
305.5006
305.459
305.4111
305.3576
305.2992
305.2364
305.1697
305.0997
305.0267
304.951
304.8731
304.7932
304.7117
304.6286
304.5443
304.459
304.3727
304.2857
304.1981
304.11
304.0215
303.9327
303.8436
303.7544
303.6651
303.5757
303.4863
303.3969
303.3076
303.2184
303.1294
303.0404
302.9517
302.8631
302.7747
302.6865
302.5986
302.5108
302.4233
302.336
302.249
302.1623
302.0761
301.9905
301.9056
301.8218
301.7394
301.659
301.5811
301.5061
301.4345
301.3668
301.3036
301.2453
301.1922
301.1449
301.1035
301.0685
301.0402
301.0188
301.0046
300.9978
300.9985
301.0069
301.0231
301.0472
301.0792
301.119
301.1663
301.221
301.2829
301.3515
301.4266
301.4812
307.5305
307.5866
307.6463
307.7095
307.776
307.8457
307.9186
307.9946
308.0735
308.1551
308.2395
308.3264
308.4157
308.5072
308.6007
308.696
308.793
308.8913
308.9909
309.0914
309.1926
309.2942
309.3959
309.4973
309.598
309.6975
309.7955
309.8915
309.9852
310.076
310.1636
310.2477
310.3282
310.4051
310.4785
310.5484
310.615
310.6762
310.73
310.7753
310.8116
310.8388
310.8572
310.8672
310.8694
310.8643
310.8525
310.8345
310.811
310.7823
310.7491
310.7116
310.6704
310.6258
310.578
310.5274
310.4743
310.4189
310.3614
310.302
310.2409
310.1782
310.1141
310.0487
309.9822
309.9145
309.8458
309.7762
309.7058
309.6346
309.5626
309.4901
309.4169
309.3431
309.2689
309.1942
309.1191
309.0435
308.9676
308.8914
308.8149
308.7381
308.6611
308.5838
308.5063
308.4289
308.3516
308.2746
308.198
308.1219
308.0466
307.9723
307.8992
307.8278
307.7585
307.6916
307.6276
307.567
307.5102
307.4576
307.4098
307.367
307.3297
307.298
307.2722
307.2526
307.2391
307.232
307.2311
307.2364
307.248
307.2655
307.2888
307.3177
307.352
307.3914
307.4355
307.4841
307.5195
304.4443
304.5055
304.5715
304.6422
304.7175
304.7971
304.8811
304.9691
305.061
305.1566
305.2558
305.3582
305.4636
305.5717
305.6821
305.7945
305.9086
306.0238
306.14
306.2566
306.3732
306.4896
306.6053
306.7199
306.8331
306.9445
307.0536
307.1602
307.2638
307.3641
307.4606
307.5532
307.6416
307.7257
307.8056
307.8811
307.9523
308.018
308.0763
308.1263
308.1675
308.1997
308.2232
308.238
308.2448
308.2437
308.2355
308.2204
308.199
308.1717
308.1389
308.1011
308.0587
308.0119
307.9612
307.9069
307.8493
307.7886
307.7251
307.6591
307.5907
307.5203
307.4479
307.3738
307.2981
307.221
307.1426
307.0631
306.9826
306.9011
306.8189
306.7359
306.6523
306.5682
306.4836
306.3985
306.3132
306.2276
306.1417
306.0557
305.9695
305.8832
305.7968
305.7105
305.6241
305.5378
305.4516
305.3658
305.2803
305.1954
305.1114
305.0285
304.947
304.8673
304.7898
304.7149
304.6429
304.5744
304.5098
304.4494
304.3936
304.3429
304.2976
304.2581
304.2246
304.1974
304.1767
304.1627
304.1555
304.1552
304.1619
304.1754
304.1957
304.2226
304.2559
304.2955
304.3411
304.3923
304.4302
311.575
311.6573
311.739
311.8211
311.9037
311.9864
312.068
312.1453
312.2173
312.2838
312.3451
312.4002
312.4483
312.4901
312.5265
312.5582
312.5852
312.6077
312.6255
312.6387
312.6471
312.6506
312.649
312.6423
312.6303
312.6132
312.5905
312.5619
312.5281
312.4902
312.4496
312.4103
312.3762
312.3484
312.3265
312.3101
312.2992
312.2824
312.2553
312.2209
312.1811
312.1373
312.0903
312.0409
311.9896
311.9372
311.8838
311.8299
311.7758
311.7216
311.6673
311.6131
311.5591
311.505
311.4511
311.3972
311.3431
311.2891
311.2349
311.1806
311.1263
311.072
311.0176
310.963
310.9082
310.853
310.7974
310.7414
310.6851
310.6285
310.5718
310.515
310.4581
310.4009
310.3435
310.2855
310.2272
310.1685
310.1095
310.0503
309.9909
309.9312
309.8713
309.8186
309.7881
309.7781
309.7772
309.7789
309.7813
309.7843
309.7879
309.7925
309.7995
309.8106
309.8274
309.8523
309.8866
309.9295
309.9791
310.0343
310.0948
310.1602
310.2299
310.3036
310.3807
310.4602
310.5418
310.6253
310.7108
310.7981
310.8865
310.9755
311.065
311.1548
311.2439
311.3315
311.4174
311.5018
311.5585
