294.0498
294.0737
294.0959
294.1166
294.1359
294.1535
294.1686
294.1818
294.1932
294.2028
294.2103
294.2146
294.2164
294.2158
294.2127
294.2071
294.1987
294.1877
294.1742
294.1581
294.1393
294.1174
294.0929
294.0658
294.036
294.0045
293.9717
293.9369
293.9003
293.8619
293.8232
293.7847
293.7456
293.7058
293.6654
293.6259
293.5874
293.5491
293.511
293.4731
293.4369
293.4021
293.3685
293.3361
293.3049
293.2761
293.2492
293.2243
293.2011
293.1798
293.1605
293.1431
293.1275
293.1137
293.1016
293.0914
293.0825
293.0749
293.0686
293.0633
293.0586
293.055
293.0525
293.051
293.0508
293.0523
293.0552
293.0594
293.0649
293.0716
293.0785
293.086
293.0938
293.1021
293.1101
293.1174
293.1247
293.132
293.1394
293.1471
293.1551
293.1632
293.1716
293.1804
293.1906
293.2026
293.2157
293.2297
293.2447
293.2604
293.2772
293.2952
293.3144
293.3348
293.3564
293.3795
293.4039
293.4296
293.4566
293.4838
293.5117
293.5406
293.5705
293.6013
293.6329
293.6654
293.6987
293.7329
293.7677
293.799
293.8296
293.8597
293.8892
293.9184
293.9473
293.9755
294.003
294.0298
294.0476
294.3473
294.3706
294.3921
294.4115
294.4288
294.4442
294.4579
294.47
294.4807
294.4898
294.4973
294.5027
294.5055
294.5056
294.5032
294.4983
294.4911
294.4816
294.4699
294.4558
294.4395
294.4205
294.3988
294.3744
294.3473
294.3177
294.2866
294.2545
294.2212
294.1866
294.1507
294.1145
294.0779
294.0411
294.004
293.9667
293.93
293.8936
293.8577
293.8221
293.7872
293.7542
293.7232
293.6941
293.6666
293.641
293.6177
293.5967
293.5778
293.5609
293.5462
293.5332
293.5218
293.5118
293.5033
293.4959
293.4898
293.485
293.4812
293.4785
293.4771
293.4769
293.4777
293.4795
293.4822
293.4858
293.491
293.4977
293.5058
293.5151
293.5249
293.5341
293.5426
293.5507
293.5584
293.5657
293.5729
293.5802
293.5875
293.5948
293.6028
293.6116
293.621
293.6308
293.6409
293.6513
293.6621
293.6736
293.6857
293.6985
293.7118
293.7259
293.7407
293.7565
293.7734
293.791
293.8092
293.8283
293.8485
293.8696
293.8913
293.914
293.9376
293.9622
293.9877
294.014
294.0411
294.0692
294.0981
294.1273
294.1553
294.1824
294.2086
294.2341
294.2589
294.2831
294.3069
294.3302
294.3458
302.4941
302.5113
302.5282
302.5445
302.5604
302.5757
302.5903
302.604
302.6169
302.6289
302.6401
302.6503
302.6596
302.668
302.6753
302.6817
302.687
302.6911
302.694
302.6956
302.6961
302.6955
302.6938
302.691
302.6871
302.682
302.6756
302.668
302.659
302.6488
302.6373
302.6252
302.6123
302.5987
302.5845
302.5695
302.5543
302.5388
302.5231
302.5073
302.4912
302.4751
302.459
302.4428
302.4266
302.4105
302.3946
302.3789
302.3635
302.3483
302.3333
302.3187
302.3044
302.2905
302.2768
302.2636
302.2507
302.2382
302.2261
302.2144
302.2031
302.192
302.1813
302.1708
302.1607
302.1511
302.142
302.1335
302.1257
302.1184
302.1116
302.1054
302.0997
302.0945
302.0897
302.0854
302.0815
302.078
302.0749
302.0722
302.0702
302.069
302.0685
302.0688
302.0698
302.0715
302.0739
302.0771
302.081
302.0856
302.091
302.0973
302.1043
302.1123
302.1211
302.1309
302.1415
302.1531
302.1657
302.1789
302.1925
302.2064
302.2206
302.2352
302.2503
302.266
302.2824
302.2995
302.3171
302.3353
302.3536
302.3721
302.3908
302.4096
302.4284
302.447
302.4655
302.4838
302.4961
286.2379
286.2516
286.2646
286.277
286.2889
286.3004
286.3115
286.3215
286.3306
286.3387
286.3458
286.352
286.3572
286.3614
286.3642
286.3657
286.3655
286.3634
286.3595
286.3539
286.3467
286.3382
286.3282
286.3168
286.3042
286.2905
286.2759
286.2609
286.2457
286.2306
286.2157
286.2024
286.1919
286.1846
286.1805
286.1795
286.1814
286.1859
286.1928
286.202
286.2131
286.2261
286.2409
286.2571
286.2748
286.2936
286.313
286.3328
286.3528
286.3729
286.3931
286.4133
286.4333
286.453
286.4726
286.4917
286.5101
286.5276
286.5444
286.5606
286.5762
286.5909
286.6045
286.6169
286.6283
286.6384
286.6469
286.6538
286.659
286.6624
286.6638
286.6632
286.6606
286.6559
286.6493
286.6409
286.6305
286.6182
286.6041
286.588
286.5698
286.5495
286.527
286.5024
286.476
286.4481
286.419
286.3888
286.3574
286.3252
286.2933
286.2626
286.2335
286.2061
286.1805
286.1569
286.1356
286.1166
286.1
286.0856
286.0736
286.0639
286.0565
286.0516
286.0489
286.0483
286.0498
286.0531
286.0584
286.0654
286.0736
286.083
286.0936
286.1056
286.119
286.1331
286.1478
286.1628
286.1731
285.9465
285.9547
285.9626
285.9699
285.9769
285.9836
285.9903
285.9968
286.0031
286.0093
286.0154
286.0215
286.0276
286.0337
286.0395
286.0449
286.0496
286.0531
286.0553
286.0559
286.055
286.0524
286.0479
286.0416
286.0336
286.0239
286.0129
286.0009
285.9882
285.9749
285.9611
285.9473
285.9338
285.9207
285.9084
285.8966
285.8856
285.8754
285.8659
285.8573
285.8496
285.8427
285.8368
285.8318
285.8279
285.8249
285.8229
285.8216
285.8211
285.8213
285.8222
285.8237
285.826
285.8289
285.8324
285.8365
285.8412
285.8464
285.8519
285.8581
285.8649
285.8726
285.881
285.8903
285.9004
285.9112
285.9229
285.9351
285.9477
285.9606
285.973
285.9844
285.9942
286.0024
286.0087
286.0133
286.0166
286.0184
286.019
286.0182
286.0158
286.0117
286.0058
285.9983
285.9893
285.979
285.9677
285.9555
285.9425
285.9288
285.9147
285.9004
285.8859
285.8714
285.8568
285.8423
285.8282
285.8145
285.8014
285.789
285.7776
285.7675
285.759
285.7522
285.7473
285.744
285.7422
285.7418
285.7427
285.7449
285.7482
285.7525
285.7579
285.7645
285.7724
285.7815
285.7918
285.8031
285.8113
286.3898
286.3891
286.389
286.3893
286.3899
286.3908
286.3919
286.3932
286.3946
286.396
286.3974
286.3987
286.3999
286.401
286.4018
286.4024
286.4028
286.4028
286.4024
286.4017
286.4006
286.399
286.397
286.3945
286.3915
286.388
286.384
286.3795
286.3746
286.3694
286.3642
286.3589
286.3539
286.3491
286.3446
286.3406
286.3372
286.3342
286.3319
286.3301
286.329
286.3285
286.3287
286.3295
286.3311
286.3333
286.3362
286.3398
286.344
286.3488
286.3541
286.3599
286.3662
286.3729
286.3801
286.3878
286.3959
286.4044
286.4133
286.4224
286.4319
286.4415
286.4513
286.4612
286.4711
286.4811
286.4911
286.501
286.5107
286.5203
286.5297
286.5388
286.5475
286.5557
286.5634
286.5705
286.577
286.5828
286.5878
286.5922
286.5959
286.5988
286.601
286.6023
286.6027
286.6022
286.6009
286.5985
286.5953
286.5912
286.5862
286.5804
286.5737
286.5664
286.5582
286.5494
286.5398
286.5297
286.5191
286.5081
286.4968
286.4853
286.4739
286.4625
286.4515
286.4408
286.4305
286.4209
286.4118
286.4035
286.3958
286.3889
286.3828
286.3774
286.3727
286.3688
286.3656
286.3631
286.3618
286.012
286.0098
286.0076
286.0056
286.0036
286.0016
285.9997
285.9978
285.996
285.9942
285.9923
285.9905
285.9887
285.9868
285.985
285.9832
285.9813
285.9794
285.9775
285.9755
285.9735
285.9715
285.9695
285.9674
285.9655
285.9635
285.9617
285.9599
285.9583
285.9568
285.9556
285.9544
285.9534
285.9525
285.9516
285.9507
285.9499
285.9492
285.9487
285.9482
285.9479
285.9477
285.9478
285.948
285.9485
285.9492
285.9502
285.9513
285.9527
285.9543
285.9562
285.9582
285.9606
285.9631
285.9659
285.969
285.9722
285.9756
285.9791
285.9828
285.9866
285.9905
285.9946
285.9988
286.003
286.0074
286.0118
286.0162
286.0207
286.0252
286.0297
286.0342
286.0385
286.0427
286.0468
286.0508
286.0547
286.0585
286.0621
286.0657
286.0692
286.0725
286.0756
286.0785
286.0812
286.0837
286.086
286.0881
286.0899
286.0915
286.0927
286.0934
286.0936
286.0933
286.0924
286.091
286.089
286.0865
286.0836
286.0801
286.0763
286.0723
286.0682
286.0639
286.0596
286.0553
286.0511
286.0468
286.0427
286.0387
286.0347
286.0309
286.0272
286.0236
286.0201
286.0167
286.0135
286.0103
286.0082
292.278
292.2817
292.286
292.2907
292.2959
292.3015
292.3076
292.314
292.3207
292.3276
292.3348
292.3421
292.3495
292.357
292.3644
292.3718
292.3791
292.3863
292.3933
292.4001
292.4066
292.4129
292.4188
292.4244
292.4297
292.4347
292.4392
292.4434
292.4472
292.4507
292.4537
292.4564
292.4587
292.4606
292.4621
292.4633
292.4641
292.4646
292.4647
292.4645
292.4639
292.463
292.4618
292.4602
292.4584
292.4561
292.4536
292.4507
292.4474
292.4439
292.44
292.4357
292.4312
292.4263
292.4211
292.4155
292.4096
292.4035
292.397
292.3902
292.3831
292.3758
292.3681
292.3603
292.3521
292.3438
292.3352
292.3265
292.3175
292.3084
292.2992
292.2898
292.2803
292.2706
292.2608
292.2509
292.241
292.2309
292.2208
292.2107
292.2004
292.1902
292.1799
292.1696
292.1593
292.149
292.1387
292.1284
292.1181
292.1079
292.0978
292.0877
292.0777
292.0678
292.0581
292.0485
292.0392
292.0301
292.0214
292.0129
292.0048
291.9972
291.99
291.9832
291.9769
291.9711
291.9658
291.9611
291.957
291.9536
291.9508
291.9486
291.9472
291.9465
291.9464
291.9471
291.9484
291.9504
291.9521
287.1433
287.1457
287.1485
287.1515
287.1548
287.1585
287.1624
287.1665
287.1709
287.1755
287.1803
287.1852
287.1903
287.1954
287.2005
287.2056
287.2106
287.2156
287.2204
287.225
287.2295
287.2336
287.2376
287.2412
287.2446
287.2476
287.2503
287.2527
287.2548
287.2565
287.2579
287.259
287.2598
287.2602
287.2604
287.2604
287.26
287.2595
287.2587
287.2577
287.2565
287.255
287.2534
287.2517
287.2497
287.2476
287.2454
287.243
287.2405
287.2379
287.2352
287.2323
287.2294
287.2263
287.2232
287.2199
287.2166
287.2132
287.2097
287.2062
287.2027
287.1991
287.1956
287.192
287.1884
287.1848
287.1812
287.1776
287.1741
287.1704
287.1668
287.163
287.1593
287.1554
287.1514
287.1474
287.1432
287.1389
287.1345
287.1299
287.1252
287.1204
287.1154
287.1102
287.1049
287.0995
287.0939
287.0881
287.0822
287.0762
287.0701
287.0638
287.0575
287.0511
287.0447
287.0383
287.0318
287.0255
287.0192
287.013
287.0069
287.0011
286.9954
286.99
286.9849
286.9801
286.9756
286.9714
286.9677
286.9643
286.9614
286.9589
286.9569
286.9553
286.9543
286.9537
286.9537
286.9541
286.9546
296.0918
296.0958
296.1004
296.1057
296.1115
296.118
296.1249
296.1323
296.1402
296.1484
296.157
296.1659
296.175
296.1844
296.1939
296.2036
296.2133
296.223
296.2327
296.2423
296.2518
296.2611
296.2702
296.2791
296.2877
296.2959
296.3039
296.3114
296.3186
296.3254
296.3317
296.3376
296.343
296.348
296.3525
296.3566
296.3603
296.3636
296.3665
296.369
296.3712
296.3731
296.3746
296.3759
296.3769
296.3777
296.3783
296.3787
296.3788
296.3788
296.3786
296.3781
296.3776
296.3768
296.3759
296.3749
296.3737
296.3723
296.3708
296.3692
296.3674
296.3655
296.3634
296.3612
296.3588
296.3562
296.3535
296.3506
296.3475
296.3443
296.3409
296.3374
296.3337
296.3299
296.3258
296.3216
296.3172
296.3126
296.3078
296.3028
296.2976
296.2922
296.2865
296.2806
296.2745
296.2682
296.2616
296.2549
296.2479
296.2407
296.2333
296.2257
296.2179
296.21
296.202
296.1939
296.1857
296.1775
296.1693
296.1612
296.1533
296.1455
296.138
296.1308
296.1239
296.1175
296.1115
296.1061
296.1012
296.0969
296.0933
296.0903
296.088
296.0864
296.0855
296.0854
296.086
296.0873
296.0886
298.0072
298.0147
298.0229
298.0318
298.0413
298.0514
298.062
298.073
298.0845
298.0963
298.1084
298.1208
298.1334
298.1462
298.1591
298.172
298.185
298.1979
298.2106
298.2233
298.2357
298.2479
298.2599
298.2714
298.2827
298.2935
298.3039
298.3138
298.3232
298.332
298.3404
298.3482
298.3554
298.362
298.3681
298.3737
298.3787
298.3832
298.3873
298.3908
298.3938
298.3963
298.3984
298.4001
298.4013
298.4021
298.4025
298.4025
298.402
298.4012
298.3999
298.3981
298.396
298.3934
298.3904
298.3871
298.3833
298.3791
298.3745
298.3695
298.3642
298.3584
298.3523
298.3458
298.339
298.3319
298.3244
298.3166
298.3086
298.3004
298.292
298.2833
298.2745
298.2656
298.2565
298.2473
298.2381
298.2287
298.2192
298.2097
298.2002
298.1906
298.181
298.1714
298.1618
298.1522
298.1427
298.1331
298.1236
298.1141
298.1047
298.0954
298.0862
298.0771
298.0682
298.0594
298.0509
298.0427
298.0347
298.0272
298.0201
298.0134
298.0073
298.0017
297.9967
297.9924
297.9887
297.9857
297.9835
297.982
297.9813
297.9814
297.9822
297.9839
297.9864
297.9896
297.9937
297.9985
298.0022
297.8181
297.8203
297.8234
297.8275
297.8325
297.8383
297.8449
297.8524
297.8605
297.8694
297.8789
297.8891
297.8998
297.911
297.9226
297.9347
297.947
297.9596
297.9723
297.9853
297.9983
298.0113
298.0243
298.0372
298.05
298.0627
298.0751
298.0872
298.099
298.1105
298.1216
298.1322
298.1425
298.1523
298.1616
298.1705
298.1789
298.1868
298.1942
298.2011
298.2076
298.2137
298.2193
298.2244
298.2292
298.2336
298.2375
298.2411
298.2444
298.2472
298.2496
298.2517
298.2534
298.2547
298.2557
298.2564
298.2567
298.2567
298.2564
298.2557
298.2547
298.2534
298.2517
298.2496
298.2472
298.2445
298.2413
298.2378
298.234
298.2297
298.2251
298.2201
298.2148
298.2091
298.203
298.1965
298.1896
298.1824
298.1748
298.1669
298.1585
298.1499
298.1408
298.1315
298.1218
298.1117
298.1014
298.0907
298.0798
298.0686
298.0571
298.0455
298.0336
298.0216
298.0095
297.9973
297.985
297.9729
297.9607
297.9488
297.937
297.9256
297.9144
297.9036
297.8933
297.8835
297.8743
297.8657
297.8577
297.8505
297.8441
297.8385
297.8337
297.8298
297.8269
297.8248
297.8237
297.8236
297.824
300.5994
300.6023
300.6058
300.61
300.6147
300.6201
300.626
300.6324
300.6393
300.6467
300.6545
300.6626
300.6712
300.68
300.6892
300.6985
300.7081
300.7178
300.7277
300.7376
300.7475
300.7574
300.7673
300.7771
300.7868
300.7963
300.8056
300.8147
300.8236
300.8322
300.8405
300.8485
300.8562
300.8636
300.8706
300.8773
300.8836
300.8896
300.8952
300.9005
300.9055
300.9101
300.9144
300.9184
300.9221
300.9254
300.9284
300.931
300.9334
300.9354
300.937
300.9384
300.9394
300.9401
300.9404
300.9404
300.9401
300.9394
300.9385
300.9372
300.9355
300.9336
300.9313
300.9286
300.9257
300.9224
300.9188
300.9148
300.9106
300.9061
300.9013
300.8962
300.8908
300.8851
300.8792
300.873
300.8666
300.8599
300.853
300.8459
300.8385
300.831
300.8232
300.8153
300.8073
300.799
300.7907
300.7821
300.7735
300.7648
300.756
300.7471
300.7382
300.7293
300.7204
300.7115
300.7027
300.6941
300.6856
300.6773
300.6693
300.6615
300.6541
300.647
300.6404
300.6342
300.6285
300.6232
300.6185
300.6144
300.6109
300.608
300.6058
300.6042
300.6032
300.603
300.6034
300.6045
300.6056
289.5709
289.5746
289.5787
289.5828
289.5871
289.5915
289.5959
289.6003
289.6045
289.6086
289.6124
289.6159
289.6188
289.6213
289.6234
289.625
289.6262
289.6269
289.627
289.6266
289.6258
289.6245
289.623
289.6213
289.6192
289.6168
289.6144
289.6119
289.6094
289.607
289.6045
289.6021
289.5998
289.5978
289.596
289.5943
289.5927
289.5913
289.5898
289.5884
289.587
289.5855
289.5841
289.5828
289.5816
289.5807
289.5801
289.5797
289.5797
289.58
289.5804
289.5811
289.582
289.5831
289.5846
289.5865
289.5886
289.5911
289.5937
289.5964
289.5992
289.6019
289.6047
289.6074
289.6099
289.6124
289.6147
289.6168
289.6186
289.6201
289.6211
289.6218
289.622
289.6218
289.6213
289.6202
289.6185
289.6163
289.6137
289.6106
289.6073
289.6038
289.6001
289.596
289.5917
289.5868
289.5815
289.5759
289.5698
289.5635
289.5569
289.5502
289.5432
289.5359
289.5282
289.5201
289.5118
289.5034
289.4949
289.4864
289.4781
289.47
289.4621
289.4548
289.4479
289.4415
289.4358
289.4308
289.4266
289.4231
289.4205
289.4188
289.4179
289.4178
289.4184
289.4196
289.4212
289.4234
289.4251
