288.7302
288.9966
289.2592
289.5121
289.7551
289.9865
290.1924
290.3828
290.5583
290.7191
290.8658
290.9994
291.1173
291.2196
291.3062
291.374
291.416
291.4401
291.4466
291.4359
291.4088
291.3657
291.306
291.23
291.1379
291.0307
290.9095
290.7744
290.6258
290.4639
290.303
290.1494
289.9934
289.8352
289.6751
289.5166
289.3603
289.2045
289.048
288.8925
288.7397
288.588
288.4367
288.2859
288.1356
287.9865
287.8383
287.6907
287.5439
287.3979
287.2531
287.1094
286.9667
286.8249
286.6841
286.543
286.4026
286.2628
286.1237
285.9854
285.8475
285.7104
285.5741
285.4385
285.3041
285.172
285.041
284.9111
284.7823
284.6545
284.5272
284.4008
284.2754
284.1508
284.027
283.9034
283.7806
283.6585
283.5371
283.4155
283.293
283.3489
283.326
283.2906
283.2664
283.2526
283.2447
283.2417
283.2431
283.2472
283.2547
283.2661
283.2818
283.3019
283.3444
283.4076
283.486
283.5806
283.6927
283.8219
283.9685
284.1328
284.315
284.515
284.7314
284.9633
285.2106
285.4729
285.75
286.0381
286.3369
286.6462
286.9657
287.2924
287.5944
287.8928
288.1889
288.4827
288.681
288.647
288.9407
289.2153
289.4762
289.7251
289.9627
290.1873
290.3967
290.5903
290.7684
290.9308
291.077
291.2068
291.32
291.4167
291.4971
291.5621
291.611
291.6435
291.6593
291.6586
291.6413
291.6076
291.558
291.4927
291.4121
291.3169
291.2081
291.0862
290.9516
290.8056
290.655
290.5029
290.3503
290.1975
290.0453
289.8952
289.7478
289.5998
289.4496
289.2978
289.1454
288.9929
288.8407
288.6889
288.5378
288.3874
288.238
288.0895
287.942
287.7956
287.6502
287.5058
287.3624
287.22
287.0786
286.938
286.7982
286.6594
286.5214
286.3843
286.2481
286.1128
285.9784
285.8448
285.7121
285.5805
285.45
285.3205
285.192
285.0646
284.938
284.8125
284.6878
284.5641
284.4412
284.319
284.1976
284.077
283.9571
283.8377
283.7354
283.7917
283.8768
283.9138
283.9317
283.9434
283.9518
283.9577
283.956
283.9328
283.9024
283.8715
283.841
283.8198
283.8295
283.8668
283.9278
284.0107
284.1107
284.2204
284.3425
284.4795
284.6322
284.8028
284.9933
285.2022
285.4282
285.6701
285.9282
286.2028
286.4919
286.7932
287.1054
287.4251
287.7452
288.0622
288.3753
288.586
290.0762
290.1771
290.2768
290.3749
290.4713
290.5659
290.6585
290.7486
290.8361
290.921
291.0031
291.0817
291.1564
291.2271
291.2935
291.3558
291.4137
291.4673
291.5163
291.5608
291.6007
291.6353
291.6643
291.6878
291.7056
291.7178
291.724
291.7241
291.7181
291.7061
291.6886
291.6686
291.6468
291.6234
291.5983
291.5719
291.5445
291.5161
291.4806
291.4396
291.395
291.3476
291.2979
291.2464
291.1932
291.1387
291.0829
291.0261
290.9683
290.9096
290.8502
290.79
290.7292
290.6677
290.6057
290.5432
290.4802
290.4169
290.3531
290.2891
290.2246
290.1599
290.0948
290.0294
289.9637
289.8977
289.8316
289.7652
289.6987
289.632
289.5651
289.4982
289.4312
289.3642
289.297
289.2298
289.1625
289.0951
289.0276
288.96
288.8924
288.8282
288.7748
288.7191
288.662
288.6086
288.5597
288.5154
288.476
288.4415
288.4122
288.3883
288.3699
288.357
288.3508
288.3541
288.3671
288.3896
288.4216
288.4623
288.5101
288.565
288.6268
288.6954
288.7697
288.848
288.9303
289.0163
289.1061
289.1988
289.2934
289.3898
289.4878
289.5873
289.6878
289.7883
289.8888
289.9892
290.0573
292.7097
292.8498
292.984
293.1106
293.2303
293.3438
293.4512
293.5514
293.6445
293.731
293.8109
293.8829
293.9452
293.9979
294.0412
294.0756
294.0998
294.1125
294.1139
294.1041
294.0835
294.0523
294.0103
293.9577
293.8944
293.8207
293.7364
293.6419
293.5375
293.4227
293.2983
293.1697
293.0422
292.9184
292.7996
292.6863
292.579
292.4778
292.3811
292.2856
292.1911
292.0981
292.007
291.9178
291.8305
291.7449
291.661
291.5786
291.4975
291.4177
291.339
291.2614
291.1848
291.1092
291.0344
290.9604
290.8871
290.8143
290.7422
290.6706
290.5995
290.5289
290.4588
290.389
290.3195
290.2504
290.1817
290.1133
290.0452
289.9774
289.91
289.8428
289.7758
289.7091
289.6426
289.5763
289.5104
289.4446
289.3791
289.3138
289.2487
289.1873
289.1714
289.1984
289.2441
289.2909
289.3295
289.3555
289.367
289.3648
289.3606
289.3642
289.38
289.4095
289.4524
289.5093
289.5804
289.6655
289.7639
289.8746
289.9955
290.125
290.2624
290.407
290.5574
290.7108
290.8659
291.0226
291.1809
291.3403
291.4992
291.6572
291.8145
291.9716
292.1273
292.2789
292.4263
292.57
292.6658
294.709
294.8214
294.9288
295.0311
295.1289
295.2225
295.3105
295.3902
295.4608
295.523
295.5776
295.6252
295.6654
295.6982
295.7235
295.7416
295.752
295.7535
295.7459
295.7293
295.7038
295.6695
295.6258
295.573
295.5111
295.4406
295.3618
295.2753
295.1817
295.0815
294.9744
294.8639
294.7542
294.6484
294.5486
294.4562
294.3719
294.2964
294.2276
294.1606
294.0932
294.0251
293.9566
293.888
293.8196
293.7518
293.6847
293.6187
293.5537
293.4897
293.4269
293.3653
293.3047
293.2452
293.1867
293.1291
293.0725
293.0167
292.9616
292.9073
292.8536
292.8004
292.7478
292.6956
292.6438
292.5923
292.5411
292.4903
292.4396
292.3892
292.339
292.2889
292.239
292.1892
292.1396
292.0901
292.0406
291.9912
291.9419
291.8926
291.8433
291.7962
291.7799
291.8027
291.8552
291.9207
291.9833
292.032
292.0608
292.0689
292.0644
292.0567
292.0515
292.0527
292.0626
292.0829
292.1157
292.1625
292.2239
292.2999
292.3889
292.489
292.5985
292.7161
292.8405
292.97
293.1033
293.2394
293.378
293.518
293.6578
293.7965
293.9336
294.0694
294.2034
294.3332
294.4582
294.5787
294.6582
292.1221
292.2117
292.3025
292.3943
292.4868
292.5795
292.6724
292.765
292.8571
292.9482
293.0381
293.1263
293.2127
293.2966
293.3778
293.4557
293.53
293.6005
293.6667
293.7282
293.7847
293.8361
293.882
293.9223
293.9568
293.9854
294.0079
294.0244
294.0348
294.0391
294.0373
294.0296
294.0162
293.9976
293.9746
293.9478
293.9178
293.8851
293.8502
293.8135
293.7752
293.7356
293.6946
293.6523
293.6087
293.564
293.5183
293.4716
293.4242
293.3761
293.3274
293.2782
293.2285
293.1781
293.1272
293.0756
293.0234
292.9708
292.9177
292.8643
292.8106
292.7567
292.7024
292.6479
292.5932
292.5381
292.4828
292.4273
292.3717
292.3159
292.2599
292.204
292.148
292.0921
292.0362
291.9804
291.9246
291.8688
291.8129
291.7568
291.7005
291.6441
291.5881
291.5343
291.4847
291.4407
291.4024
291.3691
291.3397
291.313
291.2878
291.2637
291.2404
291.2182
291.1976
291.1792
291.1636
291.1515
291.1438
291.1409
291.1435
291.1518
291.1662
291.1866
291.2133
291.2461
291.285
291.3297
291.3799
291.4356
291.4964
291.5619
291.6319
291.7059
291.7836
291.8646
291.9485
292.0348
292.0945
293.746
293.761
293.7764
293.7921
293.8082
293.8245
293.8411
293.8578
293.8744
293.8911
293.9076
293.9241
293.9403
293.9562
293.9718
293.987
294.0017
294.0159
294.0295
294.0425
294.0548
294.0663
294.077
294.0867
294.0955
294.1033
294.1101
294.116
294.1209
294.1248
294.1277
294.1296
294.1308
294.1314
294.1314
294.131
294.1304
294.1297
294.1286
294.1268
294.1244
294.1213
294.1176
294.1135
294.1088
294.1037
294.0982
294.0923
294.086
294.0794
294.0724
294.0652
294.0576
294.0497
294.0415
294.033
294.0243
294.0153
294.0061
293.9966
293.9868
293.9768
293.9666
293.9561
293.9454
293.9345
293.9234
293.912
293.9005
293.8887
293.8767
293.8645
293.8521
293.8395
293.8267
293.8137
293.8005
293.7871
293.7735
293.7597
293.7457
293.7317
293.7193
293.7095
293.702
293.6958
293.6899
293.6836
293.6765
293.6687
293.6604
293.6519
293.6436
293.6355
293.6279
293.6209
293.6147
293.6094
293.6053
293.6024
293.6007
293.6002
293.6009
293.6028
293.6059
293.6101
293.6153
293.6215
293.6286
293.6367
293.6458
293.6556
293.6664
293.6779
293.6903
293.7033
293.7168
293.731
293.7409
298.4864
298.5248
298.5657
298.6087
298.6538
298.701
298.7501
298.8009
298.8532
298.9068
298.9617
299.0175
299.0738
299.1303
299.1868
299.2431
299.2991
299.3545
299.4091
299.4627
299.5153
299.5665
299.6159
299.6635
299.7088
299.7517
299.7921
299.8298
299.8646
299.8964
299.9252
299.9513
299.9752
299.9968
300.0164
300.034
300.0496
300.0633
300.0745
300.0829
300.0886
300.0917
300.0924
300.0908
300.0871
300.0812
300.0734
300.0636
300.052
300.0386
300.0236
300.0069
299.9887
299.9691
299.948
299.9255
299.9018
299.8768
299.8506
299.8232
299.7947
299.7652
299.7346
299.7031
299.6706
299.6372
299.6029
299.5678
299.5319
299.4951
299.4576
299.4194
299.3805
299.3409
299.3006
299.2596
299.2181
299.1759
299.1332
299.0899
299.046
299.0017
298.957
298.9121
298.8674
298.8231
298.7791
298.7355
298.6924
298.6498
298.6081
298.5677
298.5288
298.4914
298.4558
298.4224
298.3915
298.3632
298.3377
298.3153
298.296
298.2798
298.2669
298.2572
298.2508
298.2476
298.2475
298.2506
298.2569
298.2664
298.279
298.2947
298.3134
298.3351
298.3599
298.3876
298.4181
298.4515
298.4757
294.8406
294.8961
294.9539
295.0137
295.0754
295.1386
295.2033
295.269
295.3355
295.4024
295.4697
295.5369
295.6036
295.6696
295.7345
295.7982
295.8604
295.921
295.9797
296.0364
296.0908
296.1428
296.1919
296.238
296.2808
296.3202
296.3561
296.3882
296.4166
296.4411
296.4616
296.4786
296.4924
296.5036
296.5124
296.5191
296.5242
296.5279
296.5296
296.5286
296.5248
296.5184
296.5096
296.4985
296.4853
296.4701
296.453
296.4341
296.4135
296.3914
296.3677
296.3427
296.3163
296.2886
296.2597
296.2296
296.1985
296.1662
296.133
296.0988
296.0637
296.0278
295.991
295.9534
295.9151
295.8761
295.8363
295.7959
295.7549
295.7132
295.6709
295.6281
295.5847
295.5407
295.4963
295.4513
295.4059
295.3601
295.3138
295.267
295.2199
295.1724
295.1249
295.0778
295.0315
294.9859
294.941
294.8967
294.8529
294.8095
294.7668
294.7252
294.6848
294.6461
294.6093
294.5747
294.5429
294.5141
294.4887
294.4668
294.4488
294.4347
294.4248
294.4191
294.4177
294.4207
294.4281
294.4399
294.4562
294.4769
294.5019
294.531
294.5641
294.6012
294.6421
294.6864
294.7338
294.7842
294.8201
302.0351
302.0725
302.1129
302.1561
302.2018
302.2498
302.2999
302.352
302.4057
302.461
302.5176
302.5753
302.6339
302.6933
302.7531
302.8132
302.8734
302.9336
302.9934
303.0527
303.1113
303.1691
303.2258
303.2812
303.3352
303.3875
303.4379
303.4864
303.5326
303.5764
303.6176
303.6561
303.692
303.7251
303.7557
303.7838
303.8096
303.8332
303.8548
303.874
303.8906
303.9044
303.9152
303.9229
303.9276
303.9292
303.9279
303.9238
303.917
303.9076
303.8958
303.8817
303.8654
303.8472
303.827
303.805
303.7814
303.7562
303.7295
303.7015
303.6721
303.6415
303.6097
303.5768
303.5428
303.5079
303.472
303.4352
303.3976
303.3591
303.3199
303.2799
303.2392
303.1979
303.1558
303.1132
303.0699
303.0261
302.9817
302.9367
302.8913
302.8454
302.799
302.7523
302.7052
302.658
302.6108
302.5636
302.5165
302.4696
302.4229
302.3766
302.3306
302.2853
302.2408
302.1973
302.1552
302.1146
302.0759
302.0395
302.0057
301.9748
301.9471
301.9227
301.902
301.8851
301.8722
301.8634
301.8588
301.8584
301.8624
301.8705
301.8829
301.8993
301.9197
301.9439
301.9718
302.0032
302.0264
299.3829
299.4142
299.4482
299.4847
299.5236
299.5647
299.6078
299.6529
299.6996
299.748
299.7977
299.8487
299.9008
299.9537
300.0072
300.0612
300.1154
300.1697
300.224
300.2779
300.3313
300.3842
300.4362
300.4872
300.5369
300.5853
300.6322
300.6773
300.7206
300.7618
300.8009
300.8377
300.8724
300.9049
300.9353
300.9637
300.9901
301.0145
301.0368
301.0567
301.0738
301.0878
301.0988
301.1066
301.1114
301.1133
301.1123
301.1087
301.1025
301.094
301.0833
301.0705
301.0558
301.0392
301.021
301.0012
300.9799
300.9571
300.9331
300.9079
300.8815
300.854
300.8255
300.796
300.7655
300.7342
300.7021
300.6691
300.6354
300.601
300.5658
300.53
300.4935
300.4564
300.4187
300.3805
300.3417
300.3024
300.2626
300.2224
300.1817
300.1406
300.0991
300.0572
300.015
299.9724
299.9295
299.8864
299.843
299.7994
299.7558
299.7123
299.6691
299.6266
299.5849
299.5443
299.5053
299.468
299.4328
299.4
299.3698
299.3424
299.318
299.2967
299.2787
299.264
299.2527
299.2449
299.2406
299.2399
299.2427
299.249
299.2588
299.272
299.2885
299.3083
299.3312
299.3572
299.3765
306.0201
306.0481
306.0787
306.1118
306.1472
306.1848
306.2245
306.2662
306.3097
306.3549
306.4016
306.4499
306.4994
306.55
306.6016
306.6541
306.7071
306.7607
306.8145
306.8685
306.9224
306.9761
307.0295
307.0824
307.1345
307.1857
307.2359
307.2847
307.3321
307.3778
307.4217
307.4637
307.5037
307.5417
307.5778
307.6121
307.6448
307.6759
307.7054
307.7328
307.7577
307.7797
307.7984
307.8138
307.8259
307.8345
307.84
307.8423
307.8416
307.8381
307.832
307.8234
307.8125
307.7993
307.7841
307.767
307.7481
307.7274
307.7052
307.6815
307.6563
307.6298
307.602
307.5729
307.5428
307.5115
307.4792
307.4459
307.4117
307.3765
307.3405
307.3036
307.266
307.2276
307.1884
307.1486
307.108
307.0669
307.0251
306.9827
306.9397
306.8962
306.8521
306.8076
306.7627
306.7175
306.6721
306.6265
306.5808
306.5351
306.4893
306.4437
306.3983
306.3535
306.3093
306.266
306.224
306.1835
306.1448
306.1082
306.074
306.0425
306.0138
305.9882
305.9658
305.9469
305.9314
305.9195
305.9114
305.9069
305.9061
305.9089
305.9153
305.9252
305.9385
305.955
305.9747
305.9974
306.0144
300.3687
300.3941
300.4225
300.4536
300.4874
300.5237
300.5623
300.603
300.6458
300.6904
300.7367
300.7846
300.8338
300.8842
300.9356
300.9878
301.0406
301.0938
301.1474
301.2011
301.2547
301.3081
301.3612
301.4138
301.4657
301.5168
301.5669
301.6159
301.6636
301.7099
301.7545
301.7973
301.8383
301.8775
301.9148
301.9502
301.9838
302.0156
302.0456
302.0735
302.0989
302.1216
302.1414
302.1582
302.172
302.1826
302.1902
302.1949
302.1966
302.1955
302.1917
302.1854
302.1767
302.1656
302.1523
302.137
302.1197
302.1005
302.0796
302.057
302.033
302.0074
301.9805
301.9523
301.9228
301.8923
301.8606
301.8279
301.7942
301.7596
301.7242
301.6879
301.6508
301.613
301.5745
301.5353
301.4954
301.455
301.414
301.3724
301.3304
301.2878
301.2448
301.2014
301.1575
301.1133
301.0688
301.024
300.979
300.9338
300.8885
300.8432
300.7982
300.7536
300.7096
300.6664
300.6244
300.5838
300.5448
300.5077
300.4728
300.4402
300.4103
300.3831
300.3588
300.3376
300.3195
300.3048
300.2935
300.2856
300.2812
300.2804
300.2831
300.2893
300.299
300.312
300.3285
300.3481
300.3633
298.8236
298.8999
298.9742
299.0461
299.1156
299.1827
299.2474
299.309
299.3675
299.423
299.4754
299.5246
299.5698
299.6107
299.6476
299.6802
299.7084
299.7316
299.75
299.7635
299.7723
299.7759
299.7737
299.7656
299.7516
299.7318
299.7066
299.6763
299.6408
299.6004
299.5553
299.5075
299.4589
299.4109
299.3641
299.3194
299.2771
299.2376
299.2005
299.1639
299.1271
299.0902
299.0532
299.0159
298.9783
298.9403
298.9018
298.8629
298.8237
298.7843
298.7447
298.7052
298.6656
298.6259
298.5861
298.5463
298.5066
298.467
298.4273
298.3877
298.3481
298.3086
298.2691
298.2296
298.19
298.1505
298.111
298.0716
298.0321
297.9926
297.953
297.9133
297.8735
297.8335
297.7934
297.7531
297.7126
297.6718
297.6308
297.5897
297.5485
297.5074
297.4668
297.4278
297.3921
297.361
297.3356
297.316
297.302
297.2931
297.2894
297.2905
297.2954
297.3029
297.3136
297.3287
297.3494
297.3767
297.4111
297.4526
297.5011
297.5557
297.6159
297.6807
297.7489
297.8195
297.8921
297.9664
298.0423
298.1195
298.1976
298.276
298.3547
298.4338
298.5129
298.5916
298.6696
298.7468
298.7991
