291.9759
292.2978
292.6115
292.9147
293.2072
293.488
293.7501
293.9959
294.2257
294.4396
294.6323
294.7887
294.9201
295.0268
295.1092
295.1693
295.2078
295.2219
295.2118
295.1779
295.1176
295.0288
294.9151
294.7775
294.6165
294.4341
294.2332
294.0142
293.7779
293.5247
293.2702
293.0209
292.7718
292.5233
292.2759
292.0335
291.7958
291.5607
291.3276
291.0968
290.8698
290.6459
290.4248
290.2064
289.9908
289.7775
289.5669
289.3589
289.1535
288.9509
288.7496
288.5505
288.3536
288.1588
287.9663
287.7774
287.5912
287.4075
287.2265
287.0478
286.8707
286.6958
286.5229
286.352
286.1829
286.0152
285.849
285.6845
285.5216
285.3603
285.2011
285.0437
284.888
284.7341
284.5817
284.4308
284.2814
284.1335
283.9871
283.8421
283.6984
283.556
283.4384
283.5548
283.5509
283.5624
283.5863
283.6202
283.6626
283.7275
283.8155
283.9213
284.0444
284.1841
284.3471
284.531
284.7343
284.9567
285.1982
285.4552
285.7289
286.0194
286.327
286.6517
286.9793
287.3165
287.6637
288.0207
288.3869
288.7532
289.1238
289.498
289.8754
290.2547
290.6251
290.9885
291.345
291.6943
291.9276
291.9449
292.2431
292.53
292.8051
293.0688
293.3214
293.5614
293.7873
293.9988
294.1957
294.3778
294.5386
294.6737
294.7837
294.8697
294.9323
294.9703
294.9837
294.9734
294.94
294.8841
294.8044
294.7011
294.5749
294.4266
294.2571
294.0705
293.8686
293.6512
293.4183
293.1734
292.9301
292.6914
292.4564
292.2246
291.996
291.7697
291.5427
291.3176
291.095
290.8752
290.6583
290.4443
290.2332
290.025
289.8197
289.6171
289.4172
289.22
289.0254
288.8333
288.6431
288.4549
288.2687
288.0844
287.9024
287.723
287.5462
287.3719
287.1999
287.0301
286.862
286.6957
286.5312
286.3686
286.2075
286.0478
285.8895
285.7326
285.577
285.4232
285.2712
285.1211
284.9726
284.8258
284.6805
284.5364
284.3936
284.2521
284.1117
283.9725
283.8343
283.6974
283.7276
283.8588
283.9657
284.0509
284.1268
284.1989
284.2736
284.3638
284.4703
284.5922
284.7293
284.8816
285.0483
285.2305
285.4296
285.6466
285.8797
286.1265
286.3885
286.6665
286.9609
287.2689
287.5874
287.9166
288.2559
288.6049
288.9591
289.3109
289.6603
290.0083
290.3554
290.6972
291.0311
291.3572
291.675
291.8864
291.0445
291.1611
291.2751
291.3868
291.4961
291.6031
291.7073
291.8084
291.9062
292.0006
292.0915
292.1786
292.2614
292.3398
292.4135
292.4822
292.5455
292.603
292.6544
292.6996
292.7382
292.7698
292.7943
292.8114
292.8211
292.8233
292.8176
292.8042
292.783
292.7543
292.7189
292.6808
292.6406
292.5987
292.5553
292.5106
292.4639
292.4116
292.3559
292.2975
292.237
292.1747
292.111
292.0459
291.9797
291.9125
291.8444
291.7754
291.7056
291.6352
291.5641
291.4925
291.4205
291.3479
291.2749
291.2016
291.1281
291.0543
290.9802
290.906
290.8315
290.7568
290.6819
290.6068
290.5314
290.456
290.3803
290.3046
290.2288
290.1528
290.0767
290.0005
289.9242
289.8478
289.7712
289.6947
289.6181
289.5416
289.465
289.3884
289.3119
289.2352
289.1586
289.0919
289.0251
288.9605
288.8986
288.8397
288.7839
288.7331
288.6929
288.664
288.6463
288.6398
288.645
288.6629
288.6933
288.736
288.791
288.8571
288.9326
289.0173
289.111
289.2135
289.3227
289.4362
289.5535
289.6746
289.7992
289.926
290.0537
290.182
290.3106
290.4395
290.5674
290.6936
290.8176
290.9395
291.0211
298.3018
298.4548
298.5979
298.7312
298.8557
298.9727
299.0808
299.1776
299.2638
299.3402
299.4074
299.4644
299.5093
299.5426
299.5651
299.5772
299.5783
299.5677
299.5454
299.5117
299.4667
299.4092
299.3381
299.2535
299.1556
299.045
298.9228
298.7909
298.6511
298.5047
298.3528
298.2017
298.0572
297.922
297.7969
297.6823
297.5785
297.476
297.3693
297.2586
297.1454
297.0309
296.9162
296.8021
296.6893
296.5782
296.4689
296.3616
296.2564
296.1531
296.0518
295.9522
295.8543
295.758
295.6631
295.5696
295.4774
295.3865
295.2967
295.208
295.1203
295.0334
294.9474
294.8621
294.7774
294.6934
294.6101
294.5272
294.4449
294.363
294.2816
294.2005
294.1197
294.0393
293.9592
293.8794
293.7999
293.7207
293.6418
293.5632
293.4848
293.4066
293.3287
293.274
293.2615
293.2868
293.3365
293.394
293.4472
293.4907
293.5341
293.5879
293.657
293.744
293.8488
293.9704
294.1078
294.2599
294.4255
294.6031
294.7904
294.9856
295.1872
295.3943
295.6055
295.8178
296.0304
296.2428
296.4549
296.6652
296.8706
297.0712
297.2674
297.4598
297.6473
297.8269
297.9986
298.1631
298.2713
299.9482
300.0825
300.2107
300.3316
300.4456
300.5533
300.6543
300.7465
300.83
300.9054
300.9734
301.033
301.0826
301.1222
301.1523
301.1735
301.1852
301.1864
301.1774
301.1585
301.1299
301.0915
301.0426
300.9832
300.9134
300.8336
300.7449
300.649
300.5477
300.4422
300.3349
300.2357
300.1546
300.0966
300.0641
300.0572
300.0625
300.0142
299.9291
299.8265
299.7154
299.6012
299.4868
299.3739
299.2636
299.1561
299.0516
298.9502
298.8518
298.7562
298.6633
298.5727
298.4845
298.3982
298.3139
298.2313
298.1503
298.0707
297.9924
297.9153
297.8393
297.7643
297.6902
297.617
297.5445
297.4727
297.4015
297.3309
297.2608
297.1912
297.122
297.0532
296.9848
296.9168
296.849
296.7815
296.7143
296.6473
296.5805
296.514
296.4476
296.3814
296.3152
296.2642
296.2448
296.2541
296.2786
296.3047
296.3239
296.3336
296.3411
296.3552
296.3811
296.4218
296.4782
296.551
296.6404
296.7455
296.865
296.9969
297.138
297.2861
297.44
297.599
297.7624
297.9277
298.0937
298.2602
298.427
298.5935
298.7576
298.9192
299.0785
299.2359
299.3911
299.542
299.6877
299.8284
299.9216
297.4959
297.5954
297.6962
297.798
297.9005
298.0033
298.106
298.2083
298.3097
298.4097
298.5079
298.6039
298.6974
298.7881
298.8754
298.9591
299.0389
299.1143
299.185
299.2507
299.311
299.3657
299.4146
299.4573
299.4938
299.5238
299.5472
299.564
299.5743
299.5785
299.5768
299.5697
299.5577
299.5415
299.5216
299.4986
299.4732
299.4456
299.4159
299.3838
299.349
299.3115
299.2715
299.2292
299.1848
299.1385
299.0905
299.041
298.9902
298.9382
298.8853
298.8314
298.7767
298.7213
298.6652
298.6086
298.5514
298.4938
298.4356
298.377
298.318
298.2586
298.1988
298.1387
298.0784
298.0178
297.9569
297.8957
297.8342
297.7723
297.71
297.6474
297.5847
297.5218
297.4588
297.3957
297.3326
297.2695
297.2062
297.1427
297.0792
297.0155
296.9517
296.8882
296.8267
296.7691
296.7167
296.6698
296.628
296.5901
296.5553
296.5229
296.4928
296.4653
296.4407
296.4198
296.403
296.3909
296.3841
296.3833
296.3887
296.4007
296.4195
296.4451
296.4774
296.5165
296.562
296.6139
296.6719
296.7357
296.805
296.8794
296.9585
297.0419
297.1292
297.2199
297.3137
297.4098
297.4764
298.4119
298.4338
298.4563
298.4793
298.5028
298.5267
298.551
298.5754
298.5998
298.6241
298.6483
298.6723
298.696
298.7192
298.742
298.7643
298.7859
298.8068
298.8269
298.8461
298.8643
298.8814
298.8974
298.9122
298.9256
298.9378
298.9489
298.9594
298.9696
298.9797
298.9898
298.9998
299.0099
299.0201
299.0305
299.0412
299.0514
299.0572
299.0599
299.0607
299.0599
299.0578
299.0546
299.0504
299.0452
299.0392
299.0324
299.0249
299.0167
299.0078
298.9984
298.9883
298.9777
298.9665
298.9548
298.9426
298.9299
298.9167
298.903
298.889
298.8744
298.8595
298.8441
298.8284
298.8122
298.7957
298.7787
298.7614
298.7437
298.7257
298.7073
298.6885
298.6694
298.65
298.6302
298.61
298.5896
298.5688
298.5477
298.5263
298.5046
298.4825
298.4602
298.4378
298.4161
298.3953
298.3757
298.3571
298.3394
298.3223
298.3059
298.2903
298.2754
298.2615
298.2487
298.2371
298.2271
298.2188
298.2122
298.2074
298.2045
298.2035
298.2042
298.2068
298.2111
298.2171
298.2245
298.2334
298.2438
298.2555
298.2686
298.283
298.2986
298.3154
298.3333
298.3521
298.3717
298.3922
298.4065
312.3967
312.4259
312.4581
312.4935
312.532
312.5735
312.6179
312.665
312.7146
312.7666
312.8208
312.8771
312.9352
312.9948
313.0559
313.1181
313.1811
313.2444
313.308
313.3716
313.4349
313.4976
313.5594
313.6199
313.679
313.7363
313.7917
313.8449
313.8956
313.9437
313.989
314.0317
314.0721
314.1101
314.1459
314.1795
314.2106
314.2378
314.2613
314.2811
314.2976
314.3108
314.3209
314.328
314.3323
314.3339
314.3329
314.3293
314.3234
314.3153
314.3049
314.2924
314.2779
314.2615
314.2433
314.2232
314.2015
314.1781
314.1531
314.1267
314.0987
314.0693
314.0386
314.0066
313.9733
313.9387
313.903
313.8662
313.8282
313.7892
313.7492
313.7082
313.6663
313.6235
313.5797
313.5352
313.4898
313.4436
313.3966
313.3489
313.3005
313.2514
313.2017
313.1515
313.1014
313.0517
313.0023
312.9532
312.9043
312.8557
312.8078
312.7608
312.7149
312.6703
312.6273
312.5861
312.5468
312.5098
312.4752
312.443
312.4135
312.3867
312.3627
312.3416
312.3235
312.3083
312.2961
312.2869
312.2809
312.278
312.2783
312.2818
312.2887
312.2989
312.3126
312.3296
312.3498
312.3732
312.3909
302.8979
302.9251
302.9548
302.9869
303.0212
303.0578
303.0965
303.1371
303.1794
303.2234
303.269
303.3158
303.3636
303.4121
303.4613
303.511
303.5608
303.6105
303.6599
303.7088
303.757
303.8043
303.8505
303.8955
303.9389
303.9807
304.0207
304.0588
304.0948
304.1288
304.1606
304.1905
304.2189
304.2459
304.2717
304.2966
304.32
304.34
304.3573
304.3722
304.3848
304.3952
304.4035
304.4097
304.4139
304.4161
304.4165
304.415
304.4118
304.4069
304.4003
304.3921
304.3824
304.3711
304.3584
304.3442
304.3287
304.3118
304.2935
304.274
304.2533
304.2313
304.2082
304.1839
304.1585
304.1321
304.1045
304.0759
304.0463
304.0158
303.9842
303.9518
303.9184
303.8842
303.8491
303.8131
303.7763
303.7388
303.7004
303.6613
303.6214
303.5809
303.5396
303.498
303.4566
303.4157
303.375
303.3346
303.2943
303.2541
303.2142
303.175
303.1366
303.0991
303.0627
303.0277
302.9944
302.9628
302.9332
302.9058
302.8807
302.858
302.8378
302.8203
302.8055
302.7935
302.7843
302.7779
302.7745
302.7741
302.7766
302.782
302.7904
302.8018
302.816
302.8331
302.8529
302.8754
302.8922
307.8473
307.8787
307.9139
307.9526
307.9948
308.0402
308.0888
308.1402
308.1944
308.2512
308.3102
308.3714
308.4346
308.4996
308.5661
308.6339
308.7029
308.7729
308.8437
308.915
308.9866
309.0583
309.1299
309.2012
309.2718
309.3415
309.4102
309.4774
309.543
309.6068
309.6684
309.7277
309.7848
309.8394
309.8917
309.9418
309.9896
310.0347
310.0764
310.1145
310.1486
310.1788
310.2048
310.2268
310.2448
310.2587
310.2688
310.2752
310.2778
310.277
310.2728
310.2653
310.2547
310.2411
310.2247
310.2056
310.1838
310.1596
310.133
310.1042
310.0733
310.0403
310.0054
309.9686
309.9301
309.8899
309.8482
309.8049
309.7603
309.7142
309.6669
309.6184
309.5686
309.5178
309.4659
309.413
309.3592
309.3044
309.2488
309.1924
309.1352
309.0772
309.0186
308.9592
308.8993
308.8391
308.7785
308.718
308.6575
308.5973
308.5373
308.4778
308.419
308.3611
308.3041
308.2484
308.1942
308.1418
308.0915
308.0435
307.9982
307.9559
307.9167
307.881
307.849
307.8209
307.7968
307.7769
307.7614
307.7503
307.7437
307.7416
307.7441
307.751
307.7625
307.7782
307.7982
307.8224
307.841
307.2237
307.2577
307.295
307.3356
307.3792
307.4258
307.4753
307.5275
307.5823
307.6395
307.699
307.7606
307.8241
307.8893
307.956
308.0239
308.0929
308.1628
308.2332
308.304
308.3748
308.4456
308.5158
308.5854
308.6541
308.7215
308.7875
308.8518
308.9141
308.9743
309.032
309.0873
309.14
309.1902
309.238
309.2832
309.3261
309.3655
309.4004
309.4305
309.4557
309.4762
309.4919
309.5033
309.5105
309.5136
309.5131
309.509
309.5016
309.4911
309.4777
309.4615
309.4427
309.4216
309.3981
309.3726
309.345
309.3155
309.2842
309.2513
309.2168
309.1808
309.1434
309.1046
309.0646
309.0234
308.9811
308.9378
308.8934
308.8481
308.8019
308.7548
308.707
308.6583
308.609
308.5589
308.5082
308.4569
308.405
308.3526
308.2996
308.2461
308.1921
308.1376
308.0828
308.0275
307.9719
307.9161
307.86
307.804
307.7481
307.6926
307.6379
307.5843
307.532
307.4814
307.4327
307.3864
307.3425
307.3014
307.2634
307.2285
307.197
307.169
307.1448
307.1244
307.1079
307.0955
307.0871
307.0829
307.0829
307.087
307.0953
307.1076
307.1239
307.1441
307.1681
307.1957
307.2164
311.2038
311.2345
311.2683
311.3048
311.344
311.3857
311.4298
311.4761
311.5246
311.5751
311.6274
311.6815
311.7372
311.7945
311.8532
311.9132
311.9745
312.0367
312.1
312.164
312.2287
312.2938
312.3592
312.4246
312.4899
312.5547
312.619
312.6823
312.7445
312.8053
312.8644
312.9217
312.9772
313.0307
313.0823
313.1321
313.1801
313.2255
313.2674
313.3053
313.3389
313.368
313.3927
313.413
313.4289
313.4406
313.4484
313.4523
313.4525
313.4493
313.4428
313.4333
313.4207
313.4054
313.3875
313.3672
313.3445
313.3196
313.2926
313.2636
313.2328
313.2003
313.1661
313.1303
313.0931
313.0544
313.0145
312.9732
312.9308
312.8872
312.8426
312.7969
312.7503
312.7027
312.6543
312.605
312.5549
312.5041
312.4526
312.4003
312.3475
312.294
312.24
312.1854
312.1303
312.0748
312.0191
311.9631
311.9071
311.851
311.7951
311.7394
311.6842
311.6297
311.5762
311.5239
311.4732
311.4243
311.3777
311.3336
311.2923
311.2542
311.2194
311.1881
311.1607
311.1372
311.1178
311.1026
311.0916
311.0849
311.0825
311.0843
311.0903
311.1004
311.1144
311.1323
311.1537
311.1786
311.1973
307.0918
307.1132
307.1376
307.1647
307.1946
307.2271
307.2622
307.2997
307.3395
307.3817
307.426
307.4724
307.5207
307.5709
307.6227
307.6761
307.7308
307.7868
307.8439
307.9019
307.9606
308.0199
308.0795
308.1394
308.1993
308.259
308.3183
308.3771
308.4352
308.4922
308.5481
308.6027
308.6558
308.7074
308.7574
308.8057
308.8525
308.897
308.9387
308.977
309.0118
309.0429
309.0702
309.0938
309.1135
309.1296
309.1421
309.1512
309.1569
309.1594
309.1588
309.1552
309.1489
309.1399
309.1283
309.1143
309.098
309.0794
309.0588
309.0362
309.0118
308.9855
308.9575
308.928
308.8968
308.8643
308.8303
308.7951
308.7586
308.721
308.6822
308.6423
308.6015
308.5597
308.517
308.4734
308.4291
308.3839
308.338
308.2914
308.2441
308.1962
308.1477
308.0986
308.0489
307.9988
307.9482
307.8972
307.846
307.7945
307.743
307.6917
307.6406
307.5902
307.5405
307.4918
307.4443
307.3983
307.354
307.3117
307.2716
307.234
307.199
307.1669
307.1378
307.1119
307.0893
307.0702
307.0546
307.0427
307.0343
307.0296
307.0284
307.0308
307.0367
307.046
307.0586
307.0743
307.0868
303.7198
303.806
303.8911
303.9757
304.0595
304.1424
304.2236
304.302
304.3769
304.4485
304.5166
304.5803
304.6383
304.6906
304.7378
304.7802
304.8174
304.8491
304.8754
304.8963
304.912
304.9223
304.9273
304.9269
304.921
304.9094
304.8917
304.8682
304.8394
304.8058
304.7688
304.731
304.695
304.6621
304.6327
304.6069
304.5848
304.5626
304.5365
304.5049
304.4677
304.4256
304.3793
304.3299
304.2778
304.2239
304.1687
304.1123
304.055
303.997
303.9384
303.8791
303.8194
303.7593
303.6989
303.6382
303.5773
303.5161
303.4549
303.3935
303.3319
303.2702
303.2083
303.1462
303.084
303.0214
302.9587
302.8957
302.8325
302.769
302.7054
302.6417
302.5777
302.5136
302.4492
302.3847
302.32
302.2552
302.1903
302.1252
302.06
301.9946
301.9289
301.8723
301.8437
301.8406
301.8481
301.8579
301.8673
301.8763
301.8832
301.8872
301.8911
301.8976
301.9088
301.9289
301.9597
302.0006
302.0501
302.1063
302.1682
302.2356
302.3079
302.3845
302.4645
302.5474
302.6325
302.7198
302.8092
302.9004
302.9928
303.086
303.1797
303.2738
303.3676
303.4601
303.5513
303.6415
303.7023
