298.6439
298.7276
298.8066
298.8825
298.9552
299.0245
299.0875
299.1454
299.1982
299.2458
299.2882
299.3243
299.3547
299.3796
299.3988
299.412
299.4178
299.4169
299.4095
299.3956
299.3759
299.3517
299.322
299.2868
299.2462
299.2002
299.1491
299.093
299.0321
298.9665
298.8978
298.8277
298.7554
298.6811
298.605
298.5295
298.4558
298.3827
298.3103
298.2386
298.1686
298.1005
298.0346
297.9708
297.9093
297.8512
297.7963
297.7444
297.6954
297.6494
297.607
297.5677
297.5315
297.4981
297.4675
297.44
297.4155
297.394
297.3754
297.3597
297.3468
297.3363
297.3282
297.3223
297.3186
297.3166
297.3164
297.3179
297.3211
297.326
297.3325
297.3405
297.3498
297.3603
297.3719
297.3836
297.3952
297.4067
297.418
297.4295
297.4415
297.4534
297.4651
297.4767
297.4854
297.4904
297.4941
297.4967
297.4981
297.497
297.4937
297.489
297.4833
297.4767
297.4728
297.4719
297.4726
297.4751
297.4795
297.4908
297.5082
297.5304
297.5575
297.5894
297.6284
297.6732
297.7235
297.7792
297.8402
297.9072
297.9792
298.056
298.1375
298.2231
298.3084
298.395
298.4829
298.572
298.6333
298.8939
298.972
299.0477
299.12
299.1888
299.2542
299.3153
299.3714
299.4224
299.4684
299.5093
299.5451
299.5754
299.6002
299.6194
299.6331
299.6406
299.642
299.6373
299.6265
299.6097
299.5873
299.5596
299.5265
299.488
299.4443
299.3958
299.343
299.2859
299.2245
299.1591
299.0917
299.023
298.9531
298.8819
298.8101
298.7393
298.6697
298.6012
298.534
298.4685
298.4062
298.3469
298.2905
298.2368
298.1858
298.138
298.0936
298.0525
298.0148
297.98
297.9479
297.9182
297.891
297.8661
297.8442
297.8256
297.81
297.7973
297.7873
297.7793
297.7731
297.7689
297.7666
297.7662
297.7678
297.7714
297.7765
297.7832
297.7914
297.8008
297.8112
297.8228
297.8353
297.8485
297.861
297.8727
297.8839
297.8945
297.9046
297.9145
297.9241
297.9331
297.9417
297.9497
297.9569
297.9629
297.9676
297.9712
297.9735
297.9738
297.9723
297.9696
297.966
297.9619
297.9586
297.9568
297.9567
297.9585
297.9629
297.9715
297.985
298.0033
298.0266
298.0546
298.0878
298.1264
298.1703
298.2195
298.2735
298.332
298.3948
298.4618
298.5328
298.6066
298.6815
298.7575
298.8346
298.8875
306.9807
307.0105
307.0395
307.0676
307.0948
307.1211
307.1462
307.1701
307.1925
307.2136
307.2333
307.2514
307.268
307.2828
307.296
307.3074
307.3169
307.3243
307.3297
307.3331
307.3344
307.3333
307.3299
307.3241
307.3158
307.3052
307.2924
307.2777
307.2609
307.2421
307.2214
307.1997
307.1771
307.1537
307.1295
307.1045
307.0791
307.0532
307.0269
307.0003
306.9735
306.947
306.9208
306.895
306.8696
306.8447
306.8201
306.7958
306.772
306.7486
306.7257
306.7034
306.6819
306.6611
306.6411
306.6219
306.6037
306.5863
306.5699
306.5544
306.5396
306.5253
306.5116
306.4984
306.4857
306.4737
306.4624
306.4519
306.4422
306.4332
306.4246
306.4164
306.4086
306.401
306.3938
306.387
306.3808
306.3752
306.37
306.3654
306.3613
306.3575
306.3542
306.3512
306.3488
306.3472
306.3467
306.3472
306.3489
306.3516
306.3559
306.3619
306.3696
306.379
306.3901
306.4027
306.4167
306.4322
306.4492
306.4676
306.4872
306.508
306.53
306.5533
306.5777
306.6031
306.6293
306.6565
306.6846
306.7134
306.7427
306.7725
306.8028
306.8335
306.8644
306.8951
306.9255
306.9558
306.9761
291.9952
292.0322
292.0678
292.1016
292.1335
292.1636
292.1917
292.2173
292.2401
292.2603
292.2778
292.2923
292.3031
292.31
292.3131
292.3125
292.3081
292.2996
292.2869
292.2702
292.2496
292.2253
292.197
292.1652
292.1301
292.0921
292.0516
292.0089
291.9645
291.9187
291.8722
291.8276
291.7876
291.7534
291.7257
291.7046
291.6907
291.6848
291.6873
291.6981
291.7169
291.7421
291.7724
291.8068
291.8449
291.8862
291.9302
291.9765
292.0246
292.0741
292.1249
292.1757
292.2262
292.2762
292.3258
292.3749
292.4233
292.4704
292.5162
292.5606
292.603
292.6423
292.6779
292.7101
292.7391
292.7648
292.7862
292.8033
292.8163
292.8256
292.831
292.8319
292.8284
292.8206
292.8088
292.7927
292.7721
292.747
292.7177
292.6843
292.6468
292.6052
292.5594
292.5095
292.4557
292.398
292.3367
292.272
292.2041
292.1332
292.0627
291.9955
291.9332
291.8761
291.8246
291.7791
291.7402
291.7081
291.6832
291.6652
291.6536
291.6477
291.6472
291.6516
291.6606
291.6734
291.6895
291.7085
291.7304
291.755
291.7818
291.8103
291.8405
291.8723
291.9051
291.9381
291.9709
292.0034
292.0254
290.718
290.7601
290.8
290.8371
290.8715
290.9032
290.9322
290.9582
290.9812
291.0012
291.0183
291.0326
291.0437
291.0516
291.0564
291.058
291.0564
291.0513
291.0426
291.0305
291.0151
290.9961
290.9735
290.9475
290.9183
290.886
290.8511
290.814
290.7748
290.734
290.6917
290.6488
290.6064
290.5651
290.5253
290.4875
290.452
290.4192
290.3892
290.3624
290.3388
290.3185
290.3015
290.2877
290.277
290.269
290.2639
290.2617
290.2623
290.2658
290.2721
290.281
290.2924
290.3062
290.3222
290.3403
290.3604
290.382
290.405
290.4291
290.4542
290.4806
290.5079
290.5357
290.5639
290.592
290.6202
290.648
290.6753
290.7018
290.7273
290.7514
290.7733
290.7931
290.8108
290.8254
290.8359
290.8418
290.8431
290.8402
290.8328
290.8204
290.8031
290.7815
290.756
290.7271
290.6946
290.6589
290.6201
290.5785
290.5359
290.4944
290.455
290.4181
290.3842
290.3537
290.3273
290.3056
290.2891
290.2778
290.2719
290.2712
290.2756
290.2849
290.2988
290.3168
290.3383
290.3627
290.3897
290.4191
290.4503
290.4827
290.516
290.5501
290.5847
290.6195
290.6539
290.6879
290.7107
292.3791
292.3843
292.3904
292.3974
292.405
292.4132
292.4217
292.4305
292.4393
292.4481
292.4566
292.4649
292.4728
292.4801
292.4868
292.4926
292.4975
292.5014
292.5042
292.5056
292.5058
292.5044
292.5016
292.4973
292.4915
292.4842
292.4754
292.4652
292.4538
292.4412
292.4276
292.4132
292.3982
292.3827
292.367
292.3514
292.336
292.3214
292.3077
292.2955
292.2851
292.2767
292.2705
292.2667
292.2652
292.2659
292.2688
292.2739
292.2809
292.2899
292.3006
292.3131
292.3271
292.3427
292.3597
292.378
292.3975
292.4181
292.4396
292.4621
292.4852
292.509
292.5332
292.5578
292.5825
292.6072
292.6317
292.656
292.6798
292.7029
292.7254
292.7469
292.7674
292.7868
292.8049
292.8216
292.8367
292.8502
292.862
292.8721
292.8802
292.8865
292.8908
292.8931
292.8932
292.8912
292.887
292.8805
292.8716
292.8601
292.846
292.8294
292.8105
292.7897
292.7672
292.7434
292.7187
292.6936
292.6684
292.6436
292.6195
292.5964
292.5746
292.5542
292.5354
292.5183
292.5029
292.4894
292.4776
292.4675
292.4592
292.4526
292.4476
292.4442
292.4423
292.4418
292.4427
292.4447
292.4467
290.8578
290.858
290.8584
290.8589
290.8596
290.8603
290.8612
290.862
290.863
290.8639
290.8648
290.8657
290.8665
290.8672
290.8677
290.8682
290.8684
290.8685
290.8683
290.8678
290.8671
290.866
290.8646
290.8629
290.8609
290.8586
290.8559
290.8529
290.8496
290.8461
290.8422
290.8381
290.8338
290.8294
290.825
290.8205
290.8161
290.8118
290.8077
290.8037
290.8001
290.7967
290.7937
290.7911
290.7888
290.787
290.7857
290.7849
290.7847
290.785
290.7859
290.7875
290.7898
290.7928
290.7965
290.8009
290.8059
290.8115
290.8176
290.8242
290.8313
290.8388
290.8464
290.8543
290.8625
290.8707
290.8791
290.8874
290.8958
290.9042
290.9125
290.9206
290.9285
290.9362
290.9437
290.9508
290.9577
290.9643
290.9705
290.9764
290.9819
290.987
290.9916
290.9958
290.9994
291.0026
291.0052
291.0071
291.0083
291.0089
291.0086
291.0073
291.005
291.0017
290.9975
290.9925
290.9871
290.9814
290.9756
290.9698
290.964
290.9583
290.9529
290.9478
290.9429
290.9384
290.9343
290.9305
290.927
290.9239
290.9211
290.9187
290.9165
290.9147
290.9132
290.9119
290.9109
290.9101
290.9097
293.8271
293.8448
293.863
293.8818
293.9012
293.9211
293.9415
293.9624
293.9837
294.0055
294.0276
294.0501
294.0727
294.0955
294.1184
294.1414
294.1643
294.1871
294.2097
294.2321
294.2541
294.2756
294.2965
294.3168
294.3363
294.3549
294.3727
294.3896
294.4056
294.4205
294.4345
294.4474
294.4594
294.4705
294.4806
294.4898
294.4982
294.5057
294.5124
294.5183
294.5234
294.5277
294.5313
294.5341
294.5362
294.5375
294.5381
294.5379
294.537
294.5354
294.533
294.5299
294.5262
294.5217
294.5166
294.5109
294.5045
294.4975
294.4898
294.4816
294.4727
294.4634
294.4534
294.443
294.432
294.4206
294.4087
294.3963
294.3834
294.3702
294.3565
294.3425
294.328
294.3133
294.2982
294.2828
294.2671
294.2511
294.2348
294.2183
294.2016
294.1847
294.1676
294.1504
294.133
294.1155
294.0979
294.0802
294.0624
294.0445
294.0266
294.0088
293.9912
293.9738
293.9566
293.9399
293.9238
293.9084
293.8938
293.88
293.8672
293.8555
293.8449
293.8355
293.8274
293.8204
293.8148
293.8105
293.8075
293.8059
293.8056
293.8066
293.8089
293.8126
293.8175
293.8237
293.8312
293.8398
293.8463
291.3142
291.3268
291.3404
291.3548
291.3701
291.386
291.4026
291.4198
291.4375
291.4556
291.4739
291.4925
291.5113
291.53
291.5487
291.5673
291.5856
291.6037
291.6212
291.6383
291.6549
291.6707
291.6859
291.7002
291.7137
291.7263
291.7379
291.7486
291.7583
291.767
291.7747
291.7814
291.7872
291.7922
291.7963
291.7997
291.8023
291.8042
291.8055
291.8062
291.8064
291.8061
291.8053
291.804
291.8024
291.8005
291.7981
291.7955
291.7926
291.7895
291.7861
291.7825
291.7787
291.7747
291.7705
291.7662
291.7618
291.7573
291.7527
291.748
291.7432
291.7384
291.7334
291.7284
291.7233
291.7181
291.7128
291.7074
291.7019
291.6962
291.6904
291.6844
291.6783
291.672
291.6654
291.6587
291.6517
291.6445
291.6371
291.6294
291.6214
291.6132
291.6047
291.5959
291.5868
291.5774
291.5677
291.5577
291.5473
291.5365
291.5254
291.514
291.5023
291.4905
291.4786
291.4667
291.455
291.4435
291.4324
291.4217
291.4116
291.4022
291.3935
291.3857
291.3789
291.373
291.3681
291.3644
291.3617
291.3602
291.3598
291.3607
291.3626
291.3658
291.3701
291.3756
291.3822
291.3898
291.3957
302.4284
302.4379
302.449
302.4617
302.4758
302.4915
302.5084
302.5266
302.546
302.5664
302.5878
302.61
302.6329
302.6563
302.6803
302.7045
302.729
302.7535
302.778
302.8022
302.8262
302.8498
302.8727
302.8951
302.9166
302.9373
302.9569
302.9756
302.993
303.0093
303.0244
303.0381
303.0506
303.0618
303.0717
303.0803
303.0879
303.0943
303.0996
303.104
303.1075
303.1101
303.112
303.1132
303.1137
303.1137
303.1132
303.1122
303.1108
303.1091
303.107
303.1047
303.1021
303.0992
303.096
303.0927
303.089
303.0852
303.0811
303.0768
303.0722
303.0674
303.0624
303.057
303.0514
303.0455
303.0393
303.0327
303.0257
303.0183
303.0106
303.0023
302.9937
302.9846
302.975
302.9649
302.9543
302.9432
302.9315
302.9194
302.9067
302.8935
302.8798
302.8655
302.8507
302.8353
302.8194
302.803
302.786
302.7686
302.7506
302.7322
302.7134
302.6943
302.6749
302.6553
302.6357
302.6161
302.5967
302.5776
302.5591
302.5412
302.5242
302.508
302.493
302.4792
302.4668
302.4558
302.4463
302.4385
302.4323
302.4279
302.4253
302.4244
302.4254
302.4282
302.4328
302.4391
302.4444
297.6131
297.6285
297.6454
297.6637
297.6834
297.7043
297.7265
297.7498
297.7742
297.7997
297.8261
297.8532
297.881
297.9091
297.9376
297.9661
297.9946
298.0229
298.0509
298.0784
298.1053
298.1315
298.157
298.1817
298.2055
298.2283
298.2503
298.2713
298.2911
298.3098
298.3273
298.3434
298.3582
298.3717
298.384
298.3951
298.4052
298.4142
298.4223
298.4293
298.4354
298.4405
298.4446
298.4478
298.4501
298.4517
298.4525
298.4525
298.4518
298.4501
298.4476
298.4443
298.4401
298.4351
298.4293
298.4228
298.4156
298.4075
298.3987
298.389
298.3786
298.3674
298.3556
298.3431
298.33
298.3163
298.3019
298.2868
298.2711
298.2548
298.2379
298.2206
298.2029
298.1848
298.1662
298.1473
298.1279
298.1082
298.0881
298.0678
298.0474
298.0269
298.0062
297.9854
297.9646
297.9436
297.9225
297.9014
297.8803
297.8594
297.8385
297.8179
297.7974
297.7772
297.7573
297.7377
297.7186
297.7
297.6822
297.6653
297.6495
297.6348
297.6214
297.6092
297.5985
297.5893
297.5817
297.5758
297.5716
297.5693
297.5689
297.5705
297.5741
297.5796
297.5871
297.5964
297.6075
297.6203
297.6299
304.1896
304.195
304.2021
304.2107
304.2208
304.2324
304.2454
304.2596
304.2751
304.2918
304.3095
304.3282
304.3477
304.368
304.3891
304.4106
304.4327
304.455
304.4776
304.5003
304.523
304.5456
304.568
304.59
304.6116
304.6326
304.653
304.6728
304.6917
304.7098
304.7271
304.7434
304.7588
304.7733
304.7869
304.7997
304.8116
304.8227
304.8331
304.8427
304.8517
304.86
304.8677
304.8749
304.8815
304.8877
304.8933
304.8985
304.9033
304.9076
304.9115
304.9149
304.918
304.9205
304.9226
304.9242
304.9253
304.9259
304.926
304.9255
304.9245
304.9229
304.9207
304.9179
304.9145
304.9105
304.9058
304.9004
304.8944
304.8876
304.8801
304.8718
304.8628
304.8531
304.8426
304.8314
304.8195
304.8068
304.7934
304.7793
304.7646
304.7491
304.7329
304.7161
304.6987
304.6806
304.6619
304.6427
304.6229
304.6025
304.5817
304.5605
304.5389
304.517
304.4949
304.4727
304.4505
304.4284
304.4067
304.3853
304.3645
304.3443
304.325
304.3066
304.2893
304.2731
304.2581
304.2445
304.2324
304.2217
304.2125
304.205
304.1991
304.1949
304.1923
304.1915
304.1923
304.1949
304.1976
301.7119
301.7192
301.7281
301.7386
301.7506
301.7642
301.7792
301.7955
301.8132
301.8321
301.8523
301.8735
301.8958
301.9189
301.9428
301.9673
301.9923
302.0177
302.0433
302.069
302.0947
302.1203
302.1456
302.1706
302.1952
302.2193
302.2429
302.2658
302.2879
302.3093
302.3298
302.3493
302.3679
302.3855
302.402
302.4176
302.4322
302.4458
302.4585
302.4703
302.4811
302.491
302.5
302.5081
302.5153
302.5217
302.5273
302.5321
302.536
302.5392
302.5416
302.5432
302.5439
302.5439
302.5432
302.5416
302.5394
302.5363
302.5325
302.5279
302.5226
302.5165
302.5097
302.5021
302.4939
302.4849
302.4752
302.4648
302.4537
302.4419
302.4294
302.4162
302.4024
302.3879
302.3729
302.3572
302.341
302.3242
302.3068
302.289
302.2707
302.252
302.2328
302.2133
302.1935
302.1733
302.1528
302.132
302.1109
302.0897
302.0683
302.0468
302.0253
302.0037
301.9823
301.9609
301.9397
301.9188
301.8984
301.8785
301.8592
301.8407
301.823
301.8063
301.7907
301.7762
301.7629
301.7509
301.7403
301.7311
301.7236
301.7176
301.7133
301.7108
301.71
301.7109
301.7136
301.718
301.722
293.0997
293.1273
293.1542
293.1802
293.2052
293.2291
293.2518
293.2732
293.293
293.3112
293.3279
293.343
293.3561
293.3673
293.3768
293.3844
293.3903
293.3945
293.3969
293.3976
293.3966
293.3939
293.3892
293.3826
293.3742
293.3641
293.3527
293.3405
293.3276
293.3143
293.3005
293.2865
293.2725
293.2587
293.2454
293.2326
293.2207
293.2097
293.1998
293.1911
293.1836
293.1774
293.1725
293.1686
293.1658
293.1637
293.1623
293.1614
293.1611
293.1612
293.1617
293.1628
293.1644
293.1667
293.1698
293.1738
293.179
293.1851
293.1921
293.2
293.2084
293.2172
293.2263
293.2353
293.2442
293.2528
293.261
293.2687
293.2758
293.2821
293.2876
293.2922
293.2958
293.2983
293.2999
293.3004
293.2998
293.2982
293.2955
293.2917
293.2868
293.2809
293.2739
293.2657
293.2563
293.2457
293.2338
293.2204
293.2055
293.1889
293.1709
293.1517
293.1318
293.1113
293.0905
293.0701
293.0504
293.0317
293.0145
292.9984
292.9845
292.9729
292.9641
292.9581
292.9551
292.9549
292.9574
292.9624
292.97
292.9799
292.9917
293.0053
293.0204
293.0368
293.0541
293.072
293.0901
293.1084
293.1209
