288.937
289.2736
289.5924
289.895
290.1815
290.4509
290.6966
290.9225
291.1293
291.3177
291.4866
291.6308
291.7528
291.8529
291.9316
291.9871
292.0153
292.02
292.0015
291.9605
291.8946
291.8021
291.6864
291.5481
291.3878
291.2077
291.0107
290.7966
290.5662
290.32
290.0748
289.8371
289.5997
289.363
289.1272
288.8964
288.6703
288.4473
288.226
288.0067
287.791
287.5782
287.3678
287.16
286.9549
286.7523
286.5523
286.3549
286.16
285.9676
285.7772
285.589
285.4031
285.2196
285.0383
284.8585
284.6809
284.5052
284.3314
284.1598
283.991
283.8245
283.6602
283.498
283.3379
283.1797
283.0234
282.8691
282.7167
282.5661
282.4174
282.2702
282.1247
281.9807
281.8379
281.6958
281.5548
281.4151
281.2765
281.1398
281.0053
280.8725
280.882
280.8441
280.8175
280.8066
280.807
280.8169
280.8348
280.8761
280.9415
281.0241
281.123
281.2376
281.3761
281.5359
281.7155
281.9154
282.1361
282.367
282.6149
282.8819
283.1684
283.4747
283.7952
284.1321
284.4855
284.8554
285.2402
285.6127
285.9867
286.3622
286.7386
287.1168
287.4997
287.8794
288.2553
288.6267
288.8765
288.905
289.2122
289.4983
289.7661
290.0164
290.2498
290.468
290.6728
290.8632
291.0384
291.1979
291.3369
291.4521
291.5451
291.6172
291.6691
291.6995
291.7082
291.6955
291.6622
291.6083
291.532
291.4334
291.3132
291.1724
291.0118
290.836
290.6466
290.4432
290.2254
289.9968
289.7708
289.5494
289.3316
289.1169
288.9058
288.7005
288.4943
288.286
288.0777
287.8708
287.6664
287.4646
287.2655
287.0691
286.8753
286.6841
286.4954
286.3092
286.1256
285.9443
285.7652
285.5883
285.4136
285.241
285.0704
284.9016
284.7346
284.5695
284.4061
284.2447
284.0855
283.9284
283.7733
283.6202
283.4691
283.3196
283.1718
283.0258
282.8814
282.7384
282.5969
282.4568
282.3181
282.1807
282.0445
281.9092
281.775
281.6418
281.5097
281.3793
281.2506
281.1474
281.2178
281.3357
281.4193
281.4807
281.5307
281.5745
281.6168
281.6619
281.7124
281.7722
281.8438
281.9247
282.0175
282.1324
282.2697
282.4291
282.6141
282.8291
283.0697
283.3332
283.6177
283.9221
284.2452
284.5856
284.9422
285.3141
285.6946
286.0767
286.4599
286.8434
287.2272
287.6008
287.9572
288.2998
288.6313
288.8512
288.7464
288.8627
288.9763
289.0869
289.1944
289.2987
289.3999
289.4982
289.5934
289.6856
289.7746
289.8602
289.9422
290.0206
290.0951
290.1655
290.2313
290.2918
290.3471
290.3968
290.4409
290.4785
290.5092
290.5331
290.55
290.5599
290.5625
290.5578
290.5458
290.5267
290.5014
290.4732
290.4429
290.4107
290.3768
290.3415
290.3049
290.2612
290.2124
290.1601
290.1052
290.0482
289.9894
289.929
289.8674
289.8046
289.7406
289.6756
289.6097
289.543
289.4755
289.4074
289.3386
289.2693
289.1994
289.1291
289.0584
288.9872
288.9157
288.8439
288.7717
288.6994
288.6268
288.554
288.481
288.4079
288.3347
288.2614
288.188
288.1145
288.041
287.9674
287.8937
287.8199
287.7461
287.6723
287.5986
287.5248
287.4511
287.3775
287.3038
287.2302
287.1583
287.0912
287.024
286.9594
286.8977
286.8392
286.7837
286.7326
286.6902
286.6572
286.634
286.6207
286.618
286.6264
286.6461
286.6768
286.7184
286.7702
286.8306
286.8994
286.9765
287.0614
287.1532
287.2504
287.3529
287.4605
287.5731
287.6891
287.8067
287.9256
288.0456
288.1666
288.2874
288.4073
288.5263
288.6441
288.7234
293.8996
294.0432
294.1805
294.3108
294.4345
294.552
294.6612
294.7598
294.8482
294.9274
294.9981
295.0596
295.1108
295.152
295.1835
295.2061
295.2181
295.2184
295.207
295.1842
295.1502
295.1047
295.0468
294.9766
294.8943
294.8003
294.6952
294.5804
294.4568
294.3244
294.1838
294.0415
293.9029
293.7707
293.6461
293.53
293.4226
293.3213
293.2219
293.1235
293.0254
292.9278
292.8307
292.7344
292.6392
292.5451
292.4524
292.3609
292.2707
292.1818
292.0942
292.0079
291.9227
291.8386
291.7556
291.6736
291.5925
291.5124
291.433
291.3543
291.2764
291.1991
291.1223
291.0462
290.9705
290.8953
290.8206
290.7462
290.6723
290.5988
290.5256
290.4528
290.3802
290.3079
290.2359
290.1642
290.0926
290.0213
289.9501
289.879
289.8081
289.7373
289.6697
289.6448
289.6618
289.7038
289.7542
289.8012
289.8383
289.864
289.8902
289.9267
289.9775
290.0436
290.125
290.221
290.331
290.4541
290.5891
290.7346
290.8887
291.0497
291.2167
291.3889
291.5647
291.7411
291.9174
292.0936
292.2703
292.4474
292.623
292.7965
292.9678
293.1374
293.3036
293.4639
293.6185
293.7685
293.8682
295.2379
295.3543
295.4654
295.5716
295.6728
295.7693
295.8599
295.9425
296.0169
296.0838
296.1436
296.1954
296.2376
296.2702
296.2944
296.311
296.3199
296.3205
296.3123
296.2955
296.27
296.2355
296.1912
296.1371
296.0734
296.0006
295.9196
295.8319
295.7386
295.6404
295.5384
295.4382
295.3474
295.2709
295.2109
295.1684
295.1426
295.1073
295.0456
294.967
294.8798
294.7886
294.6965
294.605
294.5153
294.4277
294.3426
294.26
294.1798
294.1019
294.0261
293.9523
293.8803
293.8099
293.7409
293.6733
293.6068
293.5414
293.4769
293.4132
293.3502
293.2879
293.2261
293.1647
293.1037
293.0431
292.9827
292.9227
292.8629
292.8033
292.7439
292.6847
292.6255
292.5665
292.5075
292.4486
292.3897
292.3309
292.2721
292.2134
292.1546
292.0959
292.0389
292.0074
292.0087
292.0338
292.0674
292.097
292.1157
292.1223
292.1252
292.1328
292.1495
292.1778
292.2185
292.2729
292.3417
292.4251
292.5223
292.6318
292.7508
292.8767
293.0081
293.1442
293.2844
293.4275
293.5725
293.7187
293.866
294.0137
294.1598
294.3033
294.4443
294.5832
294.719
294.8495
294.9748
295.0954
295.1753
293.054
293.155
293.2578
293.362
293.4671
293.5728
293.6785
293.7838
293.8881
293.9908
294.0913
294.1892
294.2841
294.3758
294.4639
294.5481
294.6282
294.7039
294.7748
294.8406
294.9009
294.9555
295.0042
295.0468
295.0829
295.1125
295.1353
295.1512
295.1604
295.1629
295.1589
295.1486
295.1325
295.1113
295.0858
295.0568
295.0251
294.9912
294.9555
294.9179
294.8783
294.8367
294.7932
294.7478
294.7008
294.6522
294.6021
294.5509
294.4986
294.4454
294.3915
294.3369
294.2816
294.2259
294.1696
294.1128
294.0556
293.998
293.9399
293.8815
293.8227
293.7636
293.7042
293.6446
293.5848
293.5249
293.4648
293.4046
293.3444
293.2841
293.2238
293.1634
293.1029
293.0425
292.9819
292.9213
292.8605
292.7995
292.7383
292.6769
292.6151
292.5531
292.4908
292.429
292.3696
292.3147
292.2653
292.2215
292.1824
292.1471
292.1145
292.0841
292.0558
292.0299
292.0068
291.9872
291.9716
291.9609
291.9555
291.9559
291.9626
291.9758
291.9956
292.0221
292.0554
292.0954
292.1419
292.1946
292.2531
292.3171
292.3864
292.4606
292.5393
292.6222
292.7091
292.7996
292.8932
292.9896
293.0565
294.2582
294.2767
294.2958
294.3154
294.3353
294.3555
294.376
294.3966
294.4173
294.438
294.4587
294.4792
294.4995
294.5195
294.5391
294.5582
294.5768
294.5948
294.612
294.6285
294.6441
294.6588
294.6725
294.6851
294.6965
294.7068
294.7161
294.7247
294.7327
294.7404
294.7477
294.7546
294.7612
294.7675
294.7737
294.7798
294.7861
294.7904
294.7923
294.7926
294.7916
294.7895
294.7865
294.7826
294.778
294.7727
294.7668
294.7603
294.7532
294.7457
294.7376
294.729
294.7201
294.7106
294.7008
294.6905
294.6799
294.6688
294.6574
294.6456
294.6335
294.621
294.6082
294.5951
294.5816
294.5678
294.5537
294.5393
294.5245
294.5095
294.4941
294.4785
294.4626
294.4463
294.4298
294.413
294.3959
294.3785
294.3609
294.3429
294.3247
294.3062
294.2876
294.2701
294.2547
294.2413
294.2291
294.2176
294.2061
294.1944
294.1827
294.171
294.1596
294.1486
294.1381
294.1285
294.1199
294.1127
294.107
294.1028
294.1002
294.0991
294.0996
294.1017
294.1052
294.1101
294.1162
294.1236
294.1323
294.1421
294.153
294.1649
294.178
294.192
294.207
294.2228
294.2391
294.2561
294.268
298.7327
298.7747
298.8197
298.8675
298.9178
298.9707
299.026
299.0834
299.1427
299.204
299.2669
299.3314
299.3972
299.464
299.5316
299.5999
299.6684
299.7368
299.8048
299.8722
299.9387
300.0039
300.0675
300.1291
300.1884
300.2453
300.2994
300.3505
300.3984
300.4429
300.4837
300.5215
300.5565
300.5889
300.6186
300.6459
300.6707
300.6918
300.709
300.7225
300.7325
300.7391
300.7424
300.7427
300.7401
300.7346
300.7265
300.7158
300.7026
300.6872
300.6695
300.6497
300.628
300.6043
300.5788
300.5516
300.5228
300.4923
300.4603
300.4269
300.3921
300.356
300.3186
300.28
300.2402
300.1993
300.1573
300.1143
300.0703
300.0253
299.9794
299.9327
299.8851
299.8366
299.7874
299.7375
299.6868
299.6354
299.5833
299.5306
299.4773
299.4234
299.3689
299.3141
299.2597
299.206
299.1531
299.101
299.0496
298.9991
298.9498
298.9022
298.8563
298.8124
298.7706
298.7312
298.6945
298.6607
298.6299
298.6023
298.5781
298.5572
298.5398
298.526
298.5156
298.5089
298.5056
298.5059
298.5099
298.5174
298.5286
298.5432
298.5614
298.5831
298.6083
298.637
298.6691
298.7047
298.7309
294.8229
294.8765
294.933
294.9919
295.0531
295.1163
295.1814
295.248
295.3159
295.3849
295.4548
295.5253
295.5962
295.6671
295.7379
295.8083
295.878
295.9467
296.0139
296.0796
296.1433
296.205
296.2641
296.3205
296.374
296.4242
296.4711
296.5144
296.554
296.5899
296.6218
296.6503
296.6759
296.699
296.72
296.7391
296.7568
296.7713
296.7822
296.7895
296.7935
296.7943
296.7923
296.7874
296.7799
296.7699
296.7576
296.7429
296.7261
296.7073
296.6865
296.6639
296.6394
296.6133
296.5855
296.5562
296.5254
296.4932
296.4596
296.4247
296.3886
296.3512
296.3127
296.2731
296.2323
296.1906
296.1478
296.1041
296.0595
296.014
295.9676
295.9203
295.8723
295.8235
295.774
295.7237
295.6728
295.6212
295.569
295.5161
295.4626
295.4086
295.354
295.2994
295.2452
295.1917
295.139
295.0869
295.0353
294.9843
294.9341
294.885
294.8375
294.7917
294.748
294.7067
294.6683
294.6329
294.601
294.5727
294.5483
294.5279
294.5117
294.4999
294.4926
294.4897
294.4913
294.4975
294.5081
294.5233
294.5429
294.5668
294.5949
294.6271
294.6634
294.7033
294.7468
294.7938
294.8275
303.155
303.1966
303.2417
303.29
303.3411
303.3948
303.4509
303.509
303.569
303.6307
303.6938
303.7582
303.8237
303.89
303.9571
304.0247
304.0926
304.1607
304.2288
304.2967
304.3641
304.4308
304.4967
304.5614
304.6248
304.6866
304.7466
304.8046
304.8603
304.9135
304.964
305.0116
305.0563
305.0981
305.1371
305.1733
305.207
305.2381
305.2664
305.2914
305.3129
305.3307
305.3448
305.3552
305.3618
305.3647
305.3642
305.3603
305.3532
305.343
305.3299
305.314
305.2956
305.2747
305.2515
305.2262
305.1988
305.1696
305.1385
305.1058
305.0715
305.0357
304.9985
304.96
304.9203
304.8794
304.8374
304.7944
304.7504
304.7055
304.6597
304.6131
304.5657
304.5175
304.4687
304.4191
304.369
304.3182
304.2668
304.2149
304.1625
304.1096
304.0562
304.0024
303.9482
303.8938
303.8394
303.7849
303.7306
303.6765
303.6228
303.5694
303.5167
303.4648
303.4139
303.3642
303.316
303.2697
303.2256
303.184
303.1454
303.1099
303.0779
303.0497
303.0256
303.0058
302.9904
302.9796
302.9735
302.9721
302.9755
302.9836
302.9964
303.0139
303.0358
303.0622
303.0928
303.1274
303.1531
295.2802
295.3204
295.3642
295.4113
295.4615
295.5147
295.5705
295.6289
295.6897
295.7526
295.8175
295.8842
295.9526
296.0224
296.0934
296.1654
296.2383
296.3117
296.3855
296.4594
296.5333
296.6068
296.6797
296.7518
296.8227
296.8923
296.9602
297.0263
297.0902
297.1518
297.2107
297.2667
297.3199
297.3702
297.4174
297.4617
297.5031
297.5412
297.5757
297.6061
297.6321
297.6537
297.6709
297.6836
297.692
297.6961
297.6962
297.6924
297.6848
297.6736
297.6591
297.6414
297.6207
297.5972
297.5711
297.5424
297.5115
297.4783
297.4432
297.4061
297.3673
297.3269
297.2849
297.2415
297.1968
297.1508
297.1038
297.0557
297.0066
296.9566
296.9058
296.8542
296.802
296.749
296.6955
296.6414
296.5869
296.5318
296.4763
296.4205
296.3642
296.3077
296.2508
296.1937
296.1364
296.0788
296.0211
295.9632
295.9053
295.8474
295.7896
295.7323
295.6755
295.6197
295.5651
295.5121
295.461
295.4122
295.3659
295.3226
295.2826
295.2461
295.2133
295.1846
295.1601
295.1399
295.1243
295.1131
295.1065
295.1045
295.1071
295.1143
295.1259
295.142
295.1625
295.1872
295.2161
295.249
295.2736
301.3927
301.4271
301.4645
301.5046
301.5472
301.5921
301.6392
301.6881
301.7388
301.7912
301.845
301.9003
301.9569
302.0146
302.0735
302.1333
302.1941
302.2555
302.3176
302.38
302.4426
302.5053
302.5677
302.6298
302.6913
302.7519
302.8114
302.8697
302.9265
302.9815
303.0345
303.0853
303.134
303.1804
303.2246
303.2666
303.3065
303.3442
303.3793
303.411
303.4392
303.4634
303.4836
303.4997
303.5118
303.52
303.5244
303.5252
303.5225
303.5166
303.5076
303.4956
303.4809
303.4637
303.4441
303.4222
303.3981
303.3721
303.3443
303.3146
303.2834
303.2506
303.2164
303.1808
303.144
303.1059
303.0667
303.0265
302.9852
302.943
302.8999
302.8559
302.8111
302.7655
302.7192
302.6722
302.6246
302.5763
302.5275
302.4781
302.4281
302.3777
302.3267
302.2754
302.2236
302.1715
302.1193
302.0669
302.0144
301.9618
301.9094
301.8571
301.8052
301.7538
301.7033
301.6539
301.6059
301.5597
301.5155
301.4737
301.4347
301.3987
301.3661
301.3371
301.312
301.2909
301.274
301.2614
301.2532
301.2493
301.2497
301.2545
301.2635
301.2767
301.2939
301.315
301.3397
301.368
301.3892
305.3531
305.3811
305.412
305.4455
305.4816
305.52
305.5606
305.6033
305.6479
305.6943
305.7423
305.7919
305.843
305.8953
305.9488
306.0033
306.0586
306.1147
306.1713
306.2284
306.2856
306.343
306.4002
306.4571
306.5136
306.5694
306.6244
306.6783
306.7309
306.7821
306.8317
306.8794
306.9253
306.9691
307.011
307.0509
307.0888
307.1245
307.1577
307.1879
307.2148
307.2383
307.2581
307.2742
307.2868
307.2958
307.3015
307.3038
307.303
307.2991
307.2924
307.2831
307.2711
307.2568
307.2402
307.2215
307.2008
307.1782
307.1538
307.1278
307.1002
307.0712
307.0408
307.009
306.9761
306.942
306.9068
306.8706
306.8334
306.7954
306.7565
306.7167
306.6763
306.6351
306.5932
306.5507
306.5076
306.4639
306.4197
306.3749
306.3297
306.284
306.2378
306.1913
306.1444
306.0971
306.0495
306.0016
305.9536
305.9055
305.8574
305.8095
305.7619
305.715
305.6689
305.6239
305.5802
305.5382
305.4981
305.4602
305.4247
305.392
305.3622
305.3355
305.3121
305.2921
305.2756
305.2628
305.2536
305.2481
305.2462
305.2479
305.2533
305.2622
305.2746
305.2904
305.3095
305.3318
305.3487
301.2692
301.3398
301.409
301.4764
301.5422
301.6068
301.6695
301.7297
301.7874
301.8427
301.8958
301.9465
301.9942
302.0387
302.0801
302.1182
302.1528
302.1836
302.2105
302.2334
302.2525
302.2671
302.2769
302.282
302.282
302.2766
302.2666
302.2522
302.2338
302.2118
302.1872
302.1619
302.1378
302.1158
302.0962
302.079
302.0645
302.0504
302.0333
302.0117
301.9854
301.9547
301.9206
301.8837
301.8449
301.8046
301.7632
301.721
301.6782
301.6348
301.591
301.547
301.5027
301.4581
301.4132
301.3679
301.3222
301.2762
301.2297
301.1829
301.1357
301.0882
301.0404
300.9922
300.9437
300.8948
300.8456
300.796
300.7461
300.6958
300.6452
300.5943
300.5431
300.4916
300.4398
300.3875
300.3347
300.2816
300.2282
300.1745
300.1209
300.0671
300.0135
299.9642
299.9235
299.8972
299.8859
299.8854
299.8904
299.8973
299.9028
299.9055
299.9075
299.9114
299.9193
299.9336
299.9553
299.9841
300.0194
300.0608
300.1081
300.1606
300.2173
300.2775
300.3405
300.4051
300.4711
300.5381
300.6059
300.6741
300.7422
300.8101
300.8782
300.9467
301.0154
301.0841
301.1528
301.2217
301.2687
