288.7888
288.8646
288.9463
289.0249
289.1004
289.1721
289.2324
289.2855
289.3329
289.3752
289.4102
289.4258
289.4326
289.432
289.4247
289.4098
289.384
289.3506
289.3101
289.2626
289.2099
289.1534
289.0903
289.0207
288.9449
288.8628
288.7754
288.6831
288.586
288.4839
288.3832
288.2884
288.1932
288.0969
287.9993
287.909
287.827
287.7469
287.6682
287.5908
287.5168
287.4462
287.3778
287.3114
287.2471
287.1879
287.1328
287.0804
287.0307
286.9835
286.9426
286.9048
286.8693
286.8361
286.8052
286.7765
286.7499
286.7254
286.7028
286.6821
286.6627
286.6455
286.6303
286.6168
286.6053
286.5969
286.5892
286.5824
286.5766
286.5709
286.5628
286.5547
286.5469
286.5394
286.5326
286.5259
286.518
286.5096
286.5007
286.4934
286.4874
286.4806
286.4736
286.4664
286.455
286.4425
286.4324
286.4238
286.4165
286.4134
286.4184
286.4281
286.4418
286.4593
286.4879
286.5249
286.567
286.6139
286.6658
286.7315
286.8071
286.889
286.977
287.0709
287.1711
287.2759
287.3853
287.4994
287.6181
287.738
287.8591
287.9826
288.1086
288.2363
288.3546
288.4711
288.5874
288.7037
288.7829
290.3965
290.4749
290.5455
290.609
290.6674
290.7215
290.771
290.8149
290.853
290.8857
290.9134
290.9346
290.9489
290.9568
290.9585
290.9542
290.9433
290.9253
290.9004
290.8688
290.8308
290.7872
290.7386
290.6849
290.6259
290.5618
290.4942
290.4233
290.3486
290.2698
290.1879
290.1084
290.0317
289.9569
289.8831
289.8109
289.7431
289.6791
289.6187
289.5615
289.5085
289.462
289.4211
289.3846
289.3519
289.3222
289.2958
289.2729
289.2532
289.2363
289.2228
289.2124
289.2044
289.1986
289.1947
289.1914
289.1882
289.1859
289.1849
289.1851
289.187
289.1911
289.1969
289.2042
289.2128
289.2207
289.2276
289.234
289.2402
289.2464
289.2535
289.2605
289.2668
289.2724
289.277
289.2789
289.278
289.2749
289.2699
289.2632
289.2539
289.2427
289.2298
289.2153
289.2003
289.1865
289.1724
289.1577
289.1425
289.1271
289.1104
289.0937
289.0788
289.0668
289.0582
289.0549
289.0575
289.0655
289.0788
289.0975
289.1239
289.1582
289.2
289.2484
289.3026
289.3623
289.4277
289.4986
289.5743
289.6529
289.7334
289.816
289.9006
289.9871
290.0738
290.1588
290.2426
290.3258
290.3821
297.7693
297.8017
297.8337
297.8654
297.8967
297.9275
297.9575
297.9865
298.0144
298.0411
298.0668
298.091
298.1138
298.1349
298.1544
298.1722
298.1881
298.2019
298.2137
298.2233
298.2308
298.2361
298.239
298.2397
298.2382
298.2344
298.2283
298.2199
298.2092
298.1962
298.1811
298.1644
298.1465
298.1273
298.1068
298.0853
298.0633
298.0409
298.0182
297.9953
297.9722
297.9491
297.9262
297.9033
297.8806
297.8581
297.8356
297.8133
297.7911
297.769
297.7472
297.7258
297.7049
297.6845
297.6646
297.6451
297.6259
297.6071
297.5886
297.5704
297.5526
297.5352
297.5183
297.5017
297.4855
297.4698
297.4545
297.4397
297.4253
297.4114
297.3979
297.3847
297.3718
297.3592
297.3469
297.3347
297.3228
297.311
297.2994
297.2881
297.277
297.2662
297.2558
297.2457
297.236
297.2274
297.22
297.2139
297.2091
297.2057
297.2038
297.2038
297.2055
297.209
297.2143
297.2213
297.23
297.2405
297.2528
297.2669
297.2826
297.3
297.3191
297.3398
297.362
297.3856
297.4105
297.4366
297.464
297.4924
297.5217
297.5516
297.5823
297.6136
297.6455
297.6776
297.7099
297.7424
297.7646
288.6147
288.652
288.6876
288.7213
288.753
288.7829
288.8108
288.8359
288.8581
288.8772
288.8935
288.9066
288.9159
288.9213
288.9229
288.9212
288.9161
288.907
288.8941
288.8772
288.8564
288.8314
288.8024
288.7696
288.7334
288.6938
288.6514
288.6064
288.5593
288.5109
288.4617
288.4148
288.3729
288.3371
288.308
288.2857
288.2717
288.2675
288.2734
288.2897
288.3156
288.349
288.3875
288.4297
288.4751
288.523
288.5729
288.6242
288.6766
288.7302
288.7845
288.8383
288.8911
288.943
288.9942
289.0443
289.0927
289.1388
289.1827
289.2246
289.2641
289.3001
289.3325
289.3614
289.3871
289.4093
289.4271
289.4405
289.4496
289.4548
289.4557
289.4517
289.4428
289.4293
289.4115
289.3892
289.3621
289.3303
289.2941
289.2536
289.2088
289.1594
289.1054
289.0469
288.9837
288.9165
288.8459
288.7722
288.6956
288.6167
288.5393
288.4666
288.4001
288.34
288.2868
288.2409
288.2028
288.1727
288.1506
288.1365
288.1297
288.1298
288.136
288.1476
288.1641
288.1845
288.2082
288.2352
288.2652
288.2979
288.3323
288.3681
288.4051
288.4434
288.4825
288.5217
288.5606
288.5991
288.6251
289.253
289.2859
289.3176
289.3478
289.3765
289.4035
289.4286
289.4512
289.4711
289.4883
289.5029
289.5149
289.5236
289.529
289.5311
289.5303
289.5265
289.5197
289.51
289.4973
289.4817
289.463
289.4412
289.4164
289.3887
289.3583
289.3253
289.29
289.2525
289.2131
289.1721
289.1305
289.0894
289.0496
289.0118
288.9763
288.9438
288.9148
288.8897
288.8688
288.852
288.8395
288.8309
288.8258
288.8237
288.8241
288.827
288.8324
288.8403
288.8506
288.8633
288.8782
288.8955
288.9149
288.9364
288.9599
288.9849
289.0108
289.0376
289.065
289.0932
289.1219
289.1505
289.1788
289.2064
289.2334
289.2595
289.2846
289.3084
289.3309
289.3517
289.3699
289.3853
289.3981
289.4082
289.4149
289.4176
289.4162
289.411
289.4023
289.3894
289.3717
289.3494
289.3228
289.2923
289.2579
289.2198
289.1779
289.1325
289.0839
289.0349
288.9876
288.9431
288.9018
288.8641
288.8306
288.802
288.7792
288.7626
288.7525
288.7489
288.7515
288.7602
288.7746
288.7941
288.818
288.8453
288.8757
288.9087
288.9439
288.9808
289.0187
289.0572
289.0963
289.1355
289.1743
289.2121
289.249
289.2736
289.6154
289.6207
289.6268
289.6337
289.6412
289.6491
289.6573
289.6657
289.6742
289.6826
289.6907
289.6985
289.7058
289.7125
289.7184
289.7234
289.7275
289.7304
289.7321
289.7325
289.7315
289.729
289.725
289.7194
289.7122
289.7033
289.6928
289.6808
289.6675
289.6528
289.6371
289.6205
289.6031
289.5851
289.5667
289.5479
289.5293
289.5109
289.4934
289.4773
289.463
289.4511
289.4418
289.4354
289.4318
289.431
289.4327
289.4368
289.4432
289.4516
289.4622
289.4746
289.4888
289.5046
289.522
289.5406
289.5605
289.5815
289.6034
289.6262
289.6497
289.6738
289.6984
289.7232
289.7481
289.773
289.7978
289.8222
289.8461
289.8693
289.8918
289.9134
289.9339
289.9533
289.9714
289.9881
290.0032
290.0167
290.0285
290.0384
290.0463
290.0522
290.0561
290.0578
290.0574
290.0547
290.0497
290.0424
290.0325
290.0201
290.005
289.9873
289.9673
289.9453
289.9216
289.8968
289.8712
289.8453
289.8196
289.7946
289.7704
289.7475
289.7259
289.706
289.6877
289.6712
289.6567
289.644
289.6332
289.6243
289.6173
289.612
289.6085
289.6065
289.6061
289.6071
289.6093
289.6128
289.6158
289.2585
289.2583
289.2584
289.2586
289.259
289.2596
289.2604
289.2612
289.262
289.2629
289.2637
289.2645
289.2651
289.2657
289.2661
289.2663
289.2663
289.266
289.2655
289.2647
289.2636
289.2621
289.2603
289.2581
289.2555
289.2526
289.2493
289.2457
289.2416
289.2373
289.2326
289.2276
289.2224
289.217
289.2116
289.2062
289.2008
289.1956
289.1907
289.1859
289.1815
289.1774
289.1737
289.1704
289.1675
289.165
289.1629
289.1615
289.1606
289.1604
289.1608
289.1619
289.1638
289.1665
289.1699
289.1741
289.179
289.1847
289.1909
289.1978
289.2053
289.2131
289.2212
289.2294
289.2379
289.2465
289.2551
289.2637
289.2723
289.2809
289.2893
289.2976
289.3056
289.3133
289.3207
289.3277
289.3345
289.3409
289.3469
289.3525
289.3576
289.3623
289.3664
289.3701
289.3732
289.3756
289.3774
289.3784
289.3787
289.3782
289.3767
289.3742
289.3707
289.3662
289.3607
289.3545
289.348
289.3412
289.3343
289.3275
289.3208
289.3144
289.3082
289.3024
289.297
289.2919
289.2873
289.283
289.2791
289.2756
289.2724
289.2697
289.2673
289.2654
289.2638
289.2626
289.2616
289.261
289.2607
295.2315
295.2485
295.2661
295.2845
295.3035
295.3231
295.3431
295.3636
295.3843
295.4052
295.4263
295.4474
295.4684
295.4892
295.5098
295.5301
295.55
295.5694
295.5883
295.6064
295.6239
295.6405
295.6562
295.6708
295.6843
295.6967
295.7079
295.718
295.7272
295.7352
295.7423
295.7484
295.7537
295.7581
295.7619
295.7649
295.7674
295.7692
295.7704
295.771
295.7711
295.7707
295.7698
295.7683
295.7663
295.7639
295.761
295.7575
295.7537
295.7493
295.7445
295.7392
295.7335
295.7273
295.7207
295.7137
295.7063
295.6984
295.6902
295.6816
295.6727
295.6633
295.6537
295.6437
295.6334
295.6228
295.6119
295.6007
295.5893
295.5775
295.5655
295.5531
295.5405
295.5277
295.5145
295.5011
295.4875
295.4736
295.4595
295.4452
295.4308
295.4161
295.4013
295.3863
295.3711
295.3558
295.3404
295.3248
295.309
295.2931
295.2772
295.2615
295.2459
295.2306
295.2158
295.2015
295.188
295.1755
295.1639
295.1536
295.1445
295.1368
295.1305
295.1258
295.1227
295.1212
295.1213
295.123
295.1263
295.1312
295.1376
295.1454
295.1545
295.165
295.1767
295.1897
295.2038
295.219
295.2299
290.8757
290.8915
290.908
290.9251
290.9428
290.9609
290.9794
290.9981
291.0169
291.0358
291.0546
291.0732
291.0916
291.1097
291.1273
291.1445
291.161
291.1769
291.1919
291.206
291.2193
291.2315
291.2426
291.2526
291.2614
291.2689
291.2752
291.2803
291.2843
291.287
291.2886
291.2892
291.2889
291.2879
291.2861
291.2837
291.2808
291.2775
291.2738
291.2699
291.2658
291.2614
291.2569
291.2523
291.2475
291.2425
291.2375
291.2325
291.2273
291.2221
291.2169
291.2116
291.2063
291.201
291.1956
291.1903
291.1849
291.1796
291.1742
291.1688
291.1634
291.1579
291.1524
291.1469
291.1413
291.1356
291.1298
291.1238
291.1178
291.1115
291.1051
291.0985
291.0917
291.0846
291.0772
291.0696
291.0617
291.0535
291.045
291.0361
291.027
291.0174
291.0076
290.9973
290.9866
290.9755
290.9639
290.952
290.9395
290.9266
290.9134
290.8999
290.8863
290.8728
290.8594
290.8464
290.834
290.8224
290.8117
290.8021
290.7937
290.7866
290.7808
290.7766
290.7738
290.7725
290.7727
290.7744
290.7776
290.7822
290.7883
290.7957
290.8044
290.8145
290.8257
290.838
290.8514
290.8658
290.8761
302.7606
302.7671
302.7747
302.7836
302.7936
302.8047
302.8169
302.8299
302.8439
302.8587
302.8742
302.8904
302.9071
302.9243
302.9418
302.9596
302.9776
302.9957
303.0138
303.0317
303.0495
303.0671
303.0843
303.101
303.1172
303.1329
303.1478
303.162
303.1754
303.1879
303.1996
303.2104
303.2203
303.2293
303.2374
303.2447
303.2511
303.2568
303.2619
303.2663
303.2701
303.2735
303.2763
303.2788
303.2809
303.2826
303.2841
303.2853
303.2862
303.2868
303.2872
303.2874
303.2873
303.2871
303.2866
303.2858
303.2849
303.2837
303.2823
303.2807
303.2787
303.2765
303.274
303.2712
303.268
303.2645
303.2606
303.2564
303.2517
303.2466
303.2411
303.2352
303.2288
303.2219
303.2146
303.2068
303.1984
303.1896
303.1803
303.1704
303.1601
303.1492
303.1378
303.1259
303.1135
303.1006
303.0872
303.0733
303.059
303.0441
303.0288
303.0131
302.9971
302.9807
302.9642
302.9474
302.9307
302.914
302.8976
302.8814
302.8658
302.8507
302.8363
302.8227
302.81
302.7983
302.7878
302.7783
302.7702
302.7633
302.7577
302.7535
302.7507
302.7492
302.7492
302.7505
302.7532
302.7573
302.7608
296.3779
296.3896
296.4027
296.4171
296.4329
296.45
296.4682
296.4875
296.5077
296.5289
296.5509
296.5735
296.5968
296.6205
296.6446
296.669
296.6935
296.7181
296.7426
296.767
296.7911
296.8148
296.8382
296.861
296.8831
296.9046
296.9252
296.945
296.9639
296.9819
296.9988
297.0147
297.0295
297.0433
297.0561
297.0679
297.0786
297.0885
297.0974
297.1054
297.1126
297.1189
297.1245
297.1293
297.1333
297.1366
297.1392
297.1409
297.142
297.1423
297.1418
297.1405
297.1385
297.1357
297.1321
297.1277
297.1226
297.1168
297.1102
297.1029
297.0948
297.086
297.0765
297.0664
297.0555
297.044
297.0318
297.019
297.0056
296.9916
296.977
296.962
296.9464
296.9304
296.9139
296.8969
296.8796
296.8619
296.8439
296.8256
296.807
296.7881
296.7691
296.7498
296.7305
296.711
296.6914
296.6718
296.6521
296.6324
296.6128
296.5933
296.5739
296.5546
296.5357
296.517
296.4988
296.481
296.4639
296.4475
296.4319
296.4173
296.4036
296.3911
296.3798
296.3698
296.3611
296.3539
296.3483
296.3442
296.3417
296.3408
296.3416
296.344
296.3481
296.3538
296.3611
296.3699
296.3768
306.0967
306.1005
306.1056
306.1123
306.1203
306.1296
306.1403
306.1522
306.1652
306.1793
306.1945
306.2106
306.2275
306.2452
306.2636
306.2825
306.3019
306.3216
306.3416
306.3617
306.382
306.4022
306.4223
306.4421
306.4617
306.4808
306.4994
306.5175
306.5349
306.5516
306.5676
306.5829
306.5973
306.6109
306.6237
306.6357
306.647
306.6576
306.6675
306.6767
306.6854
306.6935
306.7011
306.7082
306.7148
306.721
306.7268
306.7323
306.7373
306.742
306.7463
306.7501
306.7536
306.7567
306.7595
306.7618
306.7636
306.7651
306.7661
306.7666
306.7667
306.7663
306.7653
306.7638
306.7617
306.759
306.7557
306.7518
306.7473
306.7421
306.7362
306.7296
306.7224
306.7144
306.7058
306.6964
306.6864
306.6756
306.6641
306.6519
306.6389
306.6253
306.6111
306.5961
306.5805
306.5643
306.5474
306.53
306.5119
306.4933
306.4742
306.4547
306.4347
306.4144
306.3938
306.373
306.3523
306.3315
306.311
306.2908
306.2711
306.2519
306.2334
306.2156
306.1988
306.183
306.1683
306.1547
306.1424
306.1314
306.1217
306.1135
306.1068
306.1016
306.0979
306.0957
306.0951
306.096
306.0975
302.8948
302.8995
302.9056
302.9131
302.922
302.9323
302.9438
302.9566
302.9706
302.9856
303.0017
303.0188
303.0367
303.0554
303.0748
303.0948
303.1154
303.1363
303.1576
303.1791
303.2007
303.2224
303.244
303.2655
303.2868
303.3077
303.3283
303.3484
303.3679
303.3868
303.4051
303.4226
303.4394
303.4554
303.4707
303.4851
303.4987
303.5115
303.5236
303.5348
303.5453
303.5551
303.5642
303.5725
303.5802
303.5871
303.5934
303.5991
303.604
303.6083
303.612
303.6149
303.6172
303.6188
303.6197
303.6199
303.6195
303.6184
303.6166
303.6141
303.6109
303.6071
303.6026
303.5974
303.5916
303.585
303.5778
303.5699
303.5613
303.5521
303.5422
303.5317
303.5205
303.5087
303.4964
303.4834
303.4699
303.4558
303.4411
303.426
303.4103
303.3942
303.3777
303.3607
303.3433
303.3256
303.3075
303.2891
303.2705
303.2516
303.2325
303.2132
303.1938
303.1743
303.1548
303.1353
303.116
303.0969
303.0782
303.0598
303.0419
303.0247
303.0081
302.9923
302.9773
302.9633
302.9504
302.9385
302.9278
302.9184
302.9102
302.9035
302.8981
302.8941
302.8916
302.8906
302.8911
302.893
302.8952
293.6121
293.6297
293.6474
293.6649
293.6823
293.6995
293.7164
293.7327
293.7484
293.7632
293.7771
293.7901
293.802
293.8127
293.8224
293.8309
293.8382
293.8441
293.8484
293.8511
293.8521
293.8513
293.8488
293.8447
293.8391
293.8321
293.8243
293.8158
293.8067
293.7972
293.7872
293.7771
293.7671
293.7576
293.7488
293.741
293.7341
293.7285
293.7241
293.7209
293.7189
293.7181
293.718
293.7185
293.7195
293.7206
293.7218
293.7231
293.7243
293.7257
293.7274
293.7294
293.7318
293.7348
293.7383
293.7425
293.7473
293.7526
293.7584
293.7646
293.7711
293.7778
293.7846
293.7913
293.7979
293.8042
293.8103
293.8158
293.8207
293.8249
293.8282
293.8306
293.8322
293.8328
293.8325
293.8311
293.8286
293.825
293.8204
293.8147
293.8082
293.8007
293.7921
293.7826
293.7719
293.7602
293.7474
293.7333
293.7175
293.7001
293.6812
293.6611
293.6402
293.6189
293.5976
293.5767
293.5567
293.538
293.5208
293.5051
293.4913
293.4799
293.471
293.4647
293.4613
293.4606
293.4625
293.4668
293.4734
293.4822
293.4929
293.5051
293.5187
293.5334
293.549
293.5651
293.5817
293.5988
293.6106
