288.2599
288.424
288.5853
288.7434
288.8984
289.0475
289.1783
289.3016
289.4174
289.5257
289.6256
289.7141
289.7932
289.8627
289.9229
289.9735
290.0145
290.0461
290.0686
290.082
290.0864
290.0815
290.0675
290.0444
290.0123
289.9722
289.9247
289.8693
289.8062
289.7355
289.6641
289.593
289.5189
289.4419
289.3624
289.2856
289.211
289.1371
289.0641
288.9919
288.9234
288.8575
288.7937
288.7321
288.6725
288.4889
288.3822
288.2747
288.1653
288.0546
287.9432
287.8309
287.7178
287.6042
287.4902
287.3763
287.2623
287.1483
287.0344
286.9208
286.8077
286.6949
286.5823
286.4701
286.3581
286.2458
286.1338
286.0222
285.9109
285.8002
285.6903
285.5808
285.4717
285.4506
285.5721
285.5587
285.5523
285.5505
285.5519
285.5568
285.5644
285.5737
285.5846
285.5966
285.5951
285.5811
285.5637
285.5427
285.518
285.5073
285.5055
285.5047
285.5053
285.5074
285.5253
285.5547
285.5923
285.6384
285.6933
285.7492
285.8116
285.8819
285.96
286.0461
286.1385
286.2393
286.3483
286.4654
286.5913
286.7386
286.8944
287.0582
287.2299
287.4077
287.5795
287.7536
287.93
288.1085
288.231
288.7157
288.8752
289.03
289.1809
289.3282
289.4717
289.6099
289.7406
289.8634
289.9784
290.0856
290.1843
290.2738
290.354
290.4249
290.4865
290.5392
290.5829
290.6177
290.6436
290.6605
290.6687
290.6682
290.6588
290.6407
290.6139
290.5797
290.5382
290.4894
290.4333
290.3707
290.3053
290.2383
290.1699
290.1001
290.0296
289.9607
289.8934
289.8276
289.7635
289.7017
289.6438
289.5895
289.5384
289.4904
289.4161
289.2697
289.1315
288.9986
288.8685
288.7403
288.6137
288.4883
288.364
288.2407
288.1183
287.9967
287.8757
287.7555
287.6359
287.5171
287.3989
287.2814
287.1645
287.0483
286.9328
286.8177
286.7033
286.5894
286.4761
286.3634
286.2512
286.1397
286.0293
286.0705
286.1927
286.2571
286.3002
286.3379
286.3729
286.4061
286.4375
286.4672
286.4956
286.5223
286.5441
286.5601
286.5708
286.5764
286.5694
286.5384
286.501
286.462
286.4218
286.3887
286.376
286.3774
286.3892
286.4104
286.4405
286.48
286.5289
286.5872
286.6545
286.732
286.8211
286.9207
287.0296
287.1473
287.2797
287.4321
287.5967
287.7681
287.9458
288.1123
288.2686
288.4244
288.5814
288.689
295.1588
295.2214
295.2832
295.344
295.4039
295.4627
295.5203
295.5767
295.6317
295.6852
295.7372
295.7872
295.8348
295.8799
295.9226
295.9626
295.9997
296.0335
296.0642
296.0916
296.1157
296.1366
296.1543
296.1688
296.1799
296.1878
296.1924
296.1937
296.1918
296.1867
296.1787
296.1692
296.1582
296.146
296.1326
296.1183
296.1038
296.0893
296.0748
296.0603
296.0459
296.0315
296.0172
296.0031
295.9891
295.9664
295.9219
295.8727
295.8199
295.7645
295.7069
295.6474
295.5862
295.5237
295.46
295.3953
295.3297
295.2634
295.1965
295.1291
295.061
294.9922
294.9227
294.8527
294.7821
294.7112
294.6399
294.5684
294.4967
294.4248
294.3526
294.2802
294.2076
294.1353
294.1028
294.0746
294.0491
294.0264
294.0062
293.9885
293.973
293.9594
293.9476
293.9375
293.9291
293.9231
293.9197
293.9186
293.9199
293.9236
293.9304
293.9404
293.9535
293.9697
293.9891
294.0115
294.0368
294.0652
294.0966
294.1309
294.168
294.2077
294.2501
294.2953
294.3429
294.3926
294.4445
294.4986
294.5547
294.6124
294.6711
294.7308
294.7914
294.8528
294.9149
294.9774
295.0402
295.1034
295.1466
290.1194
290.1966
290.272
290.3438
290.4121
290.4771
290.5385
290.596
290.6493
290.6985
290.7437
290.7844
290.8195
290.8489
290.8727
290.8912
290.9036
290.9092
290.908
290.9001
290.8858
290.8649
290.8374
290.8033
290.7629
290.7158
290.6625
290.6037
290.5396
290.4708
290.3977
290.3228
290.2488
290.1773
290.1094
290.0464
289.9945
289.9596
289.946
289.956
289.9886
290.0371
290.0962
290.1628
290.2353
290.2998
290.2883
290.2345
290.1622
290.0824
290.0002
289.9181
289.8372
289.7582
289.6812
289.6064
289.5336
289.4626
289.3934
289.3258
289.2595
289.1946
289.1308
289.0679
289.006
288.945
288.8847
288.8251
288.766
288.7076
288.6497
288.5924
288.5357
288.4798
288.4637
288.5128
288.5991
288.6967
288.7902
288.8725
288.9409
288.9945
289.0336
289.0589
289.0713
289.0717
289.0604
289.0379
289.0045
288.9619
288.9171
288.8759
288.8411
288.8138
288.7948
288.7845
288.7834
288.7915
288.8084
288.8338
288.8671
288.9077
288.9553
289.0094
289.0692
289.1332
289.2004
289.2708
289.3443
289.4205
289.4986
289.578
289.6586
289.7403
289.8222
289.9025
289.9809
290.0577
290.109
292.6519
292.718
292.7807
292.8405
292.8976
292.952
293.0032
293.0497
293.0912
293.1277
293.1595
293.1867
293.2091
293.2267
293.2396
293.2478
293.251
293.2485
293.2401
293.226
293.2065
293.1819
293.1521
293.1176
293.0784
293.0347
292.9861
292.9329
292.8756
292.8144
292.7498
292.6834
292.6169
292.5516
292.4883
292.4275
292.3698
292.3155
292.2647
292.2178
292.1749
292.1361
292.1014
292.0708
292.0444
292.0221
292.0027
291.9841
291.965
291.9446
291.9225
291.8987
291.8733
291.8462
291.8178
291.7882
291.7576
291.7262
291.694
291.6613
291.628
291.5944
291.5606
291.5265
291.4923
291.4579
291.4233
291.3887
291.354
291.3191
291.2842
291.2492
291.2143
291.1795
291.1669
291.1979
291.2683
291.3651
291.4734
291.5799
291.6739
291.7496
291.8057
291.8432
291.864
291.8694
291.8603
291.8379
291.8033
291.7577
291.7073
291.6576
291.612
291.5721
291.539
291.5137
291.4973
291.4904
291.4933
291.5062
291.5284
291.5592
291.598
291.6444
291.6975
291.7561
291.8189
291.8853
291.9546
292.0262
292.0991
292.1726
292.2463
292.3201
292.3934
292.4651
292.5345
292.6015
292.6459
290.2601
290.2988
290.3386
290.3794
290.4209
290.4629
290.5053
290.5477
290.5899
290.6317
290.6728
290.7131
290.7524
290.7906
290.8273
290.8625
290.896
290.9276
290.957
290.9842
291.0089
291.0309
291.0501
291.0663
291.0796
291.0897
291.0966
291.1003
291.1007
291.0979
291.092
291.083
291.0711
291.0566
291.04
291.0216
291.0019
290.9816
290.9615
290.9427
290.9262
290.9132
290.9045
290.9004
290.9014
290.9074
290.9171
290.9264
290.9319
290.9321
290.9268
290.9165
290.9017
290.8831
290.8613
290.8369
290.8103
290.7819
290.7521
290.7211
290.6892
290.6565
290.623
290.5889
290.5542
290.5189
290.483
290.4467
290.41
290.3728
290.3353
290.2975
290.2594
290.2212
290.183
290.1464
290.1142
290.0889
290.0715
290.0614
290.0575
290.0582
290.062
290.0676
290.0738
290.0797
290.0845
290.0876
290.0884
290.0864
290.0813
290.0731
290.0623
290.0495
290.0353
290.0206
290.0057
289.9915
289.9785
289.9671
289.9578
289.951
289.9468
289.9456
289.9474
289.9523
289.9605
289.9718
289.9862
290.0036
290.024
290.0471
290.0728
290.101
290.1314
290.164
290.1984
290.2345
290.2598
292.0691
292.076
292.0831
292.0905
292.098
292.1057
292.1135
292.1214
292.1293
292.1372
292.145
292.1528
292.1605
292.168
292.1753
292.1824
292.1893
292.1958
292.2019
292.2076
292.2129
292.2177
292.222
292.2258
292.2291
292.2318
292.2339
292.2354
292.2363
292.2365
292.2361
292.2351
292.2337
292.2318
292.2297
292.2272
292.2246
292.2219
292.2192
292.2165
292.214
292.2116
292.2096
292.2079
292.2067
292.206
292.2051
292.2036
292.2014
292.1987
292.1955
292.1918
292.1878
292.1834
292.1787
292.1736
292.1683
292.1628
292.1569
292.1509
292.1446
292.1381
292.1314
292.1245
292.1174
292.1101
292.1027
292.0951
292.0872
292.0793
292.0711
292.0628
292.0543
292.0457
292.0382
292.0339
292.0331
292.0351
292.0386
292.0429
292.0475
292.0521
292.0565
292.0607
292.0645
292.0675
292.0694
292.07
292.0693
292.0672
292.0641
292.0603
292.0562
292.0518
292.0473
292.0428
292.0385
292.0344
292.0307
292.0275
292.0248
292.0228
292.0213
292.0204
292.0202
292.0207
292.0218
292.0234
292.0257
292.0285
292.0318
292.0357
292.04
292.0447
292.05
292.0556
292.0615
292.0678
292.0722
297.7622
297.784
297.8069
297.8309
297.856
297.882
297.9089
297.9366
297.9649
297.9938
298.0232
298.0531
298.0832
298.1134
298.1437
298.174
298.2041
298.2339
298.2633
298.2923
298.3206
298.3482
298.3749
298.4006
298.4251
298.4485
298.4705
298.4914
298.5109
298.529
298.5457
298.5611
298.5754
298.5884
298.6004
298.6113
298.6212
298.63
298.6377
298.6445
298.6503
298.655
298.6588
298.6617
298.6636
298.6646
298.6644
298.6627
298.6595
298.6549
298.649
298.6417
298.6333
298.6236
298.6127
298.6008
298.5877
298.5736
298.5586
298.5425
298.5256
298.5077
298.489
298.4695
298.4492
298.4281
298.4063
298.3837
298.3604
298.3364
298.3117
298.2864
298.2605
298.2339
298.2069
298.1794
298.1517
298.1239
298.0959
298.0679
298.0397
298.012
297.9853
297.9592
297.9335
297.9084
297.8837
297.8595
297.8357
297.8123
297.7896
297.7677
297.7467
297.7267
297.7078
297.6902
297.6743
297.6601
297.6478
297.6375
297.6293
297.6233
297.6186
297.6155
297.614
297.6142
297.6161
297.6197
297.6251
297.6322
297.6411
297.6515
297.6636
297.6772
297.6924
297.709
297.7269
297.7463
297.7602
294.2029
294.2291
294.2565
294.285
294.3144
294.3446
294.3755
294.407
294.4388
294.471
294.5032
294.5355
294.5677
294.5995
294.6309
294.6619
294.6921
294.7215
294.75
294.7774
294.8037
294.8287
294.8522
294.8743
294.8947
294.9134
294.9303
294.9454
294.9588
294.9703
294.98
294.9879
294.9943
294.9993
295.003
295.0054
295.0068
295.0072
295.0067
295.0053
295.0032
295.0005
294.9971
294.9931
294.9886
294.9835
294.9777
294.9709
294.9631
294.9542
294.9444
294.9336
294.9218
294.9091
294.8956
294.8811
294.8659
294.8498
294.8329
294.8153
294.7969
294.7779
294.7581
294.7376
294.7165
294.6948
294.6724
294.6494
294.6259
294.6017
294.577
294.5518
294.5261
294.4999
294.4734
294.447
294.4209
294.3952
294.3699
294.3451
294.3207
294.2972
294.2757
294.2555
294.2362
294.2176
294.1996
294.182
294.1648
294.1479
294.1313
294.1152
294.0997
294.0849
294.071
294.0582
294.0468
294.0368
294.0286
294.0222
294.0178
294.0155
294.0143
294.0138
294.0146
294.017
294.0211
294.027
294.0347
294.0444
294.056
294.0694
294.0845
294.1015
294.1201
294.1404
294.1623
294.1856
294.2022
304.0496
304.0749
304.1023
304.1318
304.1631
304.1962
304.2309
304.267
304.3046
304.3432
304.383
304.4236
304.4649
304.5068
304.549
304.5914
304.6339
304.6762
304.7181
304.7596
304.8004
304.8404
304.8794
304.9173
304.9538
304.989
305.0226
305.0545
305.0847
305.113
305.1394
305.1639
305.1866
305.2073
305.2264
305.2438
305.2596
305.2741
305.2874
305.2995
305.3106
305.3208
305.3303
305.339
305.3472
305.3547
305.3616
305.3674
305.3718
305.3744
305.3751
305.3737
305.3701
305.3644
305.3565
305.3465
305.3345
305.3204
305.3045
305.2868
305.2674
305.2464
305.2238
305.1998
305.1745
305.1478
305.12
305.0909
305.0608
305.0296
304.9975
304.9644
304.9304
304.8957
304.8601
304.8238
304.7871
304.7502
304.7132
304.6764
304.6398
304.6035
304.5676
304.5321
304.4971
304.4627
304.4287
304.3953
304.3624
304.33
304.2982
304.2668
304.2361
304.2059
304.1766
304.148
304.1205
304.0941
304.0691
304.0457
304.024
304.0043
303.9867
303.9714
303.9586
303.9483
303.9406
303.9355
303.9331
303.9334
303.9364
303.9421
303.9505
303.9615
303.9751
303.9912
304.0098
304.0308
304.0464
295.2556
295.2871
295.3208
295.3566
295.3943
295.4338
295.475
295.5178
295.5619
295.6073
295.6536
295.7008
295.7487
295.797
295.8455
295.8942
295.9428
295.9911
296.0389
296.0861
296.1324
296.1777
296.2219
296.2649
296.3063
296.3462
296.3844
296.4207
296.4551
296.4875
296.5178
296.546
296.5721
296.5961
296.6182
296.6385
296.657
296.6738
296.689
296.7027
296.7149
296.7257
296.7351
296.7432
296.75
296.7555
296.7595
296.7617
296.7618
296.7596
296.755
296.7479
296.7383
296.7263
296.7119
296.6953
296.6766
296.6559
296.6332
296.6089
296.5828
296.5553
296.5264
296.4961
296.4647
296.4321
296.3986
296.364
296.3286
296.2924
296.2555
296.2178
296.1795
296.1406
296.1011
296.0611
296.0208
295.98
295.9391
295.8979
295.8567
295.8155
295.7744
295.7335
295.6929
295.6527
295.6131
295.574
295.5357
295.4981
295.4613
295.4254
295.3905
295.3568
295.3243
295.2931
295.2635
295.2356
295.2096
295.1856
295.164
295.1448
295.1282
295.1144
295.1035
295.0955
295.0905
295.0885
295.0896
295.0937
295.1008
295.1109
295.124
295.1399
295.1587
295.1803
295.2046
295.2315
295.2512
304.6108
304.6315
304.6545
304.6798
304.7072
304.7367
304.7682
304.8014
304.8364
304.8728
304.9108
304.95
304.9903
305.0317
305.0738
305.1166
305.1599
305.2035
305.2472
305.2909
305.3344
305.3776
305.4203
305.4623
305.5035
305.5437
305.5829
305.6208
305.6574
305.6927
305.7265
305.7588
305.7896
305.819
305.847
305.8736
305.8991
305.9234
305.9467
305.9691
305.9906
306.0113
306.0312
306.0505
306.0691
306.0871
306.1043
306.1199
306.1334
306.1444
306.1525
306.1576
306.1596
306.1585
306.1544
306.1473
306.1374
306.1248
306.1096
306.0921
306.0723
306.0504
306.0265
306.0007
305.9732
305.9441
305.9134
305.8813
305.8478
305.8131
305.7772
305.7402
305.7021
305.663
305.623
305.5822
305.5409
305.4993
305.4577
305.4162
305.375
305.3343
305.2939
305.2541
305.2148
305.176
305.1378
305.1
305.0628
305.026
304.9898
304.9541
304.9189
304.8845
304.8508
304.818
304.7862
304.7556
304.7264
304.6988
304.6728
304.6487
304.6267
304.6068
304.5892
304.5741
304.5614
304.5512
304.5436
304.5387
304.5365
304.537
304.5401
304.5459
304.5543
304.5654
304.579
304.5951
304.6075
304.6454
304.661
304.6786
304.6981
304.7195
304.7426
304.7674
304.7937
304.8215
304.8507
304.8812
304.9128
304.9455
304.979
305.0134
305.0483
305.0838
305.1196
305.1557
305.1919
305.228
305.2639
305.2996
305.3349
305.3697
305.4038
305.4372
305.4697
305.5013
305.5319
305.5614
305.5898
305.617
305.6431
305.6681
305.692
305.715
305.737
305.758
305.7782
305.7975
305.816
305.8337
305.8505
305.8666
305.8818
305.8961
305.9091
305.9205
305.93
305.9375
305.9427
305.9456
305.9462
305.9445
305.9407
305.9346
305.9265
305.9164
305.9044
305.8906
305.8751
305.858
305.8394
305.8194
305.798
305.7753
305.7514
305.7263
305.7002
305.673
305.6448
305.6157
305.5857
305.5548
305.5232
305.4908
305.4579
305.4245
305.3907
305.3566
305.3224
305.288
305.2536
305.2193
305.1852
305.1513
305.1176
305.0842
305.0512
305.0186
304.9864
304.9548
304.9238
304.8934
304.8638
304.8352
304.8075
304.7809
304.7557
304.732
304.7098
304.6893
304.6706
304.6539
304.6392
304.6265
304.616
304.6077
304.6016
304.5978
304.5962
304.5969
304.5998
304.605
304.6124
304.622
304.6337
304.6429
296.308
296.3535
296.3981
296.4414
296.4835
296.5243
296.5638
296.6015
296.6374
296.6715
296.7036
296.7336
296.7609
296.7855
296.8074
296.8266
296.843
296.8565
296.8669
296.8741
296.8782
296.879
296.8765
296.8706
296.8613
296.8486
296.8332
296.8155
296.7957
296.7739
296.7503
296.7256
296.7006
296.6756
296.6508
296.6264
296.6024
296.579
296.5564
296.5348
296.5143
296.4951
296.4773
296.4612
296.4473
296.4359
296.4267
296.4184
296.4097
296.3997
296.388
296.3744
296.3589
296.3418
296.3232
296.3033
296.2823
296.2603
296.2375
296.214
296.1899
296.1653
296.1402
296.1147
296.0889
296.0627
296.0364
296.0098
295.983
295.9559
295.9287
295.9013
295.8737
295.8458
295.8181
295.792
295.7702
295.7552
295.7478
295.7471
295.7515
295.7595
295.7692
295.7795
295.7893
295.7977
295.804
295.8072
295.8065
295.8011
295.7918
295.7793
295.7645
295.7484
295.7319
295.7164
295.7026
295.6915
295.6843
295.6815
295.6835
295.6905
295.7026
295.72
295.7424
295.7691
295.7998
295.8339
295.871
295.9108
295.9528
295.9965
296.0416
296.0877
296.1346
296.1814
296.228
296.2742
296.3053
