293.1028
293.4085
293.6996
293.9768
294.2398
294.487
294.7089
294.9108
295.0929
295.2553
295.3979
295.5208
295.6243
295.7087
295.7742
295.8191
295.84
295.84
295.8194
295.7786
295.7196
295.6446
295.5524
295.4436
295.3187
295.1789
295.0258
294.8594
294.6802
294.4885
294.2945
294.1027
293.9095
293.7154
293.5209
293.3285
293.1387
292.9511
292.765
292.5784
292.393
292.2088
292.0254
291.8432
291.6621
291.4828
291.305
291.1288
290.9541
290.7809
290.6095
290.4397
290.2716
290.105
289.9401
289.7766
289.6146
289.4541
289.2951
289.1376
288.9811
288.8259
288.672
288.5194
288.3681
288.2183
288.0698
287.9225
287.7766
287.6322
287.4896
287.3486
287.209
287.0708
286.9337
286.7969
286.6611
286.5262
286.3922
286.2598
286.1759
286.4559
286.5365
286.6314
286.7375
286.8511
286.9678
287.0855
287.203
287.2897
287.3462
287.3849
287.4068
287.4132
287.4483
287.5062
287.5789
287.6674
287.7731
287.8953
288.0344
288.1902
288.3625
288.5513
288.7633
288.9946
289.2446
289.5129
289.7991
290.1067
290.43
290.7683
291.121
291.4836
291.8262
292.1641
292.4968
292.8237
293.0425
293.1778
293.4852
293.767
294.0304
294.2777
294.5096
294.7234
294.9168
295.0901
295.2435
295.3774
295.4922
295.5873
295.6632
295.7203
295.759
295.7784
295.7785
295.7594
295.7214
295.665
295.5929
295.5063
295.4051
295.2894
295.1595
295.017
294.8632
294.6979
294.5212
294.3349
294.1481
293.9635
293.781
293.6003
293.4219
293.2472
293.0766
292.9082
292.73
292.5483
292.3663
292.185
292.0046
291.8254
291.6479
291.472
291.298
291.1258
290.9553
290.7866
290.6196
290.4543
290.2907
290.1288
289.9685
289.8098
289.6526
289.497
289.3429
289.1902
289.0386
288.8882
288.739
288.591
288.4444
288.2991
288.1553
288.0128
287.8716
287.7318
287.5934
287.4563
287.3205
287.1861
287.0525
286.9199
286.7883
286.6575
286.5277
286.3997
286.5203
286.7666
286.9689
287.1393
287.2808
287.3964
287.4925
287.5738
287.6354
287.6687
287.687
287.6932
287.6869
287.6811
287.704
287.7542
287.8298
287.9289
288.0465
288.176
288.3198
288.4797
288.6559
288.8522
289.0721
289.3133
289.5737
289.8517
290.1473
290.4615
290.7926
291.1388
291.4983
291.8616
292.2167
292.5613
292.8962
293.1188
296.0061
296.1142
296.2205
296.3248
296.4269
296.5266
296.6233
296.7163
296.8056
296.8911
296.9726
297.0496
297.1215
297.1883
297.2498
297.3059
297.3566
297.4019
297.4417
297.476
297.5047
297.5283
297.5468
297.5602
297.5684
297.5714
297.5689
297.5607
297.547
297.5277
297.5034
297.4766
297.4477
297.4167
297.3838
297.3493
297.3136
297.2771
297.2355
297.1824
297.1246
297.0636
297
296.9342
296.8667
296.7977
296.7274
296.6558
296.5832
296.5096
296.4351
296.3597
296.2837
296.2069
296.1295
296.0516
295.973
295.8939
295.8143
295.7343
295.6539
295.5732
295.4923
295.4111
295.3298
295.2483
295.1666
295.0847
295.0026
294.9204
294.8381
294.7556
294.6731
294.5905
294.5077
294.425
294.3421
294.2592
294.1762
294.0933
294.0104
293.9754
293.9393
293.899
293.8575
293.8271
293.8094
293.8046
293.8127
293.8297
293.8442
293.8552
293.8628
293.867
293.8726
293.8895
293.9177
293.9574
294.0084
294.0694
294.1383
294.2152
294.2998
294.3923
294.4902
294.5908
294.6939
294.7996
294.9078
295.0177
295.1283
295.2396
295.3514
295.4636
295.5759
295.6878
295.7991
295.9098
295.9846
293.2437
293.368
293.4871
293.6015
293.711
293.8158
293.9146
294.0056
294.0888
294.1647
294.2337
294.2951
294.3474
294.3907
294.4252
294.4512
294.4678
294.4737
294.4691
294.4541
294.4293
294.394
294.3479
294.291
294.2236
294.1461
294.059
293.9629
293.8581
293.7439
293.6213
293.4951
293.3701
293.2487
293.132
293.0206
292.9151
292.8162
292.7245
292.6371
292.552
292.469
292.3878
292.3082
292.23
292.153
292.077
292.002
291.9279
291.8546
291.7821
291.7103
291.6392
291.5688
291.4991
291.4299
291.3613
291.2932
291.2256
291.1585
291.0917
291.0253
290.9592
290.8934
290.8279
290.7627
290.6978
290.6331
290.5686
290.5043
290.4402
290.3762
290.3125
290.2489
290.1854
290.1221
290.0589
289.9958
289.9328
289.8698
289.8069
289.7764
289.8028
289.864
289.9349
289.9992
290.05
290.0849
290.1034
290.1073
290.1084
290.1161
290.1345
290.165
290.2076
290.2627
290.3305
290.411
290.5039
290.6079
290.7211
290.8421
290.9699
291.1039
291.2432
291.3857
291.5304
291.6771
291.8255
291.9746
292.1219
292.2671
292.4108
292.5536
292.6952
292.8341
292.9698
293.1027
293.1916
294.2948
294.3917
294.4864
294.5776
294.6647
294.7479
294.8262
294.8979
294.9627
295.021
295.0735
295.1196
295.1584
295.1899
295.2144
295.2324
295.2436
295.2476
295.2441
295.2331
295.2148
295.1886
295.1539
295.1106
295.0591
294.9996
294.9327
294.8591
294.7794
294.6935
294.6012
294.5063
294.4132
294.3244
294.2417
294.1657
294.0965
294.0331
293.9746
293.917
293.8578
293.7972
293.7361
293.675
293.6145
293.5548
293.4961
293.4384
293.3818
293.3261
293.2714
293.2175
293.1645
293.1122
293.0605
293.0095
292.959
292.9091
292.8596
292.8105
292.7617
292.7133
292.6651
292.6173
292.5696
292.5221
292.4748
292.4276
292.3806
292.3336
292.2868
292.24
292.1933
292.1466
292.1
292.0534
292.0068
291.9603
291.9137
291.8672
291.8206
291.7964
291.8163
291.8708
291.9402
292.0059
292.0555
292.084
292.091
292.0793
292.0594
292.04
292.0256
292.0187
292.0206
292.0325
292.0558
292.0914
292.14
292.2013
292.2745
292.358
292.4505
292.5506
292.657
292.7669
292.8792
292.9931
293.1086
293.2255
293.3426
293.459
293.5746
293.6893
293.8023
293.9111
294.0156
294.1162
294.1828
292.6725
292.7469
292.8229
292.8999
292.9776
293.0557
293.134
293.212
293.2895
293.3659
293.441
293.5144
293.5859
293.6554
293.7226
293.7873
293.8492
293.9082
293.9637
294.0155
294.0634
294.1072
294.1465
294.1814
294.2115
294.2367
294.2569
294.2721
294.2821
294.2869
294.2866
294.2812
294.2709
294.2563
294.2379
294.2163
294.192
294.1654
294.1371
294.1075
294.0767
294.0447
294.0116
293.9774
293.9422
293.906
293.8689
293.8309
293.7922
293.7529
293.7128
293.6722
293.6311
293.5894
293.5473
293.5048
293.4619
293.4186
293.375
293.331
293.2867
293.2421
293.1972
293.1521
293.1068
293.0613
293.0155
292.9696
292.9234
292.877
292.8304
292.7835
292.7365
292.6893
292.642
292.5947
292.5471
292.4993
292.4512
292.4027
292.3539
292.3052
292.2581
292.2146
292.1764
292.144
292.1169
292.0939
292.0739
292.0558
292.0385
292.0216
292.0049
291.9887
291.9733
291.959
291.9464
291.9361
291.9287
291.9247
291.9246
291.9289
291.9378
291.9514
291.9701
291.9937
292.0223
292.0558
292.0941
292.1369
292.1842
292.2357
292.291
292.3499
292.4121
292.4773
292.5452
292.6155
292.6645
292.7664
292.7826
292.7994
292.8167
292.8344
292.8525
292.8708
292.8893
292.9078
292.9264
292.9449
292.9634
292.9816
292.9995
293.0171
293.0343
293.0511
293.0673
293.0829
293.0979
293.1122
293.1257
293.1383
293.15
293.1606
293.1702
293.1787
293.186
293.1921
293.1971
293.2008
293.2033
293.2048
293.2055
293.2055
293.2048
293.2037
293.2022
293.2005
293.1984
293.1958
293.1926
293.1889
293.1847
293.1799
293.1746
293.1689
293.1628
293.1562
293.1492
293.1418
293.134
293.1259
293.1174
293.1086
293.0995
293.09
293.0802
293.0701
293.0597
293.0491
293.0381
293.0268
293.0153
293.0035
292.9914
292.9791
292.9665
292.9537
292.9406
292.9272
292.9136
292.8998
292.8857
292.8714
292.8568
292.842
292.827
292.8117
292.7962
292.7805
292.7657
292.7538
292.745
292.7384
292.7329
292.7275
292.7216
292.715
292.7076
292.6995
292.6911
292.6825
292.6739
292.6654
292.6573
292.6498
292.6432
292.6377
292.6333
292.6303
292.6285
292.6281
292.629
292.6313
292.6348
292.6396
292.6456
292.6528
292.6611
292.6704
292.6806
292.6917
292.7036
292.7163
292.7298
292.7439
292.7586
292.7689
304.7007
304.7194
304.7405
304.7639
304.7896
304.8176
304.8478
304.88
304.9142
304.9501
304.9878
305.0271
305.0677
305.1094
305.1522
305.1959
305.2402
305.2849
305.3298
305.3746
305.4193
305.4636
305.5072
305.5498
305.5914
305.6317
305.6705
305.7076
305.743
305.7764
305.8079
305.8375
305.8653
305.8912
305.9155
305.9379
305.9587
305.9778
305.9952
306.0106
306.0239
306.0351
306.0443
306.0516
306.0571
306.0608
306.0628
306.0631
306.0619
306.0591
306.0548
306.0491
306.042
306.0335
306.0237
306.0127
306.0005
305.9871
305.9726
305.957
305.9403
305.9226
305.9039
305.8842
305.8635
305.842
305.8195
305.7962
305.772
305.7471
305.7213
305.6948
305.6676
305.6396
305.611
305.5817
305.5517
305.5211
305.4898
305.4579
305.4254
305.3924
305.3589
305.3251
305.2909
305.2566
305.2219
305.1871
305.1522
305.1171
305.0821
305.0474
305.0131
304.9793
304.9463
304.9143
304.8835
304.8539
304.8258
304.7992
304.7743
304.7513
304.7302
304.7111
304.6941
304.6792
304.6666
304.6562
304.6483
304.6427
304.6396
304.6389
304.6407
304.645
304.6519
304.6612
304.6729
304.6871
304.6981
296.8575
296.8797
296.9039
296.9298
296.9575
296.9867
297.0174
297.0495
297.0827
297.117
297.1523
297.1883
297.2249
297.2619
297.2992
297.3367
297.3742
297.4115
297.4485
297.4849
297.5208
297.5558
297.59
297.6231
297.655
297.6856
297.7147
297.7424
297.7683
297.7925
297.8149
297.8356
297.8546
297.8721
297.8883
297.9031
297.9168
297.9294
297.941
297.9511
297.9598
297.9669
297.9726
297.9768
297.9796
297.981
297.981
297.9798
297.9773
297.9736
297.9687
297.9626
297.9554
297.9472
297.9378
297.9275
297.9161
297.9038
297.8905
297.8763
297.8612
297.8453
297.8285
297.8108
297.7924
297.7731
297.7531
297.7324
297.7109
297.6887
297.6658
297.6422
297.618
297.5931
297.5676
297.5414
297.5147
297.4874
297.4595
297.431
297.402
297.3727
297.3432
297.3139
297.2846
297.2553
297.226
297.1967
297.1673
297.1378
297.1084
297.0791
297.0502
297.0218
296.9939
296.9669
296.941
296.9162
296.8928
296.871
296.8508
296.8324
296.8159
296.8015
296.7893
296.7792
296.7714
296.766
296.7629
296.7623
296.764
296.7682
296.7747
296.7837
296.795
296.8086
296.8243
296.8423
296.8557
307.6998
307.7285
307.7604
307.7953
307.8331
307.8736
307.9167
307.9622
308.01
308.0598
308.1116
308.1651
308.2201
308.2764
308.3339
308.3922
308.4512
308.5107
308.5703
308.6299
308.6893
308.7481
308.8062
308.8634
308.9195
308.9742
309.0274
309.0789
309.1285
309.1759
309.2211
309.264
309.3044
309.3424
309.3781
309.4116
309.4428
309.472
309.4993
309.5244
309.5469
309.5667
309.5835
309.5973
309.6081
309.616
309.6208
309.6229
309.6221
309.6187
309.6127
309.6042
309.5934
309.5804
309.5652
309.5479
309.5288
309.5078
309.485
309.4606
309.4345
309.407
309.3781
309.3477
309.3161
309.2833
309.2493
309.2141
309.1779
309.1407
309.1025
309.0634
309.0234
308.9825
308.9409
308.8985
308.8553
308.8114
308.7669
308.7218
308.676
308.6296
308.5827
308.5355
308.4881
308.4407
308.3933
308.3461
308.2991
308.2523
308.2058
308.1596
308.1139
308.0689
308.0246
307.9813
307.9391
307.8984
307.8593
307.8221
307.787
307.7542
307.7241
307.6967
307.6724
307.6512
307.6334
307.619
307.6082
307.601
307.5976
307.5979
307.6019
307.6097
307.6213
307.6365
307.6554
307.6777
307.6948
301.3514
301.3881
301.428
301.4709
301.5167
301.5652
301.6161
301.6694
301.7248
301.782
301.841
301.9014
301.9631
302.0257
302.089
302.1528
302.2167
302.2805
302.344
302.4068
302.4687
302.5295
302.5889
302.6468
302.7029
302.7572
302.8094
302.8593
302.9067
302.9514
302.9934
303.0326
303.069
303.1028
303.1341
303.1629
303.1894
303.2136
303.2355
303.2547
303.2708
303.2834
303.2925
303.2982
303.3006
303.2999
303.2961
303.2894
303.2801
303.2682
303.2539
303.2375
303.219
303.1985
303.1763
303.1523
303.1268
303.0998
303.0714
303.0417
303.0109
302.9788
302.9457
302.9116
302.8765
302.8406
302.8037
302.7661
302.7278
302.6887
302.6489
302.6085
302.5675
302.5259
302.4837
302.4411
302.3979
302.3542
302.3101
302.2656
302.2206
302.1753
302.1296
302.0835
302.037
301.9903
301.9433
301.8961
301.8486
301.8011
301.7535
301.7061
301.6591
301.6128
301.5674
301.5233
301.4808
301.4402
301.4017
301.3658
301.3326
301.3023
301.2752
301.2515
301.2313
301.2147
301.2018
301.1928
301.1876
301.1865
301.1893
301.1962
301.2071
301.222
301.2409
301.2636
301.2902
301.3203
301.3428
307.4018
307.4221
307.4452
307.471
307.4994
307.5304
307.5639
307.5997
307.6377
307.678
307.7202
307.7645
307.8105
307.8581
307.9072
307.9575
308.0089
308.0612
308.1142
308.1676
308.2213
308.2751
308.3288
308.3821
308.435
308.4873
308.5388
308.5893
308.6387
308.6867
308.7332
308.7781
308.8214
308.863
308.9031
308.9416
308.9787
309.0143
309.0487
309.0813
309.1114
309.1386
309.1625
309.183
309.2002
309.2139
309.2243
309.2316
309.2358
309.2371
309.2356
309.2316
309.225
309.2162
309.2051
309.192
309.1769
309.1599
309.1412
309.1208
309.0988
309.0753
309.0504
309.0242
308.9966
308.9678
308.9379
308.9068
308.8746
308.8414
308.8072
308.772
308.7359
308.699
308.6612
308.6227
308.5834
308.5433
308.5025
308.461
308.4189
308.3761
308.3327
308.2889
308.2448
308.2003
308.1557
308.1109
308.066
308.0209
307.9758
307.9309
307.8861
307.8417
307.7978
307.7548
307.7127
307.6719
307.6326
307.595
307.5595
307.5261
307.4951
307.4666
307.4408
307.4179
307.398
307.381
307.3672
307.3566
307.3492
307.345
307.344
307.3463
307.3518
307.3605
307.3722
307.387
307.3987
309.5563
309.576
309.5985
309.6236
309.6514
309.6816
309.7142
309.7491
309.786
309.8249
309.8656
309.908
309.952
309.9973
310.0437
310.0912
310.1394
310.1883
310.2376
310.2871
310.3367
310.3862
310.4354
310.4842
310.5325
310.5801
310.6268
310.6726
310.7173
310.7607
310.8026
310.8431
310.8821
310.9195
310.9554
310.9898
311.0227
311.0542
311.0842
311.1125
311.1386
311.1621
311.1829
311.2009
311.216
311.2282
311.2376
311.2442
311.2482
311.2497
311.2487
311.2453
311.2398
311.2322
311.2225
311.2109
311.1976
311.1825
311.1658
311.1475
311.1278
311.1067
311.0842
311.0605
311.0356
311.0095
310.9824
310.9542
310.925
310.8948
310.8638
310.8319
310.7991
310.7656
310.7313
310.6963
310.6606
310.6242
310.5872
310.5496
310.5114
310.4726
310.4333
310.3935
310.3532
310.3124
310.2713
310.2298
310.188
310.1459
310.1036
310.0613
310.0191
309.9772
309.9358
309.8952
309.8554
309.8169
309.7797
309.7441
309.7103
309.6785
309.6489
309.6216
309.5968
309.5746
309.5551
309.5385
309.5248
309.514
309.5064
309.5018
309.5004
309.5021
309.5071
309.5151
309.5263
309.5405
309.5518
296.7869
296.8572
296.9266
296.9947
297.0616
297.1274
297.1918
297.2541
297.3139
297.3712
297.4258
297.4776
297.5263
297.5717
297.614
297.653
297.6882
297.7189
297.7451
297.7668
297.7839
297.796
297.8029
297.8046
297.8011
297.7923
297.7786
297.7602
297.7374
297.71
297.6785
297.6444
297.6093
297.574
297.5388
297.504
297.47
297.437
297.4052
297.3745
297.3441
297.3134
297.282
297.2497
297.2163
297.1819
297.1465
297.1102
297.0734
297.0361
296.9984
296.9605
296.9223
296.8839
296.8453
296.8066
296.7676
296.7285
296.6893
296.6499
296.6104
296.5708
296.5311
296.4913
296.4514
296.4115
296.3714
296.3312
296.2909
296.2505
296.2099
296.1692
296.1283
296.0872
296.046
296.0046
295.9631
295.9215
295.8797
295.8378
295.7954
295.7535
295.7139
295.6786
295.6494
295.6266
295.6097
295.5974
295.5883
295.581
295.5758
295.5723
295.5703
295.5694
295.5708
295.5759
295.586
295.6018
295.6236
295.6514
295.6851
295.7242
295.7683
295.817
295.8694
295.9242
295.9811
296.0402
296.1013
296.1649
296.2308
296.2987
296.3682
296.4393
296.5111
296.5826
296.6537
296.7244
296.7723
