291.0128
291.0177
291.0218
291.0258
291.0295
291.0328
291.0348
291.0364
291.0375
291.0383
291.0388
291.0402
291.0415
291.0426
291.0435
291.0441
291.0437
291.0428
291.0415
291.0398
291.0378
291.0358
291.0335
291.0309
291.0281
291.025
291.0215
291.0178
291.0137
291.0094
291.0053
291.0013
290.9971
290.9929
290.9884
290.9833
290.9777
290.9719
290.9658
290.9595
290.9541
290.9491
290.9441
290.9391
290.9342
290.9287
290.9231
290.9174
290.9118
290.9063
290.901
290.8959
290.891
290.886
290.8812
290.8763
290.8715
290.8667
290.862
290.8575
290.8548
290.8525
290.8505
290.849
290.8476
290.8453
290.8432
290.8413
290.8395
290.838
290.8373
290.8368
290.8365
290.8365
290.8366
290.8367
290.8372
290.8379
290.8388
290.8404
290.8427
290.8452
290.8481
290.8513
290.8542
290.8568
290.8596
290.8626
290.8658
290.8695
290.8737
290.8781
290.8827
290.8875
290.8919
290.8963
290.9009
290.9057
290.9107
290.9167
290.9231
290.9297
290.9366
290.9436
290.9491
290.9544
290.9597
290.9649
290.9701
290.976
290.9819
290.9878
290.9936
290.9992
291.0039
291.0084
291.0125
291.0164
291.0188
291.77
291.7735
291.7773
291.781
291.7844
291.7874
291.79
291.7921
291.7938
291.7953
291.7963
291.7973
291.7983
291.799
291.7996
291.7999
291.7999
291.7996
291.7991
291.7984
291.7976
291.7966
291.7952
291.7934
291.7912
291.7886
291.7856
291.7823
291.7787
291.7747
291.7705
291.7662
291.7619
291.7577
291.7534
291.7491
291.7445
291.7395
291.7343
291.7288
291.7232
291.718
291.7131
291.7086
291.7042
291.6999
291.6956
291.6912
291.6868
291.6824
291.6782
291.6741
291.6702
291.6665
291.6629
291.6595
291.6562
291.6529
291.6496
291.6462
291.6429
291.6397
291.6366
291.6337
291.6309
291.6285
291.6267
291.6253
291.6244
291.6237
291.6232
291.6226
291.6221
291.6217
291.6215
291.6216
291.622
291.6227
291.6238
291.625
291.6266
291.6283
291.6301
291.6321
291.6341
291.6362
291.6383
291.6407
291.6432
291.6459
291.6486
291.6514
291.6542
291.6572
291.6603
291.6639
291.668
291.6726
291.6775
291.6826
291.6877
291.6929
291.6981
291.7034
291.7089
291.7146
291.7204
291.7263
291.7324
291.7384
291.744
291.7493
291.7542
291.759
291.7635
291.7676
291.7715
291.7749
291.777
300.7922
300.7957
300.7989
300.8018
300.8045
300.807
300.8094
300.8117
300.8141
300.8164
300.8187
300.8208
300.8228
300.8246
300.8262
300.8277
300.8289
300.8301
300.831
300.8318
300.8324
300.8329
300.8335
300.834
300.8345
300.8349
300.8351
300.835
300.8347
300.8342
300.8335
300.8327
300.8317
300.8306
300.8292
300.8278
300.8264
300.825
300.8236
300.8222
300.8207
300.819
300.817
300.8149
300.8124
300.8099
300.8072
300.8045
300.8017
300.7988
300.7959
300.793
300.7902
300.7875
300.7849
300.7823
300.7797
300.7771
300.7744
300.7718
300.7691
300.7666
300.764
300.7615
300.7591
300.7567
300.7545
300.7524
300.7504
300.7485
300.7467
300.7451
300.7435
300.742
300.7406
300.7394
300.7382
300.7371
300.7361
300.7352
300.7345
300.734
300.7337
300.7335
300.7336
300.7337
300.7338
300.7341
300.7344
300.7349
300.7355
300.7363
300.7373
300.7386
300.74
300.7414
300.743
300.7446
300.7463
300.7482
300.7503
300.7526
300.7552
300.7581
300.761
300.7639
300.7668
300.7696
300.7723
300.7751
300.7781
300.7813
300.7847
300.7883
300.7919
300.7951
300.7981
300.8008
300.8024
286.5416
286.542
286.5424
286.5426
286.5428
286.5431
286.5435
286.5441
286.5451
286.5465
286.5482
286.5501
286.5522
286.5543
286.5564
286.5584
286.5602
286.5619
286.5634
286.5647
286.5659
286.5669
286.5677
286.5683
286.5689
286.5694
286.5698
286.57
286.5702
286.5702
286.5702
286.5703
286.5706
286.5713
286.5724
286.5737
286.5753
286.577
286.5789
286.5809
286.583
286.5854
286.5881
286.591
286.594
286.5971
286.6
286.6029
286.6055
286.6081
286.6105
286.6129
286.6152
286.6174
286.6196
286.6217
286.6238
286.6259
286.6279
286.6298
286.6316
286.633
286.6341
286.6349
286.6352
286.6354
286.6354
286.6353
286.6352
286.6351
286.6348
286.6345
286.6339
286.6331
286.6319
286.6305
286.6287
286.6266
286.6242
286.6218
286.6193
286.6169
286.6147
286.6127
286.6107
286.6087
286.6066
286.6043
286.6018
286.5992
286.5966
286.5943
286.5922
286.5904
286.5889
286.5877
286.5866
286.5858
286.5853
286.5849
286.5849
286.5853
286.5859
286.5867
286.5876
286.5885
286.5893
286.5899
286.5904
286.5907
286.5909
286.591
286.591
286.5909
286.5907
286.5904
286.5901
286.5896
286.5892
287.5255
287.5299
287.5343
287.5385
287.5427
287.5469
287.5512
287.5555
287.5598
287.5641
287.5682
287.5723
287.5763
287.5803
287.5844
287.5884
287.5924
287.5961
287.5994
287.6023
287.6047
287.6065
287.6079
287.6089
287.6095
287.6099
287.61
287.6096
287.6087
287.6074
287.6057
287.6035
287.6012
287.5986
287.596
287.5933
287.5907
287.5882
287.5858
287.5834
287.5811
287.5787
287.576
287.5729
287.5693
287.5653
287.5609
287.5563
287.5516
287.5467
287.5418
287.5369
287.5318
287.5266
287.5213
287.5161
287.5111
287.5063
287.5019
287.4979
287.494
287.4901
287.4861
287.482
287.4777
287.4732
287.4689
287.4647
287.4607
287.4569
287.4533
287.4496
287.4459
287.4419
287.4376
287.4332
287.4286
287.4243
287.4204
287.4173
287.4149
287.4132
287.4122
287.4118
287.4119
287.4127
287.414
287.4158
287.4181
287.4206
287.4234
287.4261
287.4288
287.4313
287.4337
287.4359
287.4381
287.4401
287.442
287.4433
287.4438
287.4434
287.4422
287.4402
287.4374
287.4338
287.4296
287.4248
287.4197
287.4142
287.4086
287.4029
287.3972
287.3916
287.386
287.3805
287.3751
287.3699
287.3665
286.8545
286.8532
286.8518
286.8504
286.849
286.8477
286.8465
286.8454
286.8443
286.8433
286.8425
286.8417
286.841
286.8405
286.8401
286.8399
286.8398
286.8398
286.8399
286.8401
286.8403
286.8405
286.8408
286.841
286.8412
286.8414
286.8416
286.8417
286.8418
286.8419
286.8421
286.8424
286.8427
286.8432
286.8438
286.8446
286.8455
286.8466
286.8478
286.8491
286.8504
286.8518
286.8531
286.8545
286.8558
286.8571
286.8583
286.8595
286.8608
286.862
286.8633
286.8647
286.8661
286.8675
286.8691
286.8707
286.8725
286.8743
286.8761
286.878
286.8799
286.8818
286.8837
286.8855
286.8871
286.8887
286.89
286.8913
286.8926
286.8938
286.895
286.8962
286.8973
286.8984
286.8995
286.9004
286.9013
286.9021
286.9027
286.9032
286.9037
286.904
286.9042
286.9045
286.9046
286.9048
286.9049
286.905
286.9051
286.9052
286.9052
286.9051
286.905
286.9049
286.9046
286.9043
286.904
286.9036
286.9032
286.9028
286.9023
286.9017
286.9011
286.9004
286.8996
286.8987
286.8978
286.8968
286.8958
286.8949
286.8939
286.8929
286.8919
286.8908
286.8897
286.8885
286.8872
286.8858
286.8849
287.7426
287.7417
287.7408
287.74
287.7391
287.7383
287.7375
287.7367
287.736
287.7353
287.7345
287.7339
287.7333
287.7328
287.7323
287.732
287.7318
287.7316
287.7315
287.7313
287.7312
287.7311
287.7311
287.7311
287.7312
287.7313
287.7315
287.7318
287.7321
287.7324
287.7328
287.7332
287.7337
287.7342
287.7349
287.7356
287.7364
287.7373
287.7381
287.7391
287.74
287.7409
287.7418
287.7426
287.7433
287.744
287.7446
287.7453
287.7459
287.7466
287.7472
287.748
287.7487
287.7496
287.7505
287.7514
287.7524
287.7533
287.7543
287.7551
287.756
287.7568
287.7577
287.7585
287.7594
287.7603
287.7612
287.7621
287.7629
287.7637
287.7646
287.7654
287.7663
287.7671
287.7681
287.769
287.7699
287.7709
287.7718
287.7726
287.7735
287.7744
287.7753
287.7762
287.7772
287.7781
287.779
287.7799
287.7807
287.7814
287.7821
287.7826
287.7831
287.7836
287.7839
287.7842
287.7845
287.7847
287.785
287.7852
287.7854
287.7855
287.7856
287.7856
287.7855
287.7853
287.785
287.7846
287.7841
287.7835
287.7829
287.7821
287.7813
287.7804
287.7795
287.7785
287.7775
287.7765
287.7758
294.6844
294.694
294.7036
294.7133
294.723
294.7327
294.7422
294.7504
294.7578
294.7646
294.7709
294.7765
294.7816
294.7862
294.7902
294.7938
294.7968
294.7994
294.8015
294.8031
294.8043
294.805
294.8052
294.805
294.8043
294.8031
294.8016
294.7996
294.7971
294.7943
294.7911
294.7875
294.7835
294.7791
294.7744
294.7693
294.7638
294.758
294.7519
294.7455
294.7387
294.7316
294.7242
294.7164
294.7084
294.7001
294.6915
294.6827
294.6743
294.667
294.6607
294.6553
294.6507
294.6468
294.6435
294.6406
294.6382
294.636
294.6342
294.6327
294.6313
294.6302
294.6292
294.6283
294.6275
294.6268
294.6262
294.6257
294.6252
294.6239
294.6212
294.6172
294.6119
294.6056
294.5984
294.5904
294.5817
294.573
294.5646
294.5569
294.5498
294.5432
294.5372
294.5318
294.527
294.5226
294.5187
294.5152
294.5122
294.5094
294.507
294.5049
294.503
294.5014
294.4999
294.4987
294.4975
294.4966
294.4955
294.4935
294.4905
294.4864
294.4813
294.4752
294.4683
294.4606
294.4527
294.4454
294.4381
294.4308
294.4238
294.4168
294.4101
294.4035
294.3972
294.391
294.3852
294.3796
294.376
290.8117
290.8234
290.8351
290.8468
290.8586
290.8704
290.8819
290.8914
290.8997
290.907
290.9135
290.9193
290.9245
290.9291
290.9331
290.9366
290.9395
290.942
290.9439
290.9453
290.9462
290.9466
290.9466
290.946
290.945
290.9435
290.9416
290.9392
290.9364
290.9331
290.9294
290.9253
290.9208
290.916
290.9107
290.9051
290.8991
290.8928
290.8861
290.8791
290.8717
290.864
290.8561
290.8478
290.8392
290.8303
290.8211
290.8117
290.8022
290.7929
290.7838
290.775
290.7663
290.7577
290.7493
290.741
290.7327
290.7246
290.7166
290.7087
290.7008
290.6929
290.6852
290.6774
290.6698
290.6621
290.6545
290.6469
290.6394
290.6315
290.6232
290.6144
290.6051
290.5954
290.5853
290.5749
290.5642
290.5532
290.542
290.5306
290.519
290.5073
290.4955
290.4836
290.4716
290.4595
290.4473
290.4351
290.4228
290.4105
290.3982
290.3859
290.3735
290.3611
290.3488
290.3364
290.324
290.3117
290.2994
290.287
290.2747
290.2622
290.2498
290.2373
290.2247
290.2121
290.2
290.1897
290.1804
290.1721
290.1644
290.1574
290.1509
290.1449
290.1394
290.1344
290.1298
290.1257
290.1231
300.5925
300.597
300.6016
300.6062
300.611
300.6159
300.6208
300.6258
300.6308
300.6359
300.641
300.646
300.651
300.6558
300.6606
300.6652
300.6696
300.6739
300.678
300.6819
300.6857
300.6893
300.6927
300.6959
300.6989
300.7018
300.7045
300.7069
300.7092
300.7113
300.7132
300.7149
300.7165
300.7178
300.719
300.7201
300.721
300.7219
300.7226
300.7231
300.7236
300.7239
300.7242
300.7242
300.7242
300.7241
300.7238
300.7234
300.7229
300.7223
300.7215
300.7206
300.7196
300.7185
300.7173
300.7159
300.7144
300.7128
300.7111
300.7092
300.7072
300.705
300.7027
300.7002
300.6976
300.6948
300.6918
300.6887
300.6855
300.6821
300.6786
300.675
300.6713
300.6675
300.6635
300.6595
300.6553
300.6511
300.6467
300.6422
300.6376
300.633
300.6282
300.6233
300.6184
300.6134
300.6083
300.6031
300.5979
300.5926
300.5872
300.5818
300.5763
300.5708
300.5652
300.5595
300.5538
300.5481
300.5423
300.5365
300.5307
300.5249
300.5191
300.5132
300.5074
300.5015
300.4957
300.4899
300.4842
300.4787
300.4733
300.4681
300.4631
300.4583
300.4538
300.4495
300.4455
300.4418
300.4394
295.9381
295.9426
295.9471
295.9518
295.9565
295.9614
295.9663
295.9713
295.9763
295.9814
295.9864
295.9913
295.9962
296.0009
296.0054
296.0098
296.0139
296.0179
296.0216
296.0252
296.0285
296.0317
296.0346
296.0374
296.04
296.0423
296.0445
296.0464
296.0482
296.0497
296.0511
296.0523
296.0532
296.054
296.0547
296.0553
296.0557
296.056
296.0562
296.0563
296.0564
296.0563
296.0561
296.0558
296.0554
296.0548
296.0542
296.0534
296.0526
296.0516
296.0505
296.0492
296.0479
296.0464
296.0448
296.043
296.0411
296.0391
296.037
296.0347
296.0323
296.0297
296.027
296.0241
296.021
296.0177
296.0143
296.0107
296.007
296.0032
295.9992
295.9952
295.991
295.9868
295.9824
295.978
295.9734
295.9688
295.9641
295.9594
295.9545
295.9496
295.9447
295.9397
295.9347
295.9297
295.9246
295.9195
295.9144
295.9093
295.9041
295.8989
295.8937
295.8885
295.8833
295.8781
295.8729
295.8678
295.8626
295.8575
295.8524
295.8474
295.8424
295.8375
295.8326
295.8278
295.8231
295.8185
295.814
295.8097
295.8057
295.8019
295.7984
295.7953
295.7924
295.7899
295.7877
295.7859
295.7848
302.6016
302.604
302.6065
302.6092
302.612
302.615
302.618
302.6211
302.6243
302.6276
302.6309
302.6343
302.6377
302.6411
302.6445
302.6479
302.6513
302.6546
302.6578
302.6611
302.6642
302.6673
302.6703
302.6732
302.6761
302.6788
302.6815
302.6841
302.6865
302.6889
302.6911
302.6932
302.6952
302.6971
302.6989
302.7006
302.7022
302.7037
302.7051
302.7064
302.7076
302.7087
302.7097
302.7106
302.7114
302.7122
302.7128
302.7134
302.7139
302.7143
302.7146
302.7149
302.715
302.7151
302.7151
302.715
302.7148
302.7145
302.7141
302.7136
302.7129
302.7122
302.7114
302.7104
302.7093
302.7081
302.7068
302.7053
302.7038
302.7021
302.7003
302.6983
302.6963
302.6941
302.6919
302.6895
302.6871
302.6845
302.6819
302.6791
302.6762
302.6732
302.6701
302.667
302.6637
302.6604
302.657
302.6535
302.65
302.6465
302.6428
302.6391
302.6354
302.6316
302.6278
302.624
302.6201
302.6162
302.6122
302.6083
302.6043
302.6004
302.5965
302.5926
302.5886
302.5848
302.5809
302.5771
302.5733
302.5696
302.566
302.5625
302.5591
302.5559
302.5529
302.55
302.5473
302.5449
302.5433
305.2073
305.2097
305.2123
305.2149
305.2177
305.2205
305.2234
305.2265
305.2295
305.2327
305.2358
305.239
305.2422
305.2454
305.2486
305.2517
305.2547
305.2577
305.2607
305.2635
305.2663
305.2691
305.2717
305.2743
305.2768
305.2793
305.2816
305.2839
305.286
305.2881
305.2901
305.292
305.2938
305.2955
305.2971
305.2986
305.3001
305.3014
305.3027
305.3039
305.305
305.3061
305.307
305.3079
305.3087
305.3094
305.3101
305.3106
305.3111
305.3115
305.3118
305.312
305.3121
305.3122
305.3121
305.312
305.3117
305.3114
305.311
305.3104
305.3098
305.309
305.3082
305.3072
305.3062
305.305
305.3037
305.3023
305.3008
305.2992
305.2975
305.2957
305.2938
305.2918
305.2897
305.2875
305.2852
305.2828
305.2804
305.2779
305.2752
305.2725
305.2698
305.267
305.2641
305.2611
305.2581
305.2551
305.252
305.2488
305.2457
305.2424
305.2392
305.2359
305.2326
305.2292
305.2259
305.2225
305.2191
305.2157
305.2123
305.2089
305.2055
305.2021
305.1988
305.1955
305.1922
305.1889
305.1857
305.1826
305.1795
305.1766
305.1738
305.1712
305.1687
305.1664
305.1642
305.1623
305.161
290.0625
290.0656
290.0689
290.0722
290.0757
290.0791
290.0827
290.0862
290.0899
290.0935
290.0971
290.1007
290.1043
290.1078
290.1113
290.1146
290.1178
290.1207
290.1234
290.1258
290.128
290.1301
290.1321
290.1341
290.136
290.1379
290.1397
290.1414
290.1429
290.1443
290.1455
290.1465
290.1474
290.1483
290.149
290.1497
290.1503
290.1509
290.1513
290.1515
290.1516
290.1513
290.1508
290.1499
290.1489
290.1476
290.1462
290.1447
290.143
290.1411
290.1392
290.1373
290.1353
290.1333
290.1312
290.1291
290.1269
290.1247
290.1226
290.1205
290.1184
290.1162
290.114
290.1117
290.1093
290.1071
290.105
290.1031
290.1012
290.0994
290.0976
290.0955
290.0933
290.0909
290.0883
290.0856
290.0828
290.0798
290.0768
290.0737
290.0707
290.0677
290.065
290.0626
290.0605
290.0588
290.0576
290.0569
290.0567
290.0569
290.0575
290.0586
290.0602
290.0621
290.0645
290.0671
290.0701
290.0733
290.0767
290.0802
290.0839
290.0875
290.0909
290.0941
290.0971
290.0997
290.1018
290.1035
290.1046
290.1052
290.1052
290.1048
290.1039
290.1027
290.1011
290.0991
290.0967
290.094
290.0921
