295.0674
295.3425
295.6033
295.8548
296.0971
296.3293
296.5447
296.7461
296.9338
297.1079
297.2666
297.4044
297.526
297.6312
297.7203
297.7916
297.8423
297.8747
297.8892
297.8859
297.8618
297.8143
297.7474
297.6614
297.5567
297.4359
297.3017
297.153
296.9901
296.8136
296.64
296.4721
296.302
296.13
295.9565
295.7862
295.6183
295.4512
295.2844
295.1181
294.9547
294.7927
294.6315
294.4712
294.3118
294.1536
293.9962
293.8398
293.6844
293.5299
293.3758
293.2225
293.0701
292.9185
292.7679
292.618
292.4692
292.3214
292.1746
292.0288
291.8838
291.7396
291.5964
291.454
291.3125
291.1721
291.0326
290.8941
290.7565
290.6197
290.4833
290.3476
290.2127
290.0785
289.9455
289.814
289.6835
289.554
289.4254
289.2971
289.1686
289.0406
289.0847
289.0395
289.001
288.9739
288.9545
288.9417
288.9345
288.9488
288.9829
289.0299
289.0894
289.1609
289.2523
289.3615
289.487
289.6292
289.7888
289.9578
290.141
290.3404
290.5564
290.7894
291.024
291.2702
291.5289
291.8001
292.0835
292.3736
292.6715
292.9767
293.289
293.6055
293.9072
294.2059
294.5014
294.7934
294.9899
294.9725
295.2459
295.5092
295.7613
296.0022
296.2323
296.4518
296.6601
296.8563
297.0398
297.2105
297.3677
297.5095
297.6348
297.7436
297.8357
297.9098
297.9654
298.0028
298.0223
298.0242
298.0067
297.9696
297.9131
297.8373
297.7431
297.6325
297.5075
297.3689
297.2171
297.0538
296.8863
296.7178
296.5489
296.3801
296.2118
296.0453
295.88
295.7149
295.55
295.3854
295.2215
295.0586
294.8967
294.7358
294.576
294.4173
294.2597
294.1032
293.9478
293.7936
293.6402
293.4878
293.3363
293.1857
293.0361
292.8876
292.7402
292.5939
292.4488
292.3048
292.1617
292.0196
291.8784
291.7382
291.5989
291.4606
291.3233
291.1869
291.0515
290.917
290.7832
290.6501
290.5178
290.3862
290.2555
290.1258
289.997
289.8691
289.7422
289.6159
289.4902
289.3794
289.4287
289.5044
289.5346
289.5521
289.5678
289.5836
289.6012
289.6235
289.6508
289.6845
289.7257
289.7671
289.8031
289.8495
289.9118
289.9898
290.0909
290.2233
290.3801
290.558
290.7554
290.972
291.2067
291.4564
291.7194
291.9948
292.2821
292.58
292.8873
293.2027
293.5249
293.8408
294.1443
294.4394
294.7273
294.9192
295.6672
295.7671
295.8648
295.9603
296.0532
296.1437
296.2319
296.3179
296.4015
296.4828
296.5615
296.6373
296.7099
296.7793
296.8453
296.9077
296.9657
297.0189
297.0673
297.1107
297.1489
297.1812
297.2075
297.2278
297.2419
297.2498
297.2515
297.2468
297.236
297.2189
297.1964
297.1718
297.1456
297.1179
297.089
297.059
297.0283
296.9907
296.9488
296.9037
296.8564
296.807
296.756
296.7036
296.6499
296.5952
296.5395
296.483
296.4256
296.3676
296.3089
296.2496
296.1897
296.1292
296.0683
296.007
295.9453
295.8832
295.8208
295.7581
295.6951
295.6318
295.5683
295.5046
295.4407
295.3766
295.3124
295.248
295.1836
295.119
295.0543
294.9895
294.9245
294.8594
294.7942
294.7289
294.6636
294.5983
294.533
294.4677
294.4024
294.3372
294.2737
294.2153
294.1562
294.0988
294.0437
293.9908
293.9404
293.8938
293.8551
293.8249
293.8035
293.7909
293.7878
293.7949
293.8121
293.8396
293.8772
293.9239
293.9784
294.0403
294.1094
294.1855
294.2675
294.3541
294.4453
294.5407
294.6404
294.7427
294.8461
294.9503
295.0552
295.1607
295.2661
295.3707
295.4745
295.5774
295.6468
298.7376
298.8911
299.0368
299.1763
299.31
299.438
299.5587
299.6695
299.7702
299.8613
299.9433
300.0143
300.0725
300.1183
300.1528
300.1771
300.1912
300.1946
300.1871
300.1687
300.1393
300.0974
300.042
299.9731
299.891
299.796
299.6892
299.5716
299.4444
299.3081
299.1628
299.0143
298.8681
298.7269
298.5921
298.4643
298.3437
298.2274
298.1123
297.9985
297.8864
297.7764
297.6685
297.5627
297.4589
297.3572
297.2574
297.1594
297.0631
296.9685
296.8755
296.784
296.6939
296.6052
296.5177
296.4313
296.3458
296.261
296.1769
296.0935
296.0107
295.9287
295.8474
295.7668
295.6869
295.6077
295.529
295.4509
295.3733
295.2962
295.2196
295.1436
295.0681
294.9931
294.9185
294.8443
294.7705
294.697
294.6237
294.5508
294.4781
294.4057
294.3371
294.318
294.3424
294.3855
294.4321
294.4721
294.5002
294.5155
294.5301
294.5545
294.593
294.6478
294.7193
294.8075
294.9119
295.0317
295.1661
295.3132
295.4704
295.6358
295.8084
295.9875
296.1719
296.3598
296.5501
296.7424
296.9372
297.1329
297.3266
297.5176
297.7063
297.893
298.0766
298.2546
298.427
298.5944
298.7056
300.2673
300.4075
300.5413
300.6693
300.7918
300.9091
301.0202
301.1227
301.2158
301.2997
301.3751
301.4413
301.4969
301.5418
301.5764
301.6011
301.6162
301.6207
301.6145
301.5976
301.5704
301.5324
301.4832
301.4227
301.351
301.2685
301.1763
301.0758
300.9681
300.8541
300.735
300.6158
300.5022
300.3985
300.3079
300.2326
300.1741
300.1153
300.0431
299.9588
299.8655
299.7663
299.6636
299.5592
299.4544
299.3502
299.2473
299.1459
299.0465
298.949
298.8536
298.7603
298.6691
298.5798
298.4924
298.4068
298.323
298.2409
298.1603
298.0812
298.0035
297.9271
297.852
297.778
297.7051
297.6333
297.5624
297.4925
297.4235
297.3553
297.2878
297.2211
297.155
297.0895
297.0245
296.96
296.896
296.8325
296.7695
296.707
296.6448
296.5831
296.5237
296.4933
296.4997
296.5352
296.5852
296.6354
296.6755
296.7003
296.716
296.73
296.7476
296.7724
296.807
296.8542
296.9167
296.9962
297.0933
297.2074
297.3359
297.4759
297.6255
297.7827
297.9462
298.1138
298.2842
298.4565
298.6306
298.8066
298.9823
299.1567
299.3294
299.5004
299.6685
299.831
299.9875
300.1384
300.2381
297.8132
297.9071
298.0025
298.099
298.1961
298.2935
298.3908
298.4879
298.5842
298.6793
298.7729
298.8646
298.9541
299.041
299.1249
299.2055
299.2826
299.3557
299.4245
299.4887
299.5479
299.602
299.6507
299.6937
299.7309
299.762
299.7869
299.8056
299.8179
299.824
299.8241
299.8183
299.807
299.7907
299.7702
299.7462
299.7193
299.6902
299.6592
299.6263
299.5914
299.5544
299.5156
299.4749
299.4325
299.3885
299.3431
299.2965
299.2488
299.2002
299.1507
299.1005
299.0494
298.9976
298.9449
298.8914
298.8372
298.7823
298.7267
298.6707
298.6141
298.5571
298.4997
298.442
298.3839
298.3256
298.2671
298.2085
298.1497
298.0909
298.032
297.9731
297.914
297.8547
297.7952
297.7355
297.6755
297.6154
297.5553
297.495
297.4348
297.3745
297.3143
297.2546
297.1973
297.1444
297.0967
297.0543
297.0164
296.9822
296.9505
296.9209
296.8934
296.8681
296.8455
296.8261
296.8105
296.7992
296.7927
296.7916
296.7962
296.8068
296.8235
296.8464
296.8755
296.9108
296.9521
296.9992
297.0519
297.11
297.1732
297.2413
297.3138
297.3904
297.4708
297.5547
297.6417
297.7315
297.7939
298.8146
298.8312
298.8482
298.8656
298.8832
298.9012
298.9194
298.9376
298.9559
298.9741
298.9923
299.0102
299.0279
299.0453
299.0623
299.0788
299.0949
299.1104
299.1253
299.1395
299.153
299.1656
299.1773
299.188
299.1977
299.2063
299.214
299.2212
299.2279
299.2344
299.2406
299.2465
299.2523
299.258
299.2637
299.2695
299.2756
299.2794
299.2808
299.2805
299.2791
299.2766
299.2733
299.2692
299.2645
299.2592
299.2533
299.2468
299.2399
299.2325
299.2247
299.2164
299.2078
299.1987
299.1893
299.1795
299.1694
299.1589
299.1481
299.137
299.1255
299.1138
299.1017
299.0894
299.0768
299.0639
299.0508
299.0374
299.0237
299.0098
298.9956
298.9812
298.9665
298.9516
298.9365
298.9211
298.9055
298.8897
298.8737
298.8575
298.841
298.8244
298.8076
298.7921
298.7789
298.7678
298.7579
298.7487
298.7395
298.7302
298.7207
298.7112
298.7018
298.6926
298.6839
298.6757
298.6685
298.6625
298.6577
298.6544
298.6524
298.6518
298.6525
298.6546
298.6579
298.6625
298.6683
298.6752
298.6832
298.6923
298.7025
298.7135
298.7255
298.7383
298.752
298.7664
298.7814
298.7971
298.8082
310.8628
310.8879
310.9154
310.9451
310.977
311.011
311.047
311.0849
311.1247
311.1662
311.2092
311.2538
311.2995
311.3463
311.394
311.4424
311.4912
311.5402
311.5891
311.6379
311.6864
311.7343
311.7813
311.8273
311.872
311.9153
311.957
311.9969
312.0348
312.0704
312.1037
312.135
312.1643
312.1918
312.2175
312.2415
312.2637
312.2831
312.2995
312.3132
312.3243
312.333
312.3395
312.3438
312.3461
312.3463
312.3448
312.3414
312.3362
312.3294
312.3211
312.3112
312.2998
312.287
312.2728
312.2574
312.2406
312.2227
312.2036
312.1833
312.1619
312.1395
312.1161
312.0917
312.0663
312.04
312.0128
311.9847
311.9558
311.9261
311.8956
311.8643
311.8324
311.7997
311.7663
311.7322
311.6975
311.6621
311.6262
311.5896
311.5525
311.5148
311.4766
311.4381
311.3996
311.3612
311.3231
311.2851
311.2471
311.2093
311.1718
311.135
311.0989
311.0637
311.0296
310.9969
310.9658
310.9363
310.9086
310.883
310.8595
310.8382
310.8193
310.8027
310.7886
310.777
310.768
310.7614
310.7575
310.7562
310.7576
310.7616
310.7683
310.7778
310.7899
310.8047
310.8221
310.8422
310.8573
303.6019
303.6305
303.6611
303.6935
303.7277
303.7635
303.8008
303.8394
303.8791
303.9199
303.9615
304.0039
304.0469
304.0904
304.1341
304.178
304.2217
304.2651
304.3079
304.3501
304.3913
304.4315
304.4704
304.5078
304.5437
304.5777
304.6099
304.6401
304.6683
304.6943
304.7181
304.7399
304.7601
304.7789
304.7964
304.8129
304.8284
304.8416
304.8523
304.8608
304.8672
304.8718
304.8745
304.8756
304.875
304.8728
304.8691
304.864
304.8574
304.8496
304.8404
304.8299
304.8183
304.8055
304.7916
304.7766
304.7605
304.7434
304.7253
304.7063
304.6863
304.6654
304.6437
304.6211
304.5977
304.5735
304.5484
304.5227
304.4962
304.469
304.4411
304.4125
304.3833
304.3535
304.323
304.2919
304.2602
304.2279
304.1951
304.1618
304.1279
304.0935
304.0587
304.0237
303.989
303.9549
303.9212
303.8878
303.8545
303.8213
303.7883
303.7559
303.7241
303.6931
303.6631
303.6344
303.6072
303.5816
303.5578
303.5361
303.5165
303.4991
303.4841
303.4717
303.4618
303.4545
303.4499
303.448
303.4489
303.4525
303.4588
303.4679
303.4796
303.4941
303.5112
303.5308
303.5529
303.5773
303.5952
312.1495
312.1724
312.1984
312.2272
312.2586
312.2927
312.3291
312.3676
312.4083
312.4509
312.4952
312.5411
312.5885
312.6373
312.6872
312.7381
312.7899
312.8423
312.8954
312.9488
313.0025
313.0563
313.11
313.1634
313.2163
313.2687
313.3201
313.3706
313.4198
313.4676
313.5139
313.5584
313.6011
313.642
313.681
313.7181
313.7535
313.7869
313.8182
313.847
313.8732
313.8966
313.9173
313.9352
313.9502
313.9624
313.9719
313.9787
313.9828
313.9844
313.9835
313.9802
313.9746
313.9668
313.9569
313.9449
313.931
313.9152
313.8975
313.8782
313.8572
313.8347
313.8106
313.7852
313.7583
313.7301
313.7007
313.6701
313.6383
313.6055
313.5716
313.5367
313.5008
313.464
313.4263
313.3878
313.3485
313.3085
313.2677
313.2261
313.184
313.1412
313.0977
313.0538
313.0092
312.9643
312.9191
312.8736
312.828
312.7823
312.7365
312.6909
312.6454
312.6003
312.5556
312.5116
312.4684
312.4263
312.3855
312.3462
312.3088
312.2735
312.2405
312.21
312.1824
312.1577
312.1361
312.1179
312.1031
312.0918
312.0841
312.0801
312.0796
312.0828
312.0896
312.0999
312.1136
312.1306
312.1441
306.83
306.8494
306.8714
306.8959
306.9228
306.952
306.9834
307.0169
307.0524
307.0898
307.129
307.1699
307.2124
307.2563
307.3015
307.3479
307.3953
307.4437
307.4928
307.5425
307.5926
307.643
307.6934
307.7438
307.7939
307.8436
307.8927
307.9409
307.9882
308.0343
308.0791
308.1225
308.1644
308.2048
308.2436
308.2808
308.3164
308.3502
308.3817
308.4105
308.4364
308.4595
308.4796
308.4967
308.5109
308.5222
308.5308
308.5368
308.5401
308.541
308.5395
308.5357
308.5298
308.5217
308.5117
308.4998
308.4861
308.4706
308.4535
308.4348
308.4146
308.393
308.37
308.3457
308.3201
308.2934
308.2656
308.2366
308.2066
308.1757
308.1438
308.111
308.0774
308.0429
308.0077
307.9717
307.935
307.8977
307.8597
307.821
307.7818
307.7421
307.7018
307.661
307.6197
307.578
307.5358
307.4933
307.4504
307.4073
307.3639
307.3206
307.2775
307.2347
307.1926
307.1512
307.111
307.072
307.0345
306.9989
306.9652
306.9337
306.9046
306.878
306.8542
306.8332
306.8151
306.7999
306.7878
306.7788
306.7729
306.7699
306.77
306.7731
306.7791
306.7879
306.7996
306.814
306.8254
308.7519
308.7719
308.7944
308.8192
308.8462
308.8752
308.9062
308.939
308.9736
309.0098
309.0477
309.087
309.1279
309.1701
309.2136
309.2583
309.3041
309.3509
309.3987
309.4472
309.4964
309.5461
309.5961
309.6463
309.6965
309.7466
309.7962
309.8453
309.8937
309.9411
309.9874
310.0324
310.0761
310.1185
310.1595
310.1992
310.2377
310.2747
310.3097
310.3423
310.3721
310.3989
310.4226
310.4432
310.4607
310.475
310.4864
310.4949
310.5005
310.5035
310.5038
310.5017
310.4973
310.4905
310.4817
310.4708
310.4579
310.4433
310.4268
310.4087
310.3889
310.3676
310.3449
310.3208
310.2954
310.2687
310.2407
310.2117
310.1815
310.1503
310.118
310.0848
310.0506
310.0156
309.9797
309.943
309.9055
309.8672
309.8283
309.7886
309.7483
309.7074
309.6659
309.6238
309.5812
309.5382
309.4947
309.451
309.4069
309.3626
309.3182
309.2736
309.2292
309.1849
309.1411
309.098
309.0557
309.0145
308.9748
308.9367
308.9005
308.8666
308.835
308.8061
308.7801
308.757
308.7372
308.7205
308.7073
308.6974
308.6909
308.6877
308.6879
308.6912
308.6978
308.7073
308.7197
308.7349
308.7468
308.5129
308.5234
308.5363
308.5514
308.5688
308.5884
308.61
308.6336
308.6591
308.6865
308.7156
308.7465
308.7789
308.8128
308.8482
308.8849
308.9229
308.9619
309.002
309.043
309.0848
309.1273
309.1704
309.2138
309.2576
309.3015
309.3454
309.3891
309.4326
309.4757
309.5182
309.5599
309.6009
309.6411
309.6802
309.7185
309.7557
309.7917
309.8262
309.8588
309.8893
309.9175
309.9433
309.9667
309.9875
310.0058
310.0216
310.0349
310.0458
310.0543
310.0605
310.0644
310.0661
310.0658
310.0634
310.059
310.0528
310.0448
310.0349
310.0235
310.0104
309.9957
309.9796
309.9621
309.9432
309.923
309.9015
309.8788
309.855
309.8301
309.8041
309.7771
309.7492
309.7203
309.6905
309.6599
309.6284
309.5961
309.5631
309.5294
309.495
309.4599
309.4242
309.3879
309.351
309.3136
309.2756
309.2372
309.1984
309.1593
309.1199
309.0803
309.0408
309.0014
308.9622
308.9235
308.8854
308.8481
308.8118
308.7767
308.7429
308.7107
308.6802
308.6516
308.6251
308.6008
308.5788
308.5592
308.5421
308.5276
308.5156
308.5062
308.4995
308.4953
308.4938
308.4947
308.4982
308.5042
308.5097
304.1055
304.205
304.3026
304.3981
304.491
304.5812
304.668
304.7504
304.8286
304.9025
304.9723
305.0378
305.0985
305.1539
305.2039
305.2484
305.287
305.3193
305.3453
305.3651
305.3789
305.3865
305.3878
305.3827
305.3709
305.3521
305.3265
305.2944
305.256
305.2116
305.1616
305.1081
305.0532
304.9984
304.9448
304.8933
304.8442
304.7971
304.75
304.7024
304.6539
304.6041
304.5532
304.501
304.4477
304.3932
304.3378
304.2815
304.2246
304.1671
304.1092
304.0509
303.9924
303.9337
303.8749
303.8162
303.7575
303.699
303.6407
303.5826
303.5248
303.4674
303.4103
303.3535
303.297
303.2408
303.1848
303.1291
303.0736
303.0184
302.9636
302.9089
302.8545
302.8002
302.7462
302.6924
302.6386
302.5851
302.5317
302.4785
302.4255
302.3727
302.3204
302.2724
302.2287
302.1915
302.1627
302.1424
302.1294
302.1222
302.1195
302.1199
302.1232
302.1301
302.1418
302.1599
302.1862
302.2216
302.2663
302.3204
302.3833
302.4541
302.5315
302.6153
302.7044
302.7974
302.8934
302.9919
303.0926
303.1949
303.2974
303.3998
303.5021
303.6044
303.7071
303.81
303.9128
304.0152
304.0845
