292.2737
292.3416
292.4071
292.4701
292.5307
292.5884
292.6406
292.6891
292.7338
292.7748
292.8113
292.8402
292.8639
292.8826
292.8961
292.9044
292.9064
292.9032
292.8947
292.881
292.8619
292.837
292.8068
292.7715
292.7311
292.6856
292.6352
292.58
292.5201
292.4556
292.3916
292.3293
292.2654
292.2001
292.1335
292.0672
292.0015
291.9358
291.8704
291.8052
291.743
291.6831
291.6246
291.5677
291.5122
291.4592
291.4083
291.3596
291.3129
291.2683
291.2265
291.1868
291.1491
291.1132
291.0793
291.0475
291.0176
290.9897
290.9636
290.9396
290.9187
290.8998
290.8828
290.8677
290.8543
290.842
290.8311
290.8216
290.8135
290.8065
290.8004
290.795
290.7901
290.7857
290.7823
290.7801
290.7782
290.7767
290.7756
290.7751
290.7747
290.7745
290.7745
290.7746
290.7756
290.7788
290.7834
290.7895
290.7971
290.8037
290.8108
290.8196
290.8302
290.8427
290.858
290.8759
290.8962
290.9188
290.9439
290.9792
291.0206
291.0664
291.1166
291.1712
291.2286
291.2894
291.3538
291.4218
291.4932
291.5671
291.6436
291.7226
291.8041
291.8873
291.9658
292.0441
292.1223
292.2003
292.2533
293.0134
293.075
293.1342
293.1911
293.2456
293.2977
293.3467
293.3914
293.4315
293.4674
293.4991
293.5263
293.5488
293.5665
293.5795
293.5878
293.5914
293.5905
293.5851
293.5751
293.5605
293.5413
293.5175
293.4891
293.4561
293.4185
293.3766
293.3303
293.2795
293.2244
293.1653
293.1055
293.0459
292.9864
292.9267
292.8671
292.8086
292.7511
292.6946
292.6392
292.5853
292.5343
292.486
292.44
292.3962
292.3549
292.3165
292.2808
292.2475
292.2165
292.1869
292.1583
292.1312
292.1059
292.0823
292.0614
292.0433
292.0276
292.0142
292.0027
291.9925
291.9838
291.9767
291.9714
291.9676
291.9659
291.9655
291.9661
291.9677
291.9699
291.9713
291.9717
291.9713
291.9705
291.9693
291.9676
291.9656
291.9635
291.9612
291.959
291.9566
291.9537
291.9504
291.9467
291.9428
291.9403
291.9389
291.9386
291.9393
291.9409
291.9429
291.9459
291.9505
291.9567
291.9647
291.9742
291.9858
291.9996
292.0159
292.035
292.0581
292.0852
292.1165
292.1518
292.1907
292.2332
292.2796
292.3296
292.3833
292.44
292.4991
292.5603
292.6237
292.6891
292.7552
292.8205
292.8849
292.9488
292.992
299.7922
299.8192
299.8458
299.8718
299.8974
299.9224
299.9467
299.9701
299.9925
300.014
300.0345
300.0538
300.0716
300.0881
300.1032
300.1169
300.129
300.1397
300.1487
300.1562
300.162
300.1659
300.1675
300.1671
300.1646
300.1599
300.1534
300.1452
300.1351
300.1232
300.1096
300.0948
300.0788
300.0617
300.0434
300.0242
300.0044
299.9844
299.964
299.9434
299.9226
299.9019
299.8813
299.8609
299.8406
299.8204
299.8004
299.7805
299.7608
299.7413
299.722
299.7031
299.6846
299.6665
299.6489
299.6316
299.6148
299.5985
299.5825
299.567
299.5518
299.5368
299.5222
299.5078
299.4936
299.4798
299.4664
299.4535
299.4409
299.4287
299.417
299.4056
299.3945
299.3838
299.3735
299.3634
299.3536
299.3441
299.3348
299.3258
299.3172
299.309
299.3013
299.294
299.2873
299.2816
299.277
299.2735
299.2712
299.2701
299.2706
299.2726
299.2763
299.2816
299.2885
299.2968
299.3065
299.3177
299.3303
299.3444
299.3597
299.3764
299.3944
299.4138
299.4343
299.4559
299.4784
299.5018
299.5262
299.5513
299.5771
299.6035
299.6305
299.6581
299.6859
299.7138
299.7417
299.7694
299.7883
291.0333
291.0615
291.0884
291.1138
291.1379
291.1604
291.1811
291.1994
291.215
291.2279
291.2383
291.2461
291.251
291.2529
291.2517
291.2477
291.2405
291.2297
291.2153
291.1975
291.1761
291.1515
291.1237
291.0931
291.06
291.0248
290.9877
290.949
290.9091
290.8684
290.8274
290.7888
290.755
290.727
290.7053
290.6896
290.6804
290.6777
290.6814
290.6911
290.7065
290.7267
290.7512
290.7797
290.8116
290.8468
290.8849
290.9252
290.9674
291.0112
291.056
291.1007
291.145
291.1886
291.2317
291.2744
291.3162
291.3568
291.3961
291.4339
291.4699
291.5031
291.5335
291.5609
291.5857
291.6075
291.6256
291.6399
291.6505
291.6577
291.6614
291.6613
291.6574
291.6496
291.6383
291.6229
291.6031
291.5791
291.5511
291.5194
291.4842
291.4457
291.4035
291.3578
291.3085
291.256
291.2008
291.143
291.0828
291.0208
290.9595
290.9015
290.8477
290.7986
290.7542
290.7153
290.6825
290.656
290.636
290.6224
290.6144
290.6118
290.6141
290.6211
290.6324
290.6474
290.6653
290.686
290.7093
290.7349
290.7624
290.7915
290.822
290.854
290.8871
290.9205
290.9539
290.987
291.0093
291.6076
291.635
291.6605
291.6843
291.7063
291.7266
291.7451
291.7615
291.7755
291.7871
291.7964
291.803
291.8066
291.8069
291.8042
291.7984
291.7897
291.778
291.7631
291.7451
291.7241
291.7003
291.6737
291.6445
291.613
291.5793
291.544
291.5074
291.4698
291.4312
291.392
291.3527
291.314
291.2765
291.2405
291.2063
291.1742
291.1445
291.1177
291.0938
291.073
291.0551
291.0405
291.0292
291.0214
291.0173
291.0169
291.0205
291.028
291.0393
291.0542
291.0725
291.0936
291.1172
291.143
291.1704
291.1994
291.2293
291.2598
291.2908
291.3218
291.3525
291.3822
291.4108
291.4378
291.4633
291.4872
291.5091
291.529
291.5468
291.5627
291.5767
291.5889
291.5994
291.6081
291.6143
291.6171
291.6163
291.6121
291.6047
291.5939
291.5798
291.5623
291.5418
291.5185
291.4925
291.4638
291.4327
291.3992
291.3638
291.3278
291.293
291.26
291.2291
291.2007
291.1752
291.1534
291.1356
291.1222
291.1132
291.1088
291.1088
291.1131
291.1216
291.1341
291.1497
291.1678
291.188
291.2103
291.2344
291.2608
291.2893
291.3201
291.3532
291.3886
291.4256
291.4641
291.5036
291.5309
291.7842
291.787
291.7904
291.7944
291.7989
291.8037
291.8088
291.8141
291.8194
291.8246
291.8296
291.8343
291.8385
291.8422
291.8454
291.8478
291.8495
291.8504
291.8505
291.8495
291.8475
291.8444
291.8402
291.8348
291.8283
291.8207
291.8121
291.8025
291.792
291.7809
291.7694
291.7576
291.7459
291.7343
291.723
291.7122
291.7019
291.6923
291.6835
291.6757
291.6689
291.6633
291.659
291.656
291.6544
291.6542
291.6554
291.658
291.6619
291.6672
291.6738
291.6817
291.6908
291.7011
291.7125
291.7249
291.7382
291.7524
291.7674
291.7831
291.7993
291.8161
291.8333
291.8507
291.8683
291.886
291.9036
291.921
291.9381
291.9548
291.971
291.9866
292.0015
292.0155
292.0286
292.0406
292.0516
292.0613
292.0697
292.0768
292.0824
292.0865
292.0892
292.0903
292.0898
292.0879
292.0844
292.0793
292.0727
292.0644
292.0546
292.0432
292.0302
292.0159
292.0002
291.9833
291.9654
291.9468
291.9279
291.9089
291.8903
291.8722
291.8549
291.8387
291.8236
291.8098
291.7974
291.7863
291.7767
291.7685
291.7617
291.7564
291.7523
291.7497
291.7482
291.7481
291.749
291.7509
291.7527
291.9771
291.9763
291.9757
291.9752
291.9748
291.9745
291.9742
291.974
291.9738
291.9737
291.9735
291.9733
291.973
291.9726
291.972
291.9713
291.9705
291.9694
291.9681
291.9666
291.9649
291.963
291.9608
291.9584
291.9557
291.9529
291.9499
291.9467
291.9432
291.9397
291.936
291.9321
291.9282
291.9242
291.9202
291.9162
291.9122
291.9083
291.9045
291.9009
291.8975
291.8944
291.8916
291.8891
291.8869
291.8852
291.8838
291.8829
291.8824
291.8823
291.8827
291.8835
291.8849
291.8868
291.8893
291.8923
291.8959
291.8999
291.9044
291.9094
291.9147
291.9204
291.9262
291.9323
291.9385
291.9448
291.9512
291.9575
291.9638
291.9701
291.9762
291.9822
291.9881
291.9939
291.9994
292.0048
292.01
292.0148
292.0195
292.0238
292.0278
292.0314
292.0347
292.0376
292.0401
292.0422
292.044
292.0453
292.0461
292.0466
292.0463
292.0454
292.0437
292.0411
292.0379
292.034
292.0297
292.0252
292.0204
292.0155
292.0107
292.0059
292.0012
291.9968
291.9926
291.9886
291.9849
291.9816
291.9785
291.9756
291.9731
291.9708
291.9688
291.967
291.9654
291.9641
291.963
291.9622
291.9617
298.3836
298.391
298.3991
298.408
298.4175
298.4277
298.4385
298.4497
298.4615
298.4736
298.4861
298.4989
298.5119
298.5251
298.5384
298.5518
298.5651
298.5784
298.5915
298.6044
298.6169
298.6291
298.6408
298.652
298.6626
298.6726
298.6819
298.6906
298.6987
298.7061
298.7129
298.719
298.7245
298.7295
298.7338
298.7376
298.7408
298.7435
298.7457
298.7473
298.7484
298.749
298.7491
298.7487
298.7478
298.7464
298.7445
298.7421
298.7393
298.7359
298.7321
298.7278
298.7231
298.7178
298.7121
298.7059
298.6993
298.6921
298.6846
298.6766
298.6682
298.6594
298.6502
298.6405
298.6305
298.6201
298.6093
298.5982
298.5867
298.5749
298.5628
298.5504
298.5377
298.5247
298.5115
298.4981
298.4847
298.4715
298.4586
298.4459
298.4336
298.4216
298.41
298.3986
298.3876
298.3768
298.3664
298.3562
298.3463
298.3366
298.3272
298.3182
298.3096
298.3013
298.2935
298.2863
298.2803
298.2757
298.2724
298.2702
298.2691
298.2689
298.2697
298.2716
298.2745
298.2784
298.2833
298.2894
298.2965
298.3048
298.3141
298.3246
298.3361
298.3487
298.3624
298.3771
298.3927
298.4086
298.4195
292.7629
292.7698
292.7774
292.7856
292.7942
292.8034
292.8129
292.8229
292.8331
292.8436
292.8543
292.8651
292.8759
292.8868
292.8976
292.9082
292.9186
292.9288
292.9387
292.9481
292.9571
292.9657
292.9736
292.981
292.9877
292.9937
292.9991
293.0038
293.0078
293.0111
293.0138
293.0158
293.0173
293.0181
293.0185
293.0183
293.0177
293.0167
293.0152
293.0134
293.0113
293.0088
293.0061
293.0032
293.0001
292.9969
292.9935
292.99
292.9865
292.9829
292.9792
292.9754
292.9716
292.9676
292.9636
292.9595
292.9552
292.9509
292.9465
292.942
292.9375
292.9328
292.928
292.9232
292.9182
292.9131
292.9078
292.9025
292.897
292.8913
292.8855
292.8796
292.8735
292.8672
292.8607
292.854
292.8471
292.8401
292.8328
292.8254
292.8178
292.81
292.802
292.7938
292.7853
292.7767
292.7679
292.7589
292.7496
292.7402
292.7306
292.721
292.7112
292.7015
292.6918
292.6823
292.6732
292.6646
292.6567
292.6494
292.6429
292.6372
292.6323
292.6284
292.6255
292.6235
292.6226
292.6227
292.6239
292.6263
292.6297
292.6343
292.64
292.6469
292.6549
292.664
292.6742
292.6851
292.693
302.093
302.0964
302.1008
302.106
302.1122
302.1192
302.127
302.1356
302.145
302.155
302.1656
302.1769
302.1886
302.2008
302.2134
302.2263
302.2395
302.2528
302.2663
302.2798
302.2933
302.3067
302.3199
302.3329
302.3457
302.358
302.37
302.3815
302.3926
302.4031
302.413
302.4224
302.4312
302.4394
302.447
302.454
302.4605
302.4665
302.4719
302.4769
302.4813
302.4854
302.489
302.4923
302.4952
302.4977
302.5
302.5019
302.5036
302.505
302.5061
302.507
302.5077
302.5081
302.5082
302.5082
302.5078
302.5073
302.5065
302.5054
302.5041
302.5025
302.5007
302.4985
302.4961
302.4933
302.4902
302.4869
302.4831
302.4791
302.4746
302.4699
302.4647
302.4592
302.4534
302.4471
302.4405
302.4335
302.4261
302.4183
302.4102
302.4017
302.3928
302.3835
302.3739
302.3639
302.3536
302.3429
302.3319
302.3206
302.3089
302.2969
302.2847
302.2723
302.2597
302.247
302.2342
302.2214
302.2087
302.1962
302.1839
302.1719
302.1604
302.1493
302.1388
302.1289
302.1198
302.1114
302.1038
302.0972
302.0914
302.0866
302.0828
302.08
302.0782
302.0775
302.0778
302.0791
302.0806
296.6022
296.6075
296.614
296.6216
296.6303
296.6401
296.6508
296.6626
296.6753
296.6888
296.7032
296.7183
296.7341
296.7505
296.7674
296.7848
296.8025
296.8205
296.8388
296.8572
296.8756
296.894
296.9123
296.9304
296.9482
296.9658
296.9829
296.9996
297.0158
297.0315
297.0466
297.061
297.0748
297.0879
297.1004
297.1121
297.1232
297.1335
297.1432
297.1522
297.1605
297.1682
297.1753
297.1816
297.1874
297.1925
297.197
297.2008
297.2041
297.2067
297.2086
297.21
297.2107
297.2108
297.2102
297.2091
297.2072
297.2048
297.2017
297.198
297.1936
297.1886
297.183
297.1767
297.1699
297.1624
297.1544
297.1458
297.1366
297.1269
297.1166
297.1059
297.0946
297.0829
297.0708
297.0582
297.0453
297.032
297.0183
297.0043
296.9901
296.9755
296.9608
296.9458
296.9307
296.9154
296.8999
296.8844
296.8687
296.853
296.8373
296.8215
296.8058
296.7901
296.7745
296.7591
296.7439
296.729
296.7144
296.7002
296.6864
296.6732
296.6606
296.6487
296.6375
296.6271
296.6176
296.6091
296.6015
296.595
296.5896
296.5854
296.5823
296.5803
296.5797
296.5802
296.5819
296.5849
296.5876
308.3151
308.3157
308.3173
308.3199
308.3235
308.3281
308.3337
308.3401
308.3474
308.3556
308.3645
308.3742
308.3846
308.3956
308.4072
308.4194
308.4319
308.4449
308.4582
308.4717
308.4854
308.4991
308.5129
308.5267
308.5404
308.5539
308.5673
308.5803
308.5931
308.6055
308.6175
308.6291
308.6402
308.651
308.6612
308.6711
308.6805
308.6894
308.698
308.7061
308.7139
308.7212
308.7283
308.7349
308.7413
308.7473
308.753
308.7584
308.7634
308.7682
308.7727
308.7768
308.7807
308.7842
308.7874
308.7903
308.7928
308.795
308.7968
308.7983
308.7993
308.8
308.8003
308.8001
308.7995
308.7984
308.7969
308.7949
308.7924
308.7893
308.7858
308.7818
308.7773
308.7722
308.7666
308.7604
308.7538
308.7465
308.7388
308.7305
308.7218
308.7125
308.7027
308.6924
308.6816
308.6704
308.6587
308.6465
308.634
308.621
308.6076
308.5938
308.5798
308.5654
308.5508
308.5361
308.5212
308.5063
308.4914
308.4767
308.4621
308.4479
308.434
308.4205
308.4075
308.3952
308.3834
308.3724
308.3622
308.3528
308.3443
308.3367
308.3301
308.3244
308.3198
308.3162
308.3136
308.3121
308.3116
307.265
307.2663
307.2685
307.2717
307.2758
307.2808
307.2866
307.2933
307.3008
307.3091
307.3181
307.3279
307.3383
307.3492
307.3608
307.3728
307.3852
307.398
307.4111
307.4245
307.438
307.4517
307.4653
307.479
307.4927
307.5062
307.5196
307.5327
307.5456
307.5583
307.5705
307.5825
307.594
307.6052
307.6159
307.6262
307.6362
307.6457
307.6548
307.6634
307.6717
307.6795
307.687
307.694
307.7006
307.7068
307.7126
307.718
307.7229
307.7275
307.7316
307.7353
307.7385
307.7413
307.7437
307.7456
307.7471
307.7481
307.7486
307.7486
307.7482
307.7472
307.7458
307.7438
307.7414
307.7384
307.7349
307.731
307.7265
307.7215
307.7161
307.7101
307.7037
307.6968
307.6894
307.6816
307.6733
307.6646
307.6555
307.6459
307.636
307.6257
307.6151
307.6041
307.5928
307.5812
307.5693
307.5571
307.5447
307.532
307.5191
307.506
307.4928
307.4794
307.4659
307.4524
307.439
307.4255
307.4123
307.3992
307.3863
307.3738
307.3616
307.3499
307.3387
307.3281
307.3181
307.3087
307.3001
307.2922
307.2851
307.2789
307.2736
307.2692
307.2656
307.2631
307.2615
307.2609
307.261
299.11
299.1225
299.1349
299.1473
299.1594
299.1713
299.1827
299.1935
299.2035
299.2126
299.2209
299.2282
299.2346
299.2399
299.2442
299.2475
299.2497
299.2509
299.2509
299.2497
299.2472
299.2436
299.2389
299.233
299.2262
299.2184
299.21
299.2011
299.192
299.1829
299.1739
299.1649
299.1564
299.1484
299.1411
299.1343
299.1283
299.1228
299.118
299.1137
299.11
299.1068
299.1042
299.1021
299.1004
299.0991
299.098
299.0971
299.0964
299.0961
299.096
299.0961
299.0967
299.0977
299.0992
299.1013
299.104
299.1072
299.111
299.1152
299.1197
299.1246
299.1296
299.1347
299.1397
299.1447
299.1494
299.1539
299.158
299.1616
299.1648
299.1673
299.1692
299.1703
299.1707
299.1705
299.1695
299.1678
299.1654
299.1622
299.1582
299.1535
299.148
299.142
299.1353
299.1281
299.1204
299.1121
299.1032
299.0936
299.0835
299.0729
299.0621
299.0512
299.0402
299.0295
299.0191
299.0092
299
298.9918
298.985
298.9799
298.9764
298.9748
298.9751
298.9771
298.981
298.9866
298.9939
299.0028
299.0131
299.0245
299.037
299.0504
299.0646
299.0795
299.0948
299.1105
299.1213
