292.969
293.2789
293.5745
293.8547
294.1194
294.3676
294.5937
294.8001
294.9868
295.1539
295.3004
295.4235
295.5256
295.6069
295.6676
295.7083
295.729
295.7293
295.7096
295.67
295.6113
295.5346
295.4407
295.3301
295.2032
295.0613
294.9062
294.7378
294.5567
294.3632
294.1675
293.9739
293.7792
293.5839
293.3884
293.1946
293.0031
292.8137
292.6256
292.4369
292.2495
292.0631
291.8774
291.6929
291.5095
291.3281
291.1482
290.9699
290.7932
290.6181
290.444
290.2714
290.1002
289.9305
289.7623
289.5964
289.4322
289.2697
289.109
288.9499
288.7921
288.6358
288.481
288.3277
288.1756
288.0247
287.875
287.7267
287.5797
287.434
287.2897
287.1469
287.0054
286.8653
286.7265
286.5889
286.4525
286.3172
286.183
286.0505
286.1311
286.2603
286.3438
286.4408
286.5491
286.6653
286.7842
286.9039
287.0231
287.1111
287.1684
287.207
287.2282
287.2333
287.2658
287.3212
287.3914
287.4778
287.5814
287.704
287.845
288.0039
288.1807
288.3751
288.5892
288.8216
289.0723
289.3407
289.6267
289.9333
290.2546
290.5895
290.9373
291.2952
291.6457
291.995
292.3426
292.6877
292.9209
293.0322
293.3487
293.6401
293.9119
294.166
294.4034
294.6217
294.8194
294.9969
295.1548
295.2932
295.4115
295.5088
295.5854
295.6418
295.6785
295.6954
295.6925
295.67
295.6284
295.5683
295.4924
295.4022
295.2977
295.1789
295.046
294.9014
294.7459
294.5795
294.4021
294.2154
294.0282
293.8429
293.6594
293.4774
293.2975
293.1211
292.9485
292.7778
292.5971
292.4126
292.2282
292.0446
291.8621
291.6809
291.5011
291.3231
291.1469
290.9724
290.7997
290.6287
290.4593
290.2914
290.1251
289.9604
289.7973
289.6358
289.4761
289.318
289.1616
289.0067
288.8532
288.7012
288.5506
288.4015
288.2538
288.1074
287.9623
287.8185
287.6759
287.5347
287.3948
287.2562
287.1189
286.9828
286.8479
286.7142
286.5815
286.4499
286.3195
286.2002
286.3478
286.589
286.788
286.9581
287.1002
287.2166
287.3136
287.3962
287.4594
287.4955
287.5174
287.5276
287.5249
287.522
287.5462
287.5965
287.6709
287.7682
287.8837
288.0113
288.1539
288.3136
288.491
288.6891
288.9117
289.1564
289.4206
289.7026
290.0019
290.3174
290.6476
290.9907
291.3453
291.7041
292.058
292.4051
292.7459
292.9743
295.6181
295.7283
295.8364
295.942
296.0451
296.1454
296.2423
296.3355
296.4247
296.5099
296.591
296.6677
296.7398
296.8072
296.8698
296.9274
296.9798
297.0267
297.068
297.1038
297.1338
297.158
297.1764
297.189
297.1958
297.1968
297.1924
297.1824
297.167
297.1461
297.1203
297.092
297.0614
297.0289
296.9944
296.9584
296.9215
296.8839
296.8427
296.7886
296.7294
296.6667
296.6014
296.5338
296.4645
296.3936
296.3212
296.2476
296.1729
296.0972
296.0206
295.9431
295.8649
295.7861
295.7066
295.6265
295.5459
295.4647
295.3831
295.301
295.2186
295.1358
295.0528
294.9696
294.8862
294.8026
294.7187
294.6346
294.5503
294.4659
294.3813
294.2967
294.2119
294.1271
294.0422
293.9573
293.8724
293.7876
293.7027
293.6179
293.5368
293.5066
293.4729
293.4353
293.3968
293.369
293.3536
293.3509
293.3609
293.3799
293.3971
293.4113
293.4226
293.4309
293.4406
293.4607
293.4917
293.5334
293.5859
293.6481
293.7182
293.7961
293.882
293.9757
294.0749
294.177
294.2817
294.3892
294.4995
294.6114
294.7243
294.8379
294.9521
295.0668
295.1814
295.2955
295.4089
295.5216
295.5976
294.5719
294.6968
294.8161
294.9296
295.0377
295.1408
295.2377
295.3267
295.4078
295.4814
295.5482
295.6072
295.6571
295.6979
295.73
295.7536
295.7681
295.7724
295.7665
295.7506
295.725
295.6889
295.6418
295.5837
295.5152
295.4367
295.3489
295.2527
295.1484
295.0352
294.914
294.7894
294.6661
294.5465
294.4316
294.3221
294.2183
294.1209
294.0307
293.9451
293.862
293.7809
293.7018
293.6243
293.5483
293.4734
293.3998
293.3272
293.2556
293.1848
293.1149
293.0458
292.9773
292.9095
292.8424
292.7758
292.7098
292.6442
292.579
292.5143
292.4499
292.386
292.3224
292.2592
292.1963
292.1336
292.0712
292.009
291.947
291.8851
291.8235
291.7618
291.7003
291.6389
291.5775
291.5162
291.4551
291.394
291.333
291.2721
291.2117
291.1909
291.2256
291.2918
291.365
291.4302
291.4811
291.5159
291.5345
291.5387
291.5401
291.5482
291.5669
291.5976
291.6403
291.6953
291.7628
291.8425
291.9339
292.0357
292.1463
292.2643
292.3888
292.5194
292.6548
292.7925
292.9317
293.0722
293.2144
293.3577
293.5006
293.6424
293.7835
293.9241
294.0634
294.1996
294.3323
294.462
294.5487
295.4917
295.5907
295.6839
295.7704
295.8508
295.9258
295.9962
296.0614
296.1211
296.1752
296.2242
296.2672
296.3031
296.3319
296.3538
296.3692
296.378
296.3795
296.3737
296.3604
296.34
296.3118
296.2751
296.2302
296.1773
296.1169
296.0496
295.9762
295.897
295.8124
295.7219
295.6291
295.538
295.4512
295.3702
295.2958
295.2278
295.1654
295.1078
295.0527
294.9978
294.9427
294.8878
294.8334
294.7797
294.7269
294.6751
294.6242
294.5743
294.5251
294.4768
294.4292
294.3822
294.3359
294.2901
294.2447
294.1998
294.1552
294.1109
294.0669
294.0231
293.9794
293.936
293.8926
293.8492
293.8059
293.7626
293.7193
293.676
293.6326
293.5891
293.5456
293.5021
293.4585
293.4148
293.371
293.3271
293.2831
293.239
293.1949
293.1509
293.133
293.1579
293.2153
293.2865
293.3536
293.4048
293.4352
293.4442
293.4344
293.4159
293.3972
293.3828
293.3752
293.376
293.3866
293.4083
293.4422
293.4889
293.5481
293.6191
293.7003
293.7904
293.8881
293.992
294.0999
294.2101
294.3221
294.4354
294.5492
294.6614
294.7713
294.8794
294.986
295.0913
295.1944
295.2947
295.3923
295.4571
294.0022
294.0786
294.1563
294.2349
294.3142
294.3938
294.4733
294.5526
294.6313
294.709
294.7856
294.8605
294.9337
295.0047
295.0732
295.1389
295.2017
295.2611
295.317
295.369
295.4169
295.4605
295.4995
295.5339
295.5633
295.5878
295.6071
295.6212
295.63
295.6336
295.6319
295.625
295.6131
295.5967
295.5764
295.5527
295.5262
295.4975
295.467
295.4353
295.4027
295.3693
295.335
295.2997
295.2634
295.2261
295.1879
295.1487
295.1088
295.0681
295.0269
294.9851
294.9427
294.8998
294.8564
294.8126
294.7683
294.7236
294.6786
294.6334
294.588
294.5424
294.4966
294.4505
294.4042
294.3577
294.3109
294.2638
294.2164
294.1688
294.1209
294.0728
294.0246
293.9762
293.9278
293.8793
293.8308
293.7822
293.7335
293.6846
293.6356
293.5869
293.54
293.4973
293.4603
293.4292
293.4036
293.3822
293.3638
293.3472
293.3313
293.3157
293.3002
293.2851
293.2707
293.2575
293.2459
293.2366
293.2301
293.2272
293.2283
293.2338
293.244
293.2592
293.2794
293.3047
293.335
293.3703
293.4103
293.4549
293.5039
293.5571
293.6143
293.6751
293.7394
293.8069
293.8772
293.9499
294.0004
294.7548
294.7705
294.7865
294.8029
294.8198
294.837
294.8544
294.872
294.8896
294.9072
294.9246
294.9419
294.9591
294.9759
294.9925
295.0087
295.0245
295.0398
295.0545
295.0684
295.0817
295.0942
295.1057
295.1164
295.126
295.1346
295.1421
295.1486
295.1539
295.158
295.1609
295.1628
295.1636
295.1637
295.1631
295.1619
295.1602
295.1583
295.1561
295.1536
295.1507
295.1472
295.1432
295.1388
295.1339
295.1285
295.1228
295.1166
295.1101
295.1032
295.0959
295.0883
295.0804
295.0722
295.0636
295.0548
295.0457
295.0363
295.0267
295.0167
295.0065
294.9961
294.9854
294.9744
294.9633
294.9518
294.9401
294.9282
294.9161
294.9037
294.8911
294.8783
294.8652
294.8519
294.8384
294.8247
294.8107
294.7966
294.7822
294.7676
294.7528
294.7391
294.7284
294.7207
294.7153
294.7109
294.7067
294.702
294.6965
294.6901
294.6831
294.6757
294.6681
294.6604
294.6528
294.6455
294.6388
294.6329
294.628
294.6242
294.6216
294.6202
294.6202
294.6214
294.6238
294.6275
294.6322
294.638
294.6449
294.6528
294.6617
294.6716
294.6825
294.6943
294.707
294.7205
294.7346
294.7493
294.7596
298.5317
298.5588
298.5885
298.6209
298.6557
298.6932
298.7332
298.7754
298.8199
298.8663
298.9147
298.9648
299.0163
299.069
299.1226
299.1771
299.232
299.2872
299.3423
299.3971
299.4515
299.505
299.5575
299.6086
299.6581
299.7057
299.7511
299.7943
299.835
299.8732
299.9088
299.9419
299.9727
300.0012
300.0276
300.0517
300.0737
300.0936
300.1114
300.1268
300.1395
300.1497
300.1574
300.1628
300.1659
300.1668
300.1656
300.1623
300.1571
300.15
300.1411
300.1305
300.1183
300.1044
300.089
300.0721
300.0538
300.0342
300.0132
299.991
299.9676
299.943
299.9173
299.8905
299.8627
299.8338
299.804
299.7732
299.7416
299.709
299.6756
299.6414
299.6064
299.5706
299.534
299.4968
299.4589
299.4203
299.381
299.3412
299.3007
299.2597
299.2183
299.1767
299.1349
299.0931
299.0512
299.0092
298.9673
298.9255
298.884
298.8432
298.8032
298.7641
298.7262
298.6898
298.6552
298.6224
298.5917
298.5633
298.5372
298.5136
298.4925
298.474
298.4583
298.4452
298.435
298.4275
298.423
298.4214
298.4228
298.427
298.4342
298.4445
298.4577
298.4737
298.4927
298.5145
298.5309
295.4415
295.4777
295.5162
295.5569
295.5995
295.6441
295.6903
295.738
295.7869
295.8369
295.8878
295.9394
295.9914
296.0436
296.0957
296.1477
296.1993
296.2502
296.3002
296.3491
296.3968
296.4429
296.4874
296.53
296.5706
296.609
296.645
296.6786
296.7095
296.7378
296.7633
296.7861
296.8065
296.8246
296.8406
296.8548
296.8672
296.8782
296.8877
296.8955
296.9013
296.9051
296.9068
296.9066
296.9044
296.9005
296.8948
296.8875
296.8785
296.868
296.856
296.8426
296.8278
296.8117
296.7943
296.7757
296.7559
296.735
296.7129
296.6898
296.6657
296.6405
296.6145
296.5875
296.5596
296.5308
296.5012
296.4708
296.4396
296.4076
296.3749
296.3415
296.3074
296.2726
296.2372
296.2011
296.1645
296.1272
296.0893
296.0509
296.012
295.9728
295.9336
295.8947
295.8561
295.818
295.7801
295.7426
295.7052
295.668
295.6312
295.5948
295.559
295.5241
295.4903
295.4578
295.427
295.398
295.3711
295.3466
295.3246
295.3052
295.2887
295.2752
295.2648
295.2576
295.2536
295.253
295.2557
295.2617
295.2711
295.2838
295.2996
295.3187
295.3408
295.366
295.394
295.4247
295.4472
303.9407
303.9758
304.0138
304.0548
304.0984
304.1445
304.1929
304.2435
304.2959
304.3501
304.4059
304.4631
304.5215
304.5809
304.6411
304.7018
304.7629
304.824
304.885
304.9455
305.0052
305.064
305.1216
305.1778
305.2324
305.2853
305.3362
305.385
305.4315
305.4756
305.5171
305.5559
305.592
305.6255
305.6564
305.685
305.7115
305.7359
305.7586
305.7793
305.7976
305.8132
305.8258
305.8353
305.8416
305.8448
305.845
305.8422
305.8367
305.8285
305.8179
305.8049
305.7896
305.7723
305.7531
305.732
305.7091
305.6847
305.6587
305.6313
305.6025
305.5723
305.541
305.5085
305.4749
305.4402
305.4045
305.3678
305.3302
305.2918
305.2525
305.2124
305.1715
305.1299
305.0876
305.0447
305.001
304.9568
304.912
304.8666
304.8206
304.7741
304.7272
304.6799
304.6326
304.5852
304.5378
304.4907
304.4438
304.3971
304.3507
304.3046
304.259
304.2142
304.1701
304.1271
304.0855
304.0455
304.0075
303.9717
303.9384
303.9079
303.8805
303.8564
303.8358
303.8188
303.8055
303.7962
303.7907
303.7893
303.7918
303.7983
303.8088
303.8231
303.8412
303.863
303.8884
303.9173
303.9388
298.9652
299.0199
299.0786
299.1412
299.2073
299.2767
299.349
299.4241
299.5015
299.581
299.6623
299.7452
299.8293
299.9142
299.9998
300.0855
300.1711
300.2562
300.3404
300.4234
300.5047
300.584
300.661
300.7355
300.8071
300.8757
300.9411
301.003
301.0611
301.1154
301.1657
301.212
301.2542
301.2927
301.3274
301.3585
301.3861
301.4104
301.4314
301.449
301.4627
301.4721
301.4771
301.4778
301.4741
301.4663
301.4545
301.4388
301.4196
301.397
301.3712
301.3425
301.311
301.2771
301.2408
301.2024
301.1621
301.12
301.0763
301.0312
300.9846
300.9368
300.8879
300.838
300.7872
300.7355
300.6831
300.6299
300.5761
300.5218
300.467
300.4117
300.3559
300.2999
300.2434
300.1867
300.1298
300.0725
300.0151
299.9575
299.8997
299.8418
299.7838
299.7256
299.6674
299.6092
299.5509
299.4928
299.4347
299.3768
299.3192
299.2621
299.2058
299.1505
299.0966
299.0444
298.9944
298.9469
298.9023
298.8611
298.8236
298.7901
298.761
298.7364
298.7166
298.7017
298.6918
298.687
298.6874
298.6931
298.7041
298.7203
298.7418
298.7685
298.8003
298.8372
298.8789
298.9253
298.9595
301.6969
301.7257
301.7578
301.7928
301.8308
301.8715
301.9148
301.9607
302.0088
302.0592
302.1117
302.166
302.2221
302.2798
302.3388
302.3989
302.46
302.5219
302.5841
302.6465
302.7088
302.7707
302.8321
302.8927
302.9524
303.0109
303.0681
303.1239
303.178
303.2302
303.2803
303.3283
303.3741
303.4176
303.4591
303.4986
303.5362
303.572
303.6061
303.6384
303.668
303.6944
303.7171
303.7358
303.7506
303.7614
303.7683
303.7714
303.7709
303.7671
303.76
303.7499
303.7371
303.7216
303.7037
303.6834
303.6611
303.6368
303.6106
303.5827
303.5532
303.5222
303.4897
303.4559
303.4209
303.3846
303.3473
303.3088
303.2694
303.229
303.1877
303.1455
303.1026
303.0588
303.0144
302.9692
302.9233
302.8768
302.8297
302.782
302.7338
302.685
302.6357
302.5861
302.5363
302.4863
302.4362
302.3861
302.3361
302.2862
302.2364
302.1869
302.1378
302.0894
302.0417
301.9951
301.9498
301.9061
301.8643
301.8247
301.7875
301.753
301.7215
301.693
301.6679
301.6462
301.6282
301.6138
301.6031
301.5963
301.5933
301.5941
301.5988
301.6071
301.6192
301.6349
301.6541
301.6768
301.6942
298.8099
298.8445
298.8833
298.9261
298.9727
299.023
299.0766
299.1335
299.1933
299.2558
299.3209
299.3882
299.4577
299.5289
299.6016
299.6756
299.7506
299.8262
299.9023
299.9785
300.0544
300.1298
300.2045
300.2782
300.3505
300.4215
300.4907
300.558
300.6232
300.6861
300.7466
300.8043
300.8594
300.9116
300.9612
301.008
301.052
301.0935
301.1322
301.1682
301.201
301.2303
301.2558
301.2774
301.2949
301.3082
301.3176
301.3228
301.3242
301.3217
301.3155
301.3058
301.2927
301.2763
301.2568
301.2344
301.2092
301.1814
301.1511
301.1185
301.0836
301.0468
301.0079
300.9673
300.925
300.881
300.8356
300.7888
300.7408
300.6915
300.6411
300.5896
300.5372
300.4839
300.4298
300.3749
300.3193
300.263
300.2062
300.1488
300.0909
300.0325
299.9737
299.9146
299.8551
299.7954
299.7355
299.6755
299.6155
299.5554
299.4955
299.4359
299.3767
299.3182
299.2607
299.2044
299.1496
299.0966
299.0457
298.9973
298.9516
298.909
298.8697
298.8339
298.8018
298.7738
298.7498
298.7302
298.7149
298.7042
298.6981
298.6966
298.6999
298.7079
298.7205
298.7379
298.7599
298.7864
298.807
301.3897
301.4491
301.5075
301.5645
301.6202
301.6746
301.7278
301.7794
301.8293
301.8772
301.9232
301.9668
302.0075
302.0453
302.08
302.1118
302.1401
302.1647
302.1854
302.2022
302.2155
302.2247
302.2296
302.2302
302.2264
302.2182
302.2057
302.1894
302.1694
302.1458
302.1189
302.0902
302.0609
302.0318
302.0031
301.9752
301.9482
301.9224
301.898
301.8746
301.8519
301.8292
301.8061
301.782
301.7569
301.7308
301.7038
301.6761
301.6477
301.6188
301.5896
301.56
301.5302
301.5
301.4696
301.4388
301.4075
301.3759
301.344
301.3119
301.2795
301.2469
301.2141
301.181
301.1477
301.1141
301.0802
301.0459
301.0113
300.9764
300.9413
300.906
300.8704
300.8345
300.7985
300.762
300.7252
300.6881
300.6507
300.613
300.5753
300.538
300.503
300.4732
300.4505
300.4347
300.4245
300.4174
300.4114
300.4048
300.3979
300.3909
300.3841
300.3787
300.3757
300.3766
300.3822
300.3933
300.4102
300.4331
300.4615
300.4949
300.5327
300.5746
300.6198
300.6673
300.717
300.7686
300.8222
300.8775
300.934
300.9914
301.0497
301.1089
301.1686
301.2283
301.2879
301.3473
301.3877
