298.0974
298.3731
298.6281
298.8675
299.091
299.2989
299.4916
299.6679
299.8282
299.9729
300.1027
300.218
300.3177
300.4017
300.4701
300.5193
300.5395
300.5372
300.5126
300.4661
300.3981
300.309
300.1991
300.0691
299.9192
299.7511
299.5672
299.3675
299.1526
298.923
298.6895
298.4601
298.2298
297.999
297.7682
297.54
297.3141
297.0908
296.8689
296.6485
296.4306
296.2147
296.0008
295.7887
295.5786
295.3704
295.1644
294.9603
294.7584
294.5584
294.3602
294.1639
293.9696
293.7772
293.5868
293.398
293.211
293.0258
292.8424
292.6607
292.4806
292.3022
292.1255
291.9504
291.7771
291.6058
291.4364
291.2687
291.1028
290.9383
290.7749
290.613
290.4524
290.2932
290.1355
289.9791
289.8242
289.6705
289.5181
289.3676
289.2194
289.0728
289.0995
289.2703
289.3439
289.4352
289.5382
289.6501
289.769
289.9027
290.0536
290.2164
290.3904
290.5751
290.7743
290.9877
291.2141
291.4538
291.7071
291.9698
292.2439
292.5313
292.8328
293.1486
293.4681
293.7954
294.1319
294.4774
294.8318
295.1838
295.535
295.8849
296.2329
296.5778
296.9093
297.23
297.5397
297.838
298.0341
297.9094
298.1681
298.4122
298.6392
298.8494
299.0429
299.2213
299.3872
299.5402
299.6799
299.806
299.9177
300.0135
300.0933
300.1575
300.206
300.2336
300.2381
300.2201
300.1803
300.1194
300.0375
299.9354
299.8136
299.6726
299.5131
299.3382
299.1496
298.9473
298.7313
298.504
298.2762
298.0507
297.8276
297.6067
297.3881
297.1728
296.9562
296.7395
296.5238
296.3097
296.0975
295.8873
295.6792
295.4733
295.2696
295.0679
294.8682
294.6706
294.4751
294.2817
294.0903
293.9011
293.714
293.5289
293.3457
293.164
292.984
292.8056
292.6287
292.4535
292.2799
292.108
291.9377
291.769
291.6021
291.4368
291.2732
291.1113
290.951
290.7921
290.6347
290.4787
290.3241
290.1709
290.0189
289.8682
289.7187
289.5704
289.4233
289.2776
289.1332
288.9995
289.121
289.3238
289.5021
289.6613
289.8112
289.956
290.0995
290.2465
290.3974
290.5536
290.7167
290.8871
291.0647
291.2522
291.4513
291.6631
291.8875
292.1288
292.3899
292.6697
292.967
293.2818
293.6124
293.956
294.3108
294.6758
295.0425
295.4018
295.7549
296.103
296.4465
296.7798
297.0956
297.3941
297.6762
297.8594
296.2108
296.3262
296.4376
296.5447
296.6475
296.746
296.8409
296.9332
297.0227
297.1094
297.1932
297.2743
297.3524
297.4275
297.4992
297.5674
297.6309
297.6891
297.7416
297.7885
297.8295
297.864
297.8917
297.9127
297.9267
297.9338
297.9337
297.9266
297.9125
297.8913
297.8639
297.8333
297.8004
297.7654
297.7286
297.69
297.6488
297.5997
297.5462
297.4896
297.4306
297.3695
297.3068
297.2425
297.1769
297.1101
297.042
296.9729
296.9027
296.8317
296.7598
296.6872
296.614
296.5403
296.4661
296.3913
296.3161
296.2405
296.1645
296.0881
296.0114
295.9343
295.857
295.7794
295.7015
295.6234
295.5451
295.4667
295.3881
295.3094
295.2305
295.1516
295.0727
294.9936
294.9146
294.8354
294.7563
294.6771
294.5979
294.5187
294.4395
294.3602
294.2819
294.2186
294.1537
294.09
294.0286
293.9698
293.9137
293.8616
293.8182
293.7844
293.7604
293.7466
293.744
293.7551
293.7803
293.8192
293.8719
293.9376
294.0144
294.1021
294.2004
294.3092
294.4259
294.547
294.6722
294.8014
294.9343
295.0692
295.2039
295.3381
295.4717
295.6044
295.7351
295.8626
295.9869
296.1076
296.1876
300.9422
301.1042
301.2565
301.3988
301.5324
301.6585
301.7769
301.8863
301.9862
302.0769
302.159
302.2304
302.289
302.3353
302.3701
302.394
302.4061
302.4057
302.3931
302.3686
302.3325
302.2841
302.2225
302.1476
302.0595
301.9586
301.8457
301.722
301.5889
301.4473
301.2979
301.1459
300.9975
300.8557
300.7219
300.5967
300.4803
300.3685
300.257
300.1453
300.0337
299.9223
299.8116
299.7017
299.5931
299.4858
299.3799
299.2756
299.1728
299.0716
298.9718
298.8735
298.7765
298.6807
298.5861
298.4926
298.4002
298.3087
298.2181
298.1284
298.0395
297.9514
297.864
297.7773
297.6913
297.6059
297.5211
297.4368
297.353
297.2697
297.1868
297.1044
297.0223
296.9406
296.8593
296.7782
296.6975
296.6171
296.5369
296.457
296.3773
296.2979
296.2191
296.1738
296.173
296.2016
296.2445
296.2889
296.3264
296.3537
296.3815
296.4202
296.4745
296.5467
296.6367
296.7441
296.8681
297.0077
297.1613
297.3273
297.5026
297.6854
297.8747
298.07
298.2699
298.4723
298.6764
298.882
299.0887
299.2953
299.4984
299.6976
299.8932
300.0857
300.2739
300.4551
300.6296
300.7983
300.9101
302.6275
302.7573
302.8798
302.9961
303.1067
303.2118
303.3106
303.4012
303.4835
303.5581
303.6256
303.6848
303.7336
303.772
303.8006
303.8199
303.8303
303.8315
303.8233
303.8057
303.7788
303.7421
303.6949
303.637
303.5686
303.49
303.4022
303.3065
303.2045
303.0974
302.9869
302.88
302.7854
302.7082
302.6515
302.6163
302.6002
302.5639
302.4973
302.4105
302.3123
302.2084
302.1023
301.9961
301.8913
301.7886
301.6882
301.5904
301.495
301.4023
301.312
301.2238
301.1378
301.0538
300.9717
300.8911
300.8121
300.7346
300.6584
300.5833
300.5093
300.4364
300.3643
300.2929
300.2223
300.1524
300.083
300.0142
299.9458
299.8778
299.8103
299.7431
299.6762
299.6097
299.5433
299.4773
299.4114
299.3457
299.2801
299.2147
299.1495
299.0844
299.0196
298.9746
298.9635
298.9806
299.012
299.0437
299.0669
299.0785
299.0855
299.0968
299.1176
299.1511
299.1988
299.2617
299.3408
299.4361
299.5469
299.6717
299.8074
299.9516
300.1025
300.2593
300.421
300.5852
300.7507
300.9171
301.0845
301.2524
301.4193
301.5844
301.7474
301.9086
302.0669
302.2195
302.3661
302.5072
302.6005
299.895
300.0014
300.1097
300.2191
300.3292
300.4392
300.5489
300.6578
300.7656
300.8718
300.9763
301.0786
301.1786
301.2755
301.3688
301.4582
301.5432
301.6234
301.6986
301.7685
301.8327
301.891
301.9432
301.989
302.0281
302.0604
302.0856
302.1037
302.1146
302.1186
302.1157
302.1064
302.0911
302.0707
302.0462
302.0183
301.988
301.9557
301.9217
301.8854
301.8467
301.8055
301.762
301.7162
301.6683
301.6187
301.5674
301.5147
301.4608
301.4058
301.3499
301.2931
301.2355
301.1772
301.1181
301.0584
300.998
300.937
300.8755
300.8134
300.7509
300.688
300.6247
300.5612
300.4973
300.4331
300.3688
300.3042
300.2393
300.1742
300.1089
300.0434
299.9777
299.9117
299.8455
299.779
299.7124
299.6455
299.5785
299.5113
299.4439
299.3764
299.3089
299.2417
299.1769
299.1166
299.062
299.0132
298.9694
298.9296
298.8929
298.8586
298.8267
298.7976
298.7717
298.7498
298.7324
298.7201
298.7137
298.7137
298.7205
298.7343
298.7552
298.7832
298.8182
298.8603
298.9091
298.9643
299.0256
299.0928
299.1656
299.2436
299.3266
299.4141
299.5059
299.6016
299.7007
299.8028
299.8737
301.2452
301.2633
301.2817
301.3004
301.3193
301.3385
301.3578
301.3772
301.3968
301.4165
301.4362
301.4558
301.4751
301.4941
301.5127
301.5307
301.5483
301.5653
301.5816
301.5972
301.612
301.6259
301.6389
301.6508
301.6616
301.6712
301.68
301.6883
301.6963
301.7041
301.7117
301.7193
301.7268
301.7343
301.742
301.7499
301.7577
301.7622
301.7641
301.7644
301.7633
301.7612
301.7581
301.7543
301.7497
301.7444
301.7386
301.7321
301.7251
301.7176
301.7096
301.7011
301.6922
301.6828
301.673
301.6628
301.6522
301.6413
301.63
301.6183
301.6062
301.5938
301.5811
301.5681
301.5547
301.541
301.527
301.5126
301.498
301.4831
301.4679
301.4524
301.4366
301.4205
301.4041
301.3875
301.3706
301.3534
301.3359
301.3182
301.3002
301.2819
301.2634
301.2454
301.229
301.2142
301.2008
301.1885
301.1767
301.1652
301.154
301.1429
301.1321
301.1216
301.1115
301.1022
301.0939
301.0869
301.0813
301.0772
301.0746
301.0736
301.0742
301.0764
301.08
301.085
301.0912
301.0986
301.1072
301.1169
301.1276
301.1393
301.1518
301.1652
301.1796
301.1947
301.2108
301.2276
301.2395
307.7755
307.8139
307.8562
307.9021
307.9516
308.0047
308.0612
308.1213
308.1847
308.2513
308.3211
308.3936
308.4686
308.5456
308.6243
308.7045
308.7855
308.8669
308.9483
309.0295
309.1101
309.1897
309.2676
309.3437
309.4176
309.489
309.5576
309.623
309.685
309.7432
309.7974
309.848
309.8954
309.9397
309.9809
310.0192
310.0542
310.0837
310.1083
310.1283
310.144
310.1557
310.1634
310.1675
310.168
310.1652
310.1591
310.15
310.138
310.1232
310.1058
310.0859
310.0635
310.039
310.0122
309.9834
309.9526
309.92
309.8855
309.8494
309.8116
309.7722
309.7314
309.6891
309.6455
309.6006
309.5545
309.5071
309.4586
309.409
309.3584
309.3067
309.254
309.2005
309.146
309.0907
309.0346
308.9777
308.9201
308.8617
308.8027
308.743
308.6827
308.622
308.5614
308.5013
308.4417
308.3828
308.3244
308.2665
308.2097
308.154
308.0999
308.0476
307.9973
307.9492
307.9038
307.8611
307.8214
307.7849
307.7516
307.7217
307.6953
307.6724
307.653
307.6373
307.6252
307.6168
307.6121
307.6113
307.6142
307.6209
307.6314
307.6459
307.6645
307.687
307.7136
307.7444
307.7677
303.9225
303.9649
304.0102
304.0583
304.109
304.162
304.2174
304.275
304.3347
304.3964
304.4598
304.5248
304.5911
304.6583
304.7262
304.7946
304.8632
304.9313
304.9989
305.0654
305.1308
305.1947
305.2569
305.317
305.375
305.4305
305.4834
305.5336
305.5808
305.625
305.6661
305.7044
305.7403
305.774
305.8059
305.8364
305.8652
305.889
305.9087
305.9244
305.9365
305.9452
305.9507
305.9531
305.9527
305.9495
305.9437
305.9354
305.9246
305.9116
305.8964
305.8791
305.8598
305.8386
305.8155
305.7907
305.7641
305.7359
305.7061
305.6748
305.6421
305.6079
305.5724
305.5356
305.4976
305.4583
305.4179
305.3763
305.3337
305.29
305.2453
305.1997
305.1531
305.1057
305.0573
305.0081
304.9581
304.9073
304.8557
304.8034
304.7504
304.6967
304.6424
304.5877
304.5333
304.4794
304.4261
304.3731
304.3206
304.2684
304.2168
304.1661
304.1166
304.0686
304.0222
303.978
303.9361
303.8969
303.8606
303.8275
303.7977
303.7715
303.7489
303.7302
303.7153
303.7044
303.6974
303.6946
303.6959
303.7013
303.7108
303.7243
303.7419
303.7634
303.7889
303.818
303.8508
303.887
303.9136
309.7658
309.7886
309.8152
309.8454
309.8791
309.916
309.9561
309.9992
310.0451
310.0938
310.1451
310.199
310.2553
310.3139
310.3746
310.4373
310.5019
310.5681
310.6359
310.705
310.7752
310.8463
310.9182
310.9904
311.0629
311.1353
311.2074
311.2789
311.3495
311.419
311.4871
311.5535
311.6182
311.6811
311.742
311.801
311.8581
311.9126
311.9639
312.0117
312.0555
312.0952
312.1306
312.1616
312.1883
312.2108
312.229
312.2432
312.2534
312.2597
312.2624
312.2614
312.2571
312.2494
312.2386
312.2248
312.2081
312.1887
312.1667
312.1422
312.1153
312.0861
312.0547
312.0213
311.986
311.9487
311.9097
311.869
311.8267
311.7828
311.7375
311.6908
311.6428
311.5935
311.5431
311.4915
311.4388
311.3851
311.3305
311.2749
311.2185
311.1612
311.1032
311.0444
310.985
310.925
310.8645
310.8038
310.7429
310.6819
310.6209
310.5601
310.4996
310.4396
310.3802
310.3218
310.2644
310.2084
310.1541
310.1018
310.0516
310.004
309.9592
309.9175
309.8791
309.8443
309.8132
309.786
309.7629
309.744
309.7294
309.719
309.7131
309.7114
309.7142
309.7212
309.7325
309.7479
309.7606
308.4277
308.4646
308.5056
308.5507
308.5997
308.6523
308.7084
308.7677
308.8302
308.8957
308.964
309.0349
309.1083
309.1838
309.2613
309.3405
309.4211
309.5028
309.5853
309.6683
309.7513
309.8342
309.9165
309.998
310.0783
310.1571
310.2341
310.3092
310.3819
310.4521
310.5195
310.584
310.6454
310.7038
310.7592
310.8114
310.8605
310.9058
310.9463
310.9815
311.0113
311.0356
311.0547
311.0687
311.0777
311.082
311.082
311.0777
311.0696
311.0577
311.0425
311.024
311.0025
310.9781
310.9512
310.9217
310.89
310.8561
310.8202
310.7824
310.7428
310.7016
310.6588
310.6146
310.569
310.522
310.4739
310.4247
310.3744
310.323
310.2708
310.2176
310.1637
310.1089
310.0534
309.9972
309.9404
309.883
309.825
309.7664
309.7074
309.6479
309.5879
309.5275
309.4668
309.4057
309.3443
309.2826
309.2207
309.1588
309.0969
309.0353
308.9742
308.914
308.8549
308.7972
308.7414
308.6876
308.6363
308.5876
308.5419
308.4994
308.4603
308.425
308.3935
308.3662
308.3432
308.3245
308.3105
308.3011
308.2964
308.2966
308.3016
308.3114
308.326
308.3454
308.3694
308.398
308.42
310.7178
310.7396
310.7648
310.7931
310.8245
310.8588
310.8958
310.9353
310.9775
311.0221
311.0691
311.1185
311.1702
311.2242
311.2803
311.3386
311.399
311.4612
311.5253
311.591
311.6582
311.7267
311.7962
311.8667
311.9377
312.0091
312.0806
312.1518
312.2227
312.2928
312.3619
312.4297
312.4962
312.5612
312.6246
312.6863
312.7463
312.804
312.8584
312.9089
312.9551
312.9967
313.0335
313.0655
313.0927
313.1152
313.1331
313.1466
313.1558
313.161
313.1623
313.1598
313.1538
313.1445
313.132
313.1165
313.0982
313.0771
313.0535
313.0275
312.9993
312.9688
312.9364
312.902
312.8658
312.8279
312.7884
312.7473
312.7048
312.6609
312.6158
312.5694
312.5219
312.4732
312.4236
312.373
312.3214
312.269
312.2158
312.1618
312.1071
312.0516
311.9956
311.9389
311.8817
311.824
311.7659
311.7075
311.6488
311.59
311.5311
311.4722
311.4135
311.3552
311.2975
311.2406
311.1849
311.1305
311.0778
311.0271
310.9787
310.9329
310.89
310.8502
310.8138
310.781
310.752
310.7268
310.7057
310.6887
310.6758
310.6671
310.6626
310.6622
310.6659
310.6735
310.685
310.7002
310.7126
312.0354
312.0596
312.087
312.1176
312.1511
312.1876
312.2267
312.2685
312.3127
312.3593
312.4083
312.4596
312.513
312.5684
312.6258
312.6848
312.7455
312.8077
312.871
312.9354
313.0007
313.0666
313.133
313.1996
313.2663
313.3329
313.399
313.4646
313.5294
313.5931
313.6556
313.7167
313.7761
313.8339
313.8899
313.9441
313.9964
314.0463
314.093
314.1358
314.1743
314.2084
314.2378
314.2627
314.2831
314.2991
314.3109
314.3187
314.3226
314.3228
314.3196
314.313
314.3034
314.2908
314.2754
314.2575
314.2371
314.2143
314.1894
314.1624
314.1334
314.1026
314.0701
314.0359
314.0002
313.9631
313.9245
313.8847
313.8436
313.8013
313.758
313.7136
313.6682
313.6219
313.5747
313.5267
313.4779
313.4284
313.3781
313.3272
313.2756
313.2235
313.1708
313.1176
313.0638
313.0096
312.955
312.9001
312.8449
312.7895
312.7341
312.6788
312.6239
312.5695
312.5159
312.4634
312.4122
312.3625
312.3147
312.269
312.2256
312.1849
312.1471
312.1124
312.081
312.0531
312.0288
312.0083
311.9916
311.9788
311.9699
311.965
311.964
311.9668
311.9735
311.984
311.9981
312.0158
312.0299
307.4422
307.5165
307.5886
307.6582
307.7255
307.7908
307.854
307.9149
307.9735
308.0298
308.0838
308.1347
308.1812
308.2234
308.2613
308.2952
308.3252
308.3509
308.3723
308.3894
308.4023
308.4105
308.4139
308.4125
308.4064
308.3955
308.3791
308.3577
308.3317
308.3017
308.2685
308.2343
308.2015
308.1711
308.1439
308.1203
308.101
308.0826
308.0617
308.0372
308.0085
307.9759
307.9398
307.9009
307.8597
307.8167
307.7723
307.7266
307.6802
307.6331
307.5856
307.5377
307.4896
307.4413
307.3929
307.3444
307.2959
307.2473
307.1987
307.1498
307.1006
307.051
307.0011
306.951
306.9006
306.8502
306.7998
306.7492
306.6985
306.6475
306.5962
306.5446
306.4926
306.4403
306.3878
306.3351
306.2823
306.2293
306.176
306.1225
306.0686
306.0142
305.9596
305.9106
305.8761
305.8606
305.8592
305.8652
305.8743
305.8844
305.8932
305.8989
305.9029
305.9077
305.9158
305.9304
305.9535
305.9854
306.025
306.0713
306.1229
306.1797
306.2413
306.3073
306.3767
306.4487
306.5226
306.5981
306.675
306.7528
306.8308
306.9088
306.987
307.0655
307.144
307.222
307.299
307.3752
307.4265
