296.6997
296.9741
297.2338
297.4717
297.6876
297.8829
298.0673
298.2331
298.3797
298.5072
298.6163
298.7088
298.7833
298.8404
298.8806
298.9022
298.8994
298.876
298.8326
298.7694
298.6845
298.574
298.4431
298.2927
298.123
297.9354
297.7331
297.5156
297.2836
297.0372
296.7917
296.5586
296.3259
296.0936
295.862
295.6328
295.4062
295.1752
294.9486
294.7232
294.5011
294.2813
294.0633
293.847
293.6325
293.4196
293.2084
292.999
292.7915
292.586
292.3823
292.1807
291.9812
291.7837
291.5882
291.3949
291.2035
291.0142
290.8267
290.6413
290.458
290.2768
290.0975
289.9201
289.7444
289.5691
289.3952
289.2228
289.0518
288.8826
288.7156
288.5503
288.3864
288.2241
288.0635
287.9049
287.7481
287.593
287.4395
287.2869
287.1342
286.9823
287.4334
287.5715
287.6969
287.8323
287.9749
288.123
288.2754
288.4385
288.6115
288.7872
288.9643
289.1422
289.3083
289.4697
289.6359
289.809
289.9907
290.1978
290.4284
290.678
290.947
291.2359
291.5525
291.8913
292.2504
292.6298
293.0283
293.4157
293.8033
294.194
294.5873
294.9816
295.3581
295.7232
296.0777
296.4216
296.6493
296.5133
296.8081
297.0796
297.3245
297.5442
297.7402
297.9159
298.0699
298.2021
298.3133
298.4043
298.4775
298.5372
298.5832
298.6151
298.6325
298.6314
298.6096
298.5679
298.507
298.4276
298.3296
298.2138
298.0803
297.9292
297.7609
297.5786
297.384
297.1771
296.9577
296.728
296.501
296.2792
296.0619
295.8485
295.6388
295.4321
295.2215
295.0019
294.7815
294.5624
294.3453
294.1303
293.9177
293.7074
293.4994
293.2938
293.0905
292.8896
292.6908
292.4943
292.2999
292.1076
291.9174
291.7293
291.5432
291.3591
291.1768
290.9964
290.8178
290.6412
290.4664
290.2936
290.1227
289.9536
289.7861
289.62
289.4553
289.292
289.1301
288.9696
288.8105
288.6528
288.4965
288.3415
288.188
288.0361
287.8857
287.7367
287.5892
287.4424
287.2962
287.3224
287.6147
287.9035
288.139
288.3398
288.5188
288.683
288.8306
288.9433
289.0307
289.1033
289.1669
289.2313
289.3204
289.4378
289.5792
289.741
289.9253
290.1379
290.3757
290.6368
290.9197
291.2255
291.5567
291.9119
292.2894
292.6874
293.0988
293.516
293.9356
294.3557
294.7757
295.1787
295.5524
295.9039
296.2373
296.4549
295.1445
295.2731
295.3982
295.5194
295.6366
295.7495
295.8578
295.961
296.0588
296.1511
296.2379
296.3207
296.4007
296.4777
296.5517
296.6224
296.6885
296.7493
296.8045
296.854
296.8978
296.9353
296.9664
296.991
297.009
297.0204
297.0247
297.022
297.0122
296.9954
296.972
296.9452
296.916
296.8846
296.8513
296.8162
296.7803
296.7373
296.6834
296.6246
296.5623
296.4972
296.43
296.3609
296.2903
296.2182
296.1449
296.0704
295.9949
295.9184
295.841
295.7629
295.6841
295.6046
295.5246
295.444
295.3629
295.2814
295.1995
295.1172
295.0346
294.9517
294.8686
294.7853
294.7017
294.6179
294.5339
294.4497
294.3652
294.2806
294.1959
294.1112
294.0264
293.9416
293.8568
293.772
293.6873
293.6026
293.5179
293.4332
293.3486
293.264
293.1924
293.1301
293.0622
292.994
292.9271
292.8614
292.7971
292.7354
292.6818
292.638
292.6047
292.5821
292.5716
292.5766
292.5974
292.6338
292.6857
292.752
292.8301
292.9195
293.0199
293.1312
293.2513
293.3768
293.5072
293.6422
293.7818
293.9241
294.0664
294.2081
294.3491
294.4892
294.628
294.7648
294.8994
295.0317
295.1203
297.2115
297.359
297.4993
297.632
297.7577
297.8769
297.9889
298.0915
298.1847
298.2692
298.3453
298.4121
298.468
298.5135
298.5492
298.5756
298.592
298.5972
298.5911
298.5738
298.5455
298.5055
298.453
298.3881
298.311
298.2222
298.1225
298.0124
297.8928
297.7637
297.6249
297.4817
297.3402
297.2033
297.0726
296.9489
296.8327
296.7235
296.6178
296.5144
296.4133
296.3143
296.2173
296.1222
296.029
295.9375
295.8477
295.7594
295.6725
295.5868
295.5024
295.419
295.3366
295.2552
295.1746
295.0949
295.016
294.9377
294.8602
294.7832
294.7069
294.6311
294.5557
294.4808
294.4064
294.3323
294.2586
294.1851
294.112
294.0391
293.9665
293.8941
293.8218
293.7498
293.6779
293.6061
293.5345
293.4631
293.3918
293.3206
293.2495
293.1786
293.1192
293.1087
293.1353
293.1785
293.2235
293.2615
293.2883
293.3031
293.3169
293.34
293.3768
293.4286
293.4957
293.5779
293.6751
293.7866
293.9114
294.048
294.1942
294.3484
294.5095
294.6769
294.8493
295.0234
295.1982
295.3737
295.5502
295.7277
295.9047
296.0804
296.2547
296.4279
296.5987
296.764
296.924
297.0794
297.1828
297.8719
297.9854
298.0933
298.1935
298.2865
298.3733
298.4548
298.5308
298.6009
298.6653
298.7239
298.7756
298.8179
298.8509
298.8754
298.8921
298.9012
298.9021
298.8948
298.8794
298.8562
298.8253
298.7864
298.7392
298.6836
298.6198
298.5476
298.4669
298.3785
298.2833
298.1815
298.0774
297.9778
297.8876
297.8099
297.7461
297.6965
297.6568
297.6088
297.5494
297.4821
297.4104
297.3367
297.2624
297.1886
297.1159
297.0445
296.9745
296.9061
296.8391
296.7736
296.7094
296.6465
296.5848
296.5242
296.4645
296.4056
296.3476
296.2903
296.2335
296.1774
296.1217
296.0665
296.0116
295.9571
295.9028
295.8487
295.7949
295.7411
295.6875
295.6339
295.5804
295.527
295.4736
295.4203
295.3669
295.3136
295.2602
295.2068
295.1534
295.0999
295.0463
294.9996
294.9853
295.0031
295.0405
295.0815
295.1145
295.1332
295.1365
295.1325
295.1299
295.134
295.1475
295.1719
295.2085
295.2585
295.3227
295.4009
295.4924
295.595
295.7066
295.8256
295.9508
296.0811
296.2142
296.3488
296.4841
296.62
296.756
296.8903
297.0227
297.1531
297.2821
297.4095
297.534
297.6548
297.7721
297.8501
296.3737
296.4633
296.5544
296.6465
296.7391
296.8318
296.9241
297.0158
297.1066
297.1963
297.2845
297.3711
297.4558
297.538
297.6175
297.6938
297.7668
297.836
297.9013
297.9621
298.0183
298.0697
298.1159
298.1567
298.192
298.2214
298.2449
298.2624
298.2739
298.2793
298.2788
298.2725
298.2608
298.2441
298.2231
298.1986
298.1711
298.1413
298.1097
298.0764
298.0414
298.0047
297.9666
297.9271
297.8863
297.8444
297.8015
297.7575
297.7126
297.6668
297.6201
297.5725
297.5242
297.4753
297.4259
297.376
297.3256
297.2749
297.2238
297.1724
297.1207
297.0687
297.0165
296.9639
296.9112
296.8581
296.8049
296.7513
296.6975
296.6434
296.589
296.5343
296.4793
296.424
296.3685
296.3127
296.2568
296.2007
296.1444
296.088
296.0315
295.9749
295.9183
295.8625
295.8094
295.7607
295.7171
295.6784
295.6438
295.6122
295.5827
295.5548
295.5282
295.5034
295.4807
295.4607
295.444
295.431
295.4225
295.4191
295.421
295.4288
295.4425
295.4623
295.4882
295.5203
295.5584
295.6023
295.6516
295.7063
295.7659
295.8302
295.8989
295.9716
296.0482
296.1282
296.2113
296.297
296.3566
296.7982
296.8159
296.8342
296.853
296.8721
296.8916
296.9113
296.9311
296.951
296.971
296.9909
297.0106
297.0301
297.0493
297.0681
297.0865
297.1043
297.1215
297.1381
297.1539
297.1689
297.1831
297.1964
297.2086
297.2197
297.2296
297.2384
297.246
297.2523
297.2574
297.2613
297.2641
297.2662
297.268
297.2698
297.2717
297.274
297.2762
297.2769
297.2763
297.2748
297.2723
297.2691
297.2651
297.2605
297.2553
297.2496
297.2433
297.2365
297.2292
297.2216
297.2134
297.2049
297.196
297.1867
297.1771
297.167
297.1567
297.146
297.135
297.1236
297.1119
297.1
297.0877
297.0751
297.0623
297.0491
297.0357
297.0219
297.0079
296.9937
296.9791
296.9643
296.9492
296.9339
296.9182
296.9024
296.8862
296.8698
296.8532
296.8363
296.8192
296.8022
296.7874
296.775
296.7645
296.7546
296.7447
296.7343
296.7232
296.7117
296.7002
296.689
296.6781
296.668
296.6586
296.6504
296.6434
296.6379
296.6338
296.6313
296.6303
296.6308
296.6328
296.6363
296.641
296.647
296.6542
296.6626
296.6722
296.6828
296.6944
296.7069
296.7204
296.7348
296.75
296.7659
296.7824
296.794
301.4918
301.5268
301.5652
301.6071
301.6522
301.7007
301.7522
301.8065
301.8632
301.9221
301.9832
302.0462
302.111
302.1772
302.2447
302.3132
302.3825
302.4521
302.5218
302.5912
302.6601
302.7281
302.7946
302.8595
302.9222
302.9826
303.0403
303.095
303.1465
303.1945
303.2389
303.28
303.3181
303.3534
303.3859
303.4159
303.4434
303.4672
303.4862
303.5015
303.5134
303.522
303.5276
303.5302
303.5301
303.5273
303.5219
303.5141
303.504
303.4916
303.4771
303.4606
303.4421
303.4218
303.3996
303.3758
303.3503
303.3232
303.2946
303.2646
303.2332
303.2004
303.1663
303.131
303.0945
303.0568
303.018
302.9782
302.9373
302.8954
302.8525
302.8087
302.7639
302.7183
302.6719
302.6246
302.5765
302.5277
302.4781
302.4278
302.3769
302.3252
302.273
302.2204
302.1677
302.1153
302.0632
302.0116
301.9602
301.9094
301.8593
301.8104
301.7629
301.7169
301.6726
301.6304
301.5905
301.5531
301.5183
301.4864
301.4574
301.4314
301.4086
301.3889
301.3725
301.3594
301.3495
301.343
301.3398
301.3399
301.3434
301.3502
301.3604
301.374
301.3912
301.4119
301.4363
301.4644
301.4857
298.3413
298.3849
298.431
298.4795
298.5302
298.583
298.6376
298.6936
298.7509
298.8092
298.8682
298.9279
298.9881
299.0487
299.1094
299.1702
299.2307
299.2907
299.3499
299.4081
299.4652
299.5208
299.5747
299.6265
299.6761
299.7233
299.7679
299.8095
299.8482
299.8837
299.9159
299.9452
299.9718
299.9962
300.0186
300.0394
300.0588
300.0756
300.0883
300.0976
300.1038
300.1071
300.1077
300.1058
300.1015
300.095
300.0864
300.0758
300.0633
300.0489
300.0328
300.0151
299.9957
299.9749
299.9525
299.9288
299.9037
299.8773
299.8496
299.8207
299.7907
299.7595
299.7273
299.694
299.6597
299.6244
299.5881
299.5509
299.5129
299.4739
299.4341
299.3935
299.352
299.3098
299.2669
299.2232
299.1788
299.1338
299.088
299.0417
298.9947
298.9471
298.8989
298.8506
298.8026
298.7551
298.708
298.6613
298.6149
298.5687
298.5231
298.4783
298.4346
298.3922
298.3513
298.3124
298.2757
298.2415
298.21
298.1816
298.1565
298.1347
298.1164
298.1019
298.0911
298.0843
298.0813
298.0824
298.0876
298.0968
298.11
298.127
298.1479
298.1725
298.2008
298.2325
298.2674
298.3056
298.3332
302.9252
302.9718
303.0224
303.0768
303.1347
303.1958
303.2599
303.3266
303.3957
303.467
303.5401
303.6149
303.6911
303.7685
303.8469
303.9263
304.0065
304.0872
304.1683
304.2495
304.3307
304.4116
304.4918
304.5712
304.6495
304.7263
304.8015
304.8746
304.9455
305.0136
305.0789
305.141
305.1999
305.2555
305.3077
305.3568
305.4029
305.4458
305.485
305.5197
305.5495
305.5742
305.5936
305.6078
305.6169
305.621
305.6204
305.6153
305.606
305.5926
305.5755
305.5549
305.531
305.504
305.4742
305.4418
305.4069
305.3697
305.3304
305.2891
305.2459
305.2011
305.1546
305.1066
305.0573
305.0066
304.9547
304.9017
304.8476
304.7925
304.7365
304.6796
304.6219
304.5634
304.5041
304.4442
304.3836
304.3225
304.2607
304.1984
304.1356
304.0723
304.0086
303.9445
303.8801
303.8155
303.7511
303.6868
303.6229
303.5595
303.4966
303.4344
303.373
303.3126
303.2534
303.1956
303.1396
303.0856
303.0341
302.9853
302.9398
302.8978
302.8596
302.8258
302.7964
302.7719
302.7524
302.738
302.7289
302.7252
302.727
302.7342
302.7469
302.7649
302.7882
302.8167
302.8502
302.8884
302.9171
301.609
301.6694
301.734
301.8027
301.8751
301.9509
302.0297
302.1114
302.1955
302.2818
302.3699
302.4595
302.5503
302.6421
302.7346
302.8276
302.9208
303.0139
303.1065
303.1984
303.2892
303.3784
303.4658
303.551
303.6337
303.7135
303.7902
303.8633
303.9327
303.998
304.059
304.1157
304.168
304.2161
304.26
304.2999
304.3359
304.368
304.395
304.4162
304.4313
304.4404
304.4436
304.4412
304.4334
304.4207
304.4034
304.3818
304.3562
304.327
304.2946
304.2591
304.2209
304.1801
304.1371
304.092
304.045
303.9964
303.9461
303.8945
303.8416
303.7874
303.7323
303.6761
303.6191
303.5612
303.5027
303.4434
303.3835
303.3231
303.2622
303.2009
303.1391
303.0769
303.0144
302.9516
302.8885
302.8252
302.7616
302.6977
302.6337
302.5696
302.5052
302.4408
302.3762
302.3115
302.2468
302.182
302.1173
302.0526
301.988
301.9239
301.8606
301.7984
301.7378
301.6791
301.623
301.5699
301.5203
301.4747
301.4334
301.3968
301.3651
301.3387
301.3177
301.3024
301.2927
301.2887
301.2905
301.298
301.3113
301.3302
301.3548
301.385
301.4208
301.4619
301.5083
301.5598
301.5975
306.9715
307.007
307.0457
307.0874
307.132
307.1792
307.2288
307.2808
307.3349
307.391
307.449
307.5087
307.57
307.6328
307.6972
307.7631
307.8303
307.8988
307.9684
308.0389
308.1101
308.1818
308.2537
308.3255
308.3971
308.4681
308.5383
308.6073
308.6748
308.7405
308.8041
308.8655
308.9244
308.981
309.0351
309.0869
309.1366
309.1839
309.2278
309.2673
309.3019
309.331
309.3548
309.3732
309.3865
309.3948
309.3984
309.3977
309.3928
309.3842
309.372
309.3566
309.3381
309.3169
309.293
309.2668
309.2383
309.2077
309.1752
309.1409
309.1049
309.0673
309.0282
308.9876
308.9458
308.9027
308.8585
308.8131
308.7666
308.7192
308.6708
308.6215
308.5714
308.5204
308.4687
308.4163
308.3631
308.3093
308.2548
308.1997
308.1441
308.0879
308.0312
307.974
307.9164
307.8586
307.8006
307.7424
307.6842
307.626
307.5679
307.51
307.4526
307.3958
307.3398
307.2851
307.2319
307.1806
307.1316
307.0851
307.0417
307.0016
306.9651
306.9325
306.904
306.8799
306.8604
306.8453
306.835
306.8293
306.8282
306.8318
306.8398
306.8523
306.8691
306.8901
306.915
306.9439
306.9656
307.328
307.3631
307.4016
307.4432
307.4879
307.5353
307.5852
307.6376
307.6921
307.7486
307.8069
307.8667
307.928
307.9905
308.054
308.1185
308.1838
308.2498
308.3162
308.3829
308.4496
308.5161
308.5823
308.648
308.7128
308.7767
308.8395
308.9009
308.9606
309.0185
309.0744
309.1281
309.1795
309.2285
309.2752
309.3197
309.3619
309.4019
309.4388
309.4718
309.5006
309.5248
309.5443
309.5592
309.5696
309.5758
309.578
309.5763
309.571
309.5624
309.5507
309.5361
309.5188
309.4989
309.4767
309.4523
309.4259
309.3975
309.3674
309.3356
309.3022
309.2673
309.2311
309.1935
309.1546
309.1147
309.0736
309.0314
308.9883
308.9442
308.8993
308.8535
308.807
308.7596
308.7116
308.6629
308.6136
308.5636
308.5131
308.462
308.4104
308.3583
308.3058
308.2528
308.1994
308.1456
308.0915
308.0371
307.9825
307.9277
307.8728
307.818
307.7635
307.7097
307.6568
307.6052
307.5553
307.5073
307.4616
307.4186
307.3786
307.3419
307.3086
307.2791
307.2534
307.2319
307.2145
307.2013
307.1923
307.1876
307.1872
307.191
307.199
307.2112
307.2275
307.2479
307.2723
307.3005
307.3219
302.9232
302.9939
303.0637
303.1324
303.1995
303.2652
303.3287
303.3889
303.4459
303.4999
303.5512
303.5997
303.6451
303.6871
303.7258
303.7609
303.7924
303.8198
303.8431
303.8623
303.8773
303.8875
303.8927
303.8928
303.8873
303.8765
303.8608
303.8404
303.8156
303.7866
303.7537
303.719
303.6846
303.6518
303.6212
303.5932
303.568
303.5456
303.523
303.4984
303.4715
303.4421
303.4103
303.3763
303.3403
303.3029
303.2643
303.2247
303.1845
303.1438
303.1027
303.0614
303.02
302.9784
302.9368
302.8949
302.8529
302.8107
302.7684
302.7258
302.6832
302.6404
302.5975
302.5544
302.511
302.4674
302.4234
302.3792
302.3347
302.2898
302.2447
302.1992
302.1535
302.1075
302.0612
302.0147
301.968
301.9211
301.874
301.8265
301.7788
301.7307
301.6833
301.6387
301.5977
301.5631
301.5376
301.5216
301.5136
301.5108
301.5105
301.5106
301.5114
301.5147
301.5219
301.5351
301.5552
301.5827
301.6174
301.6585
301.7061
301.7595
301.8177
301.8797
301.9451
302.0123
302.0807
302.1499
302.2198
302.2899
302.3599
302.4298
302.5001
302.5709
302.6425
302.7147
302.7872
302.8598
302.9092
