294.60727057053975
294.8691685576671
295.12020298653323
295.36026701227485
295.589193998395
295.80584688797717
296.00389165109453
296.1867152023569
296.35440396533687
296.50712385230173
296.64391918455107
296.76124936438174
296.8612499232886
296.9440092154731
297.0097608569159
297.05725325984326
297.08318953815336
297.0899424002108
297.07782907963764
297.0471786324482
296.99636110746525
296.92432582868616
296.83368967217166
296.7249455013001
296.59853099178247
296.4566461858302
296.30152463790523
296.13258333773143
295.9503858531751
295.7552951833471
295.5597618610152
295.3685365375798
295.1762540027635
294.98332254991607
294.790083122845
294.5999154478264
294.41232737890647
294.22654964420593
294.0421643093937
293.85876225106733
293.68277864446986
293.50724761151395
293.33246411294317
293.159147206787
292.9875703349664
292.80951226821145
292.63836126454424
292.46894414951043
292.30120890812856
292.1351549474488
291.9705137410043
291.80753329526135
291.64626499858593
291.48668390199333
291.3288362994684
291.17272957613744
291.0183698553088
290.865709396596
290.71471421826334
290.56537970203004
290.4174507923201
290.2710650521043
290.1262025947163
289.98282113540165
289.8409546588171
289.70077107466886
289.56200707044763
289.4247318472806
289.2888864568922
289.15435799785143
289.0209697056961
288.8888938090056
288.7580498060566
288.6342629332353
288.52118744807535
288.4002634678169
288.2808618773932
288.1616562889626
288.0358977119658
287.89005287444957
287.7983217257232
287.74402616462953
287.7684628355391
287.88118160987773
287.9230718908518
287.9786598043024
288.041811182656
288.11061175722506
288.1837453219538
288.2603269377504
288.34008714408674
288.42410853469704
288.51252747122766
288.6053744405323
288.71456974596543
288.8383169473628
288.9748906308726
289.1249159270406
289.288980257595
289.46664860806374
289.65899829430214
289.8658735062229
290.08747831865037
290.32394707144533
290.57049446973133
290.8292891916126
291.10051415149877
291.3840085608182
291.67909986938895
291.97405936171543
292.2736183192041
292.57770819727773
292.88587797375044
293.19642512751756
293.4965257589327
293.7916682542058
294.08168201047505
294.36620915079504
294.556466560566
294.5909555277265
294.8455467361646
295.08659347382627
295.31454215440954
295.52994113044844
295.7331937465811
295.9236588861357
296.10058652193845
296.263538994836
296.4123331759997
296.5469050881673
296.66552989669805
296.7667194210055
296.8506272114669
296.91765281216254
296.9680743383912
297.00040921585173
297.0140528060019
297.00934426152725
296.98674255082733
296.94659823350344
296.8883957158148
296.812463888836
296.71916826552166
296.6089338282434
296.4823547825642
296.3422708097768
296.1901596183299
296.0261409625392
295.8502106654701
295.66441389647
295.47782025235176
295.2930013361899
295.10984673894666
294.92818248839455
294.74843041607676
294.5717840877479
294.3957833862976
294.2196166899266
294.0419968033154
293.86542741895846
293.69312737509347
293.523041682703
293.3549698767533
293.1887984319485
293.02266743451764
292.8535702217625
292.6868374191955
292.52228814187896
292.35976015265385
292.19919467448875
292.04043710753285
291.88350485009494
291.72836693537016
291.57495634587076
291.42326805716226
291.2732026773357
291.12478411446807
290.97799762507964
290.8327975601121
290.6891487619738
290.5469823282109
290.40630174525313
290.2670533547317
290.1292771990916
289.9929703414027
289.85806199221895
289.7245448516018
289.59241595293724
289.4616030264988
289.33203907349684
289.20361467871663
289.0763559108435
288.95026882149114
288.83527165727065
288.72653212170786
288.61479101517915
288.5021772343161
288.38933900582646
288.26562959915265
288.1408645422384
288.0707833768747
288.04708500372703
288.14482180668097
288.28148175550257
288.3938397010303
288.4874494961628
288.5708599274342
288.64814495309736
288.7197325709268
288.78526905418676
288.8508337278752
288.9188166286327
288.98992474399824
289.06656176537814
289.1556475683809
289.260076513594
289.3801148188091
289.5155535411707
289.66665901357254
289.8342027334122
290.01773184922416
290.2169563278995
290.4315066335247
290.6613256176047
290.9059893367968
291.16424263260546
291.4351176151236
291.717865996273
292.00954085564325
292.3064730572068
292.6073311020602
292.911157155386
293.217522007226
293.51861285577434
293.8089327434235
294.0899143784893
294.362463861491
294.5432662542366
295.62384330271203
295.7245045942175
295.8229140655882
295.9188798718472
296.0123534881442
296.1032316298458
296.1914468507802
296.276916872905
296.3594691577935
296.4390803819985
296.51561190443397
296.58879775748863
296.65841682217103
296.7243506315335
296.7864269892437
296.8444947605058
296.8981060762315
296.94689184255566
296.9907317493764
297.02950601243055
297.0630553921272
297.0908617569561
297.1127889792713
297.12882934514937
297.13883752654993
297.14281458159974
297.14068051550294
297.1324637711739
297.11820894646723
297.09794771588327
297.0723662468104
297.04431589519936
297.014292787032
296.98256732359766
296.94925197874727
296.9145462265293
296.87848622754484
296.83822429033006
296.79388165448944
296.7449640975298
296.6935727509396
296.64063588829464
296.5862502115176
296.5305934245531
296.4738530163108
296.41556917488913
296.3548926033659
296.2931142119374
296.23038466477874
296.1668308627028
296.1025331080918
296.03758463854064
295.97206361122744
295.9060383676928
295.83954090210983
295.7726396037092
295.70538449759994
295.6377764467193
295.56989187076516
295.501763534689
295.43336055649064
295.36475329558255
295.29595453027196
295.22697862528344
295.1578617742224
295.0886171142625
295.01927004862944
294.9498261462991
294.88033030577935
294.81078163762777
294.7411451258359
294.67149493195694
294.6017721810341
294.53204767454
294.4649434058761
294.3981362981968
294.3315666548949
294.26515323910075
294.1988578705086
294.1313640857905
294.0641917336277
294.00688347163464
293.95091891406224
293.90164232078416
293.851409914897
293.8042453905381
293.76099997259473
293.72178692696843
293.686687769779
293.6560566120598
293.63137722227594
293.6129783162286
293.6010538849105
293.59567065156455
293.59827441759325
293.6116469639507
293.63585427418917
293.6708191640011
293.7164818320838
293.771867953148
293.83539981910303
293.9068735874033
293.98616346386876
294.07315242066767
294.16594369822417
294.2622074486192
294.3617810216121
294.4645525140685
294.5704180515089
294.67807328506365
294.7862140801853
294.894601424291
295.0030895592147
295.111564627222
295.2193698966193
295.32590363810027
295.4310180420846
295.53463516319863
295.6041513025904
296.8962928871467
297.0261962051591
297.14955304794995
297.26631441031077
297.3769513438678
297.482027323397
297.58044844536687
297.67042680222147
297.75201076858707
297.82574820299436
297.8921152097405
297.9499845413246
297.9978903325828
298.0360748281203
298.06506980404583
298.0853797575213
298.09617702841945
298.09654723989433
298.0866239504653
298.06658462942397
298.0366798215954
297.9961564961929
297.9443287859346
297.8812735998004
297.807290349167
297.7226897581319
297.62820585679907
297.52496225619956
297.41384585520433
297.2952058471884
297.1697511400359
297.04262390869803
296.918861346844
296.80085990923715
296.6897004379677
296.5860063579927
296.49033081547117
296.3994029939514
296.31113221286955
296.22511943570964
296.14122291137875
296.0598682202219
295.9810149137837
295.90436877931603
295.82979848086205
295.7562522381949
295.679183732092
295.60071244552387
295.52236117645043
295.44478983963
295.36827246210015
295.292833956998
295.21841897476077
295.1450399009454
295.0726338748998
295.00115229146195
294.9304826128933
294.8604702511827
294.7911100572759
294.72232798314957
294.6540550894162
294.58616636023305
294.5185297413992
294.4511778564215
294.38403702449585
294.3171226489309
294.2503043485761
294.1835217044479
294.11680371739754
294.0501366936371
293.9835146436298
293.91682054805085
293.8500904030905
293.78331321291864
293.71908780644515
293.6590401353211
293.60131715299735
293.5441216711454
293.4863529200031
293.4267982674874
293.36492990779846
293.30855310288894
293.26509980349533
293.25071273740787
293.2629613255369
293.2899422044829
293.3218153187398
293.3505315437079
293.37098684886456
293.38173873192306
293.39245133032205
293.4117353826689
293.4434843157421
293.48911550351716
293.5487273910678
293.62214906017124
293.7091291708635
293.80908781193017
293.92118678930825
294.044067688066
294.17574139932555
294.314666877602
294.45996106813385
294.61100759061395
294.7667055933747
294.92486799795114
295.08446836126757
295.245289403978
295.4074357807009
295.5700782042161
295.73111720601133
295.8900180460243
296.0470133526043
296.2024201479209
296.35493295866945
296.502223284916
296.64433643559863
296.7819864851618
296.87333711452106
298.1264866535359
298.23435949061377
298.3363672583521
298.4324396734939
298.5231475471872
298.60906420089725
298.68992337199234
298.7642691529632
298.83178074504957
298.8927680862475
298.9476931739019
298.99594988065456
299.0363532520774
299.06879769296893
299.09366232941386
299.11135563790987
299.1216115327766
299.1235526135378
299.1171111605947
299.10251413376017
299.0799865909984
299.0492211912409
299.0096205579646
298.96124963141204
298.90418438344125
298.8387992158342
298.76583011577185
298.6863774484284
298.6014435602533
298.5117770441289
298.41827981382386
298.3265269752078
298.242663704826
298.1704408158751
298.11195580198046
298.06801766692274
298.035198984151
297.9887586995078
297.9274177620251
297.85703632965385
297.7815000840828
297.7035334661929
297.6250897361023
297.5473421255512
297.4711215392765
297.3967913450423
297.3245353437546
297.25422755860524
297.18585214001564
297.1192158809553
297.0542817540009
296.99090982725664
296.9290013442914
296.86843567662913
296.8090990909231
296.7508895175914
296.69371765203596
296.6374808357743
296.5820522670656
296.5273704593001
296.47338274309266
296.4200461408293
296.367302795257
296.3150156035498
296.2631638267071
296.2117050732805
296.1605730276533
296.10977552440244
296.05920643447166
296.0087805864224
295.9584982936364
295.9082787389835
295.85801378118407
295.8077193547364
295.75878705419234
295.7125834884422
295.66874244650296
295.62637225655334
295.5844092925887
295.54154178661133
295.4966004777507
295.4543416568225
295.42062211420614
295.4069111452463
295.4161617424641
295.44075064554545
295.4693338967053
295.49243970263086
295.50459261684034
295.5044074854376
295.4989494346131
295.495675366514
295.49905609113387
295.5115438543562
295.5345958294505
295.5694682526413
295.61723667103445
295.6783937604505
295.7527655351217
295.8394049325498
295.93639054279
296.0417521874586
296.15411153872043
296.2724922541588
296.3959013395774
296.522409651686
296.6508665540328
296.78067959426096
296.9117453078065
297.0436641445684
297.17484807983226
297.3045399382021
297.432652142853
297.5594245809116
297.68418656432425
297.80513562612447
297.92185089230964
298.0346072383186
298.1092750411079
296.23211202674923
296.3163187200849
296.4018905525623
296.4884161238988
296.57554930490585
296.66291231462753
296.75018259863776
296.83705671164046
296.9231275478927
297.0080081133395
297.09139160153904
297.17290335838106
297.2523298419252
297.3292530262634
297.4033430061803
297.4742598591431
297.5417982597035
297.60559722607223
297.6653640259053
297.7208007242836
297.7716050138226
297.8175881927705
297.8585334712066
297.8942420827324
297.924529663653
297.94921734714563
297.96817818978207
297.9813744967797
297.98883345596965
297.9906898447725
297.98709035116815
297.9782737005762
297.9646346587559
297.9467268681565
297.92529350551064
297.90093835352
297.874303181524
297.84587556827427
297.81591497541467
297.78444447383924
297.75150905036554
297.7171810612043
297.68166855951296
297.64504362673694
297.60754295321584
297.5692726024594
297.53029687879285
297.49043730737844
297.44959588453656
297.407760126967
297.36503302368084
297.3214518058473
297.2770723753668
297.2320194474564
297.1863159135229
297.1400421329416
297.09322266105346
297.0459688853468
296.9983084951114
296.95031860555093
296.9020072824387
296.85341617824537
296.8045476681157
296.75542011856226
296.70600179735186
296.6563472718139
296.6064388756432
296.55631549836755
296.5059826693355
296.4554483901272
296.4047537085354
296.3538776226069
296.3027926541146
296.2514692559426
296.19992781394103
296.1482331353799
296.09658379191507
296.04514143497914
295.99394859021396
295.9429538523591
295.89206182886653
295.84116595637425
295.7904794540234
295.74076208502896
295.6935200046105
295.65017546578065
295.6113021790438
295.57665433792926
295.54553006437766
295.5169939460113
295.4901490846451
295.464555012939
295.4401858471406
295.4173627624576
295.39642982455905
295.3779872043487
295.3625128478674
295.3506222290841
295.34288707320815
295.33986045163016
295.34194131159796
295.3494388795891
295.3625267128233
295.38133393390797
295.40590344422304
295.4362271833349
295.47213609943293
295.5134858821941
295.55994275705626
295.6113265906755
295.667407820838
295.72793174294213
295.79259214213704
295.8610910183477
295.9331974694446
296.00859561952353
296.0868198249665
296.1674664015335
296.2234592894394
297.1488021893708
297.164812585232
297.1812219567828
297.1979974563615
297.2150906133195
297.23245403656574
297.2500410958804
297.2677221347956
297.2854849984273
297.30322656168187
297.32090605344257
297.3384482292085
297.3557656641853
297.3727392544361
297.3893908289211
297.405583492185
297.4213211748111
297.43648943263753
297.4510448803552
297.4648751221125
297.47799439533424
297.4902920695179
297.5016769322118
297.512093315123
297.52149719077755
297.52984318873547
297.53725589048395
297.54398678111386
297.55003984168115
297.55557802385863
297.56055526719445
297.5650762696547
297.56924484368034
297.5731646953766
297.576982484275
297.5807445486524
297.58442970605626
297.58627720094955
297.5865366441712
297.5856455434191
297.5838721799449
297.5812499439233
297.5779984694202
297.57414184775376
297.56974828306323
297.5648902700811
297.5595962114831
297.5537705153899
297.5475196263235
297.5408797184695
297.53382876901543
297.5263968447874
297.518676117516
297.5105841121826
297.5022193322377
297.4935506829061
297.4845919045733
297.47533432786406
297.4658251743878
297.4560202717152
297.44591797742
297.4355907340133
297.42498079262964
297.41411530421317
297.40296348777974
297.3915738133446
297.37991253987286
297.36796791687226
297.35577408298326
297.3433571042013
297.33062508423933
297.317659240171
297.3044220775233
297.2908969412803
297.2772292490678
297.2634892897578
297.2497470408178
297.2359550380521
297.2219897966356
297.20780311291253
297.19332920540586
297.1787658054112
297.1646255614911
297.15156832236556
297.1398755672292
297.1292951106424
297.11929608266496
297.10953297200643
297.0996757123511
297.0895799563941
297.079391365732
297.0692068698915
297.05926536589476
297.04962772305026
297.0404858869067
297.0319851653517
297.02443236156313
297.01798652274925
297.0127978144636
297.0089128291914
297.00634435113335
297.00511020309045
297.0052333744318
297.00669293956184
297.0094275511842
297.01339899845243
297.01852371578224
297.0247689424392
297.0321325135974
297.040564160442
297.04997994759816
297.06033792192176
297.0716145149529
297.0837373806935
297.09674999694226
297.1104736514029
297.1248148507489
297.13977389847327
297.15028298133547
303.56660131015434
303.5990778921609
303.6344935160101
303.67282064901485
303.7139761486395
303.7579603145076
303.80454916432694
303.8534256047387
303.9044188485644
303.9573678614497
304.0121800037611
304.068687877508
304.126526323303
304.1854880923544
304.24535093262244
304.305940468264
304.36685579565096
304.42781448149464
304.4885739763104
304.54892064169417
304.6086362671709
304.6673372117238
304.72461852639844
304.7802794505522
304.8339965682097
304.8856237731372
304.93488959569333
304.9816668840395
305.0257186743724
305.06685343937926
305.1049663798554
305.1403944974557
305.1734372855184
305.20418331951083
305.2327213772357
305.25910823587776
305.28329375577266
305.30410426228815
305.32155055054386
305.3357957251216
305.34691579646017
305.3550743271713
305.36042765897014
305.3631116858924
305.3632837098671
305.36095888209525
305.35633439341336
305.34941114282185
305.34034040392135
305.32925835985213
305.3162254842788
305.30133574195696
305.2846892065067
305.2663298690265
305.24633707279946
305.22482230109426
305.20180551782533
305.17734223496507
305.151511993355
305.1243690173465
305.0959595451431
305.0663163560792
305.0355280418459
305.0036144637444
304.97060549500225
304.9365444256143
304.9015031243937
304.86549686011716
304.8285371021938
304.79065951415976
304.751903128655
304.7122917172659
304.6718493655842
304.63060102700024
304.5886001609159
304.54588557700777
304.5025017467072
304.45845477572607
304.41381943808847
304.3686298821707
304.3228898612567
304.27665789893103
304.2300033738888
304.18313471979945
304.1364444548624
304.09025835702283
304.0445585261926
303.9993458195519
303.9545886614787
303.91030802851486
303.86684317346163
303.82450210967096
303.78342611876764
303.74379071341934
303.70582722827385
303.66976372987955
303.6358576059366
303.6042337358885
303.5750439754596
303.5484342516619
303.5244697433187
303.5032443998265
303.48476241390716
303.4690831034548
303.45627588677536
303.4463766010872
303.43942986104395
303.4354278119678
303.43448265490053
303.43657424834316
303.44175266486525
303.44993186175583
303.4612579893105
303.4757409232659
303.4933443971506
303.51400167570586
303.53765876301844
303.5643230313129
303.5841373618883
299.0046728098391
299.0429357811432
299.0836372700225
299.1265741914482
299.1716793209698
299.21876243297913
299.26773737277364
299.3182717646925
299.3702030320567
299.4234241463094
299.47767397177824
299.53276593142294
299.588402449919
299.64432225856666
299.70029203849384
299.7562356526735
299.81178215404015
299.86670518846364
299.92070961621
299.97362594729066
300.0252662784474
300.0753730316682
300.1237257951017
300.17008519470573
300.2143137577612
300.2561701894018
300.2955565327137
300.33235979878987
300.36646518721693
300.3977883849169
300.42628162504815
300.4522147874241
300.47597244972195
300.4978856649295
300.5181585871803
300.5370940510048
300.5545164458581
300.5687155571528
300.5799478252731
300.588324995861
300.59402922235205
300.597216997635
300.5980639080326
300.59669002990125
300.5932264716922
300.58779369617764
300.58045385050593
300.571267830247
300.5603410789246
300.54776868715123
300.5335794739546
300.51787587302726
300.50069267443234
300.48213970371995
300.46221901276687
300.4409963799243
300.41852958918395
300.39488350364945
300.37004785268095
300.3441194635152
300.31714563197477
300.2891145356916
300.260123253104
300.23014656839223
300.1992472304843
300.16746013063374
300.13478651947787
300.1012967284593
300.06701424090693
300.0318849330782
299.9959958120592
299.95937234199033
299.9220210264625
299.8839708680466
299.84523250072067
299.8058586450665
299.7659250690048
299.725410129566
299.68433089473024
299.6427298033203
299.60056497889605
299.55798520977925
299.515079393733
299.47213528488606
299.4295357436121
299.38751092242654
299.3459935047635
299.30491273466293
299.2641821371492
299.2237402392917
299.18385224981705
299.1447347625402
299.1066120628649
299.0697004657708
299.0342261247053
299.000485619971
298.96879037462026
298.9392728413255
298.9122505384439
298.8879058314939
298.86637689853256
298.847798921883
298.8322407562922
298.81982006574987
298.81065097639055
298.80475836321443
298.80220965886673
298.8031164951687
298.8074679642924
298.81528307249147
298.8264983994197
298.8411037691844
298.8589841663092
298.8801824761731
298.9045933021595
298.93198076858147
298.9622638721511
298.9953271638479
299.0193026753244
306.227380589134
306.2629461103181
306.30166141491344
306.34342122786217
306.38794561973094
306.4351471513884
306.4847963899084
306.536743086613
306.590795521438
306.6468223056662
306.70462060689806
306.7640158908634
306.824844922147
306.886930672241
306.95004679274314
307.01400553669447
307.0786389933252
307.1437082803912
307.20906804944684
307.27444456083873
307.33964335905705
307.4044538083281
307.46865988303006
307.53202791385365
307.5942907530547
307.6552746080147
307.7147284598028
307.77243700273596
307.8281370581966
307.88166472137834
307.93280937887715
307.9814272341537
308.0275053006262
308.0710189918128
308.1120513272288
308.15073391451347
308.1871910908421
308.22098344818556
308.2516999696345
308.278835469551
308.3021079048156
308.3214153032976
308.33675727540424
308.34816640619295
308.3557624782298
308.3597354608105
308.3602358340242
308.3574380979097
308.3515200377751
308.34260780657524
308.330908085826
308.316535721815
308.2996866200032
308.2805003557106
308.25912081213943
308.23567150927465
308.21027968831385
308.1830751798982
308.15412823260334
308.1235932803488
308.09151572247583
308.05801618259306
308.0231463652688
307.98700751469994
307.94966329291304
307.9111567021012
307.87156868339156
307.83093365936895
307.78930091794547
307.7467663753867
307.70332816733986
307.65904087211385
307.6139173274757
307.56804437496845
307.5214386934241
307.4741216717223
307.4261460513223
307.377573658647
307.328426635225
307.27871853545076
307.22854566482073
307.1778474293584
307.1267256439932
307.0752076156276
307.02338377504293
306.9714178384773
306.9193741593309
306.86744360987234
306.815699631504
306.7642183567022
306.713045783478
306.66230628346585
306.61217267822144
306.56283688141644
306.5144119045932
306.4671920177274
306.4214165557091
306.3773618698607
306.3353825386319
306.29571948053206
306.25876002783144
306.224711000462
306.19387738105456
306.1665067317277
306.1428371628733
306.12302958317605
306.10719760539797
306.09551416419094
306.08801199230055
306.0847935058497
306.0858635847287
306.09119127659744
306.10074347167244
306.11443051677526
306.1322109501824
306.15393114915446
306.179467429575
306.2086516066054
306.2304653643679
300.86950322676466
300.9153086020826
300.964733351605
301.0176197013395
301.0737604704445
301.1330079577344
301.19508052606375
301.259899434421
301.3271925943911
301.39677346900044
301.4684189244806
301.54193390842147
301.6170545493314
301.6934498630274
301.77091828095445
301.84914643889516
301.92786965078
302.00678170961737
302.0855759966149
302.16397426756856
302.2416308309993
302.31830385929766
302.39366223961224
302.46747470233447
302.53941931997787
302.6092542952675
302.67677914150204
302.74168266233323
302.8036960494581
302.8626716185953
302.9183611800156
302.9706676559567
303.0195506415664
303.06509125989095
303.1073237089449
303.1463342152181
303.18217394209046
303.21424130817746
303.2417993205421
303.2644622011851
303.2820774942641
303.2946786840671
303.3023379782844
303.30531905634695
303.3038196979547
303.29810690004365
303.2885037774459
303.27516787059545
303.25836227337646
303.2383094325555
303.21526556726616
303.18941323599415
303.16099760562327
303.1301796502673
303.0971608548925
303.06211003661673
303.02521836068195
302.98658302271326
302.9463569500857
302.90468384838863
302.86166321816734
302.8173895467813
302.7719939969255
302.7255518257561
302.6781525787282
302.62985497216886
302.58078324182196
302.53089644974557
302.4803404675471
302.4291661591914
302.37739893274653
302.3250853863027
302.2722930848523
302.21904177769517
302.165367984472
302.1113425751102
302.05696051176284
302.0022539830431
301.94725711463605
301.8920014065823
301.836522037434
301.78089817842977
301.7250405509118
301.66905141278124
301.61294811154295
301.55674601578517
301.50048684239937
301.4442557342955
301.38809668764986
301.33211646181314
301.2764197819882
301.2212961669974
301.1669734646307
301.1137699290611
301.0619636966207
301.0118399042816
300.9638259535991
300.91820014196406
300.8752911435947
300.8354460222778
300.79896533545576
300.7660365451494
300.73695366641516
300.711931358589
300.69114750755114
300.674754624329
300.6628717493506
300.65554967844395
300.65292896772684
300.65505394576786
300.66195349488106
300.6736028933676
300.68998892444114
300.7110108785643
300.7366185985871
300.7666779556724
300.8010442914227
300.83955684576665
300.86803317942685
305.50712986196515
305.5378002936967
305.5714076574466
305.6077480840961
305.64672007251966
305.68816988217327
305.7320160895679
305.77808673033314
305.8262846067929
305.8764885138549
305.9286094195804
305.9825135730154
306.03809294012035
306.09520353652204
306.1537359250969
306.2135244240572
306.27448758732623
306.33637868038994
306.39910635091684
306.4624229697031
306.52615679256235
306.5901145304004
306.65406366164564
306.7177973078131
306.7810962854989
306.8436840314045
306.90535719704735
306.96587119654004
307.0250141303014
307.0824819569699
307.1380709111474
307.1916231795633
307.2431011468252
307.292454583597
307.3397372384327
307.38498019084676
307.4282957568296
307.46914509386573
307.5068904641327
307.5409578809242
307.57095258282
307.5965882857757
307.6178173341851
307.6346844411651
307.64735293245474
307.6559424939274
307.6606659204733
307.66167969225177
307.65915538529043
307.65331701717605
307.6443100376786
307.63232198565584
307.6175892086448
307.6002456158186
307.5804664908766
307.5583961737258
307.53419420551955
307.5080163837302
307.4799698930929
307.45016602773006
307.4187460056576
307.3857775342085
307.35137907365834
307.31560602965004
307.2786116053243
307.24036017135046
307.2009863272707
307.16053505524485
307.1190729830859
307.0766419153823
307.0332851905653
306.9890689321854
306.9440350988627
306.89818461945526
306.8516422343728
306.8043868027843
306.7564763944753
306.70793268610714
306.65887223365985
306.6092662648273
306.5591937074113
306.50865622887454
306.45767884808333
306.4063464902292
306.3546873259791
306.30280828021574
306.25079543978023
306.1986994297432
306.14659632935604
306.0945223770033
306.042630960014
305.99100662338475
305.9398193009398
305.88930058498113
305.8396734327274
305.7912075015138
305.7441645467032
305.6988698924426
305.65563544672307
305.61472119019464
305.576489410596
305.5411773587379
305.5090698369824
305.48032385179323
305.45520305693157
305.4338617982955
305.41642247213844
305.40293630820514
305.39352544565423
305.38816541283524
305.3868809733236
305.3896192364723
305.39632748635046
305.40689628429845
305.4212837669676
305.4393102168177
305.46078794043444
305.4856708597356
305.50442113817337
305.02460071661454
305.0544402145112
305.087514833485
305.12366248156394
305.16281793779893
305.2048158404353
305.2495101633657
305.29678386420534
305.34645331753376
305.39841991244134
305.45255245641624
305.50866361321823
305.56664181739814
305.6262284854888
305.68729080535695
305.7496028902923
305.8130164321836
305.87725365634554
305.94218137397445
306.0075370804554
306.07305569506633
306.1386123424059
306.20395834012436
306.26886859813527
306.33316198907846
306.3966371527467
306.4590395832607
306.5202022176356
306.5798957659321
306.63794044269326
306.6941186441287
306.7482424447533
306.8002717788225
306.85008573495224
306.89771672226635
306.9431432462034
306.9863398686534
307.02702275874157
307.0645584439
307.09852888371694
307.1285914597681
307.1545692802224
307.17638849160085
307.19404908328875
307.20767930255545
307.21729986809237
307.22320486087466
307.2253770540619
307.22405657750926
307.2193548408418
307.21145433169374
307.20052388636503
307.1867118982431
307.1701780921659
307.1510655950661
307.1295670325066
307.1058139279234
307.07989712951246
307.0519751692425
307.02219276418396
306.9906159364433
306.95742241412046
306.92266104002994
306.88644358670706
306.84888070046526
306.8100346905132
306.76997074289886
306.7288061198253
306.6865994895059
306.64339474003566
306.59929228007087
306.5542703672765
306.50849737881117
306.4619438432506
306.4146862673825
306.36675022267605
306.3182205149645
306.2691020488535
306.21946213839
306.16934264783225
306.11876472028814
306.06776956049174
306.01637995893554
305.96470200619643
305.91267571208
305.8603919744275
305.8078896025309
305.7552528142067
305.7025504126675
305.6498467849574
305.59729761463973
305.54503380243597
305.4932636596858
305.4422018542767
305.3920780892013
305.34314530501433
305.29564615599253
305.24987527126535
305.20610216926485
305.1646015625073
305.12559750905746
305.08941277082374
305.05622308737566
305.0262609866824
304.99970506149714
304.97674865094683
304.95745446299713
304.94202245327915
304.93047599055535
304.9229148724868
304.9193676520665
304.91979534505856
304.9242633693744
304.93265557952657
304.94495029186834
304.961069074447
304.9809304492536
305.0043700663964
305.0223196563703
302.81799316032834
302.8878947005872
302.9566261111933
303.0241586273616
303.09047388833386
303.1555695565022
303.21893329502507
303.27946811237126
303.3369305866653
303.3912759379617
303.4426135807256
303.49050582271667
303.5343101804229
303.5740510322411
303.6099469355801
303.642097346039
303.6703154231523
303.6943751765828
303.7141910544
303.72977609238325
303.74122155033854
303.74815334747586
303.7504066668425
303.74796288826747
303.7406515416902
303.72844253326207
303.71145588906666
303.6898994105115
303.6641047470601
303.63449632645955
303.6017489653336
303.56796794072415
303.5352307953177
303.5045037139378
303.4760845795909
303.4501917709469
303.42704273601305
303.40374919146706
303.378169388363
303.35021430229534
303.3199781367337
303.2876410470082
303.25354104131446
303.2179263545873
303.18116799022806
303.1435795395717
303.1053276043687
303.0665122194532
303.02727740396364
302.9876115192247
302.9476046589327
302.90734689773575
302.86690805483016
302.8262277002083
302.78544760134406
302.74451637269186
302.70340866308845
302.66223932029055
302.62094250581515
302.5795356063324
302.53803606368933
302.4964524740767
302.45477408689527
302.41292140849305
302.37091819997136
302.3287273827992
302.2863305126964
302.2437017604904
302.2008660975226
302.15777949542087
302.1145411880243
302.07108988457685
302.0274218700163
301.98347103144323
301.9393664257467
301.89501947600877
301.8506795171467
301.80655748149115
301.7626858334689
301.7190079232047
301.6754755342608
301.63196725294466
301.58890631239086
301.55017083572665
301.52110132438077
301.5029052297327
301.4927499107627
301.48752872896375
301.48506094885266
301.4839204674734
301.48316829934134
301.4822558891547
301.48201418460513
301.4837833427965
301.4889776643226
301.49959577806186
301.5168134766913
301.54083502726036
301.57126413246505
301.60767652036844
301.6497916115196
301.69715725408804
301.7491539655976
301.8053957369073
301.865199146011
301.9275320226423
301.99202055343017
302.058369345188
302.12648963721085
302.1960699575729
302.26649690206807
302.3374676525902
302.40900472870436
302.48106575953955
302.5532955684322
302.6251817862085
302.696525678317
302.7673551479772
302.8152578069957
