294.98210786607007
295.19234233709034
295.39610594737866
295.5923797042524
295.7810389616762
295.96086518834267
296.12470168619376
296.2765950572276
296.416651753694
296.5449758449631
296.66032294540224
296.7583283526395
296.8419796596352
296.9114035808415
296.96677506737365
297.00734636948545
297.0308800184033
297.0389781116641
297.03193937926136
297.0099696665748
296.9720626327209
296.91764808620115
296.848300742079
296.76438586290084
296.6662420313889
296.5555179402508
296.43385452060465
296.3009310139314
296.1571434097143
296.0027764113336
295.84778400263934
295.695658216571
295.5421196443042
295.3875044452867
295.23207951644883
295.07930450114605
294.9289571843109
294.78018705737315
294.6322626991304
294.4851116144845
294.34536745588326
294.2058438722857
294.06548843028935
293.9271616900397
293.79040656512166
293.6484764454833
293.51283760363435
293.3788471859365
293.24645609068295
293.1156901864796
292.9865804340281
292.8591394479809
292.73335552014
292.60917414692364
292.48667742346754
292.3658968011575
292.24681138209075
292.1293842241432
292.01360029726044
291.89940947738876
291.7865236504951
291.67513388124536
291.5651938811117
291.45664098188644
291.34952743589184
291.2441490095366
291.14001885788946
291.0372108095111
290.9356708743934
290.83526024627946
290.7356399210515
290.6371406128876
290.539702190225
290.4483777001865
290.3664114422728
290.2776144701067
290.1899668560768
290.1066667677587
290.0132454255463
289.8981949121846
289.834905064274
289.8078456926857
289.79558595580505
289.8772627627713
289.901443540621
289.9362955796589
289.97695891353976
290.021952549447
290.07032493182595
290.1197554160965
290.17019561615047
290.22364296097885
290.2804210460158
290.3406287587996
290.4158935965764
290.5042358616158
290.6033151044529
290.71353561745315
290.8353433571458
290.96926207862623
291.1153144303591
291.2730548550433
291.4425755924033
291.62392169695653
291.812793024138
292.0111523578001
292.2192489575248
292.43690712376326
292.66373491527435
292.89377957814224
293.12909836949035
293.3694867610093
293.61463547184854
293.86273355018926
294.10033305054566
294.334559311225
294.5654545606174
294.7927687191819
294.9452468089128
295.163558081342
295.36983961854224
295.56620563349077
295.7533138509363
295.93166213600796
296.1015401913649
296.26171114322153
296.41095681910264
296.5489498784848
296.6756104368232
296.7908978124379
296.893189463466
296.9810186751639
297.05441842581104
297.11367835735217
297.15905419362826
297.1897953859376
297.2055556392105
297.20655084269447
297.1930573398237
297.1653428773804
297.1231431656208
297.06671058533414
296.99631763898725
296.9122249110792
296.814904867955
296.7064037400529
296.5878424762081
296.4593686197421
296.3210595815982
296.17445265340547
296.0264463087996
295.87919353844103
295.73272522879705
295.586914312481
295.4422388679405
295.2998338428237
295.15874192675744
295.0185558853771
294.87747194201415
294.7376163446018
294.6022624493896
294.46874445053453
294.3365932700482
294.20619454678877
294.07599280878065
293.94341752060416
293.81312663062846
293.68491495402935
293.5586385054967
293.4343042219671
293.31180785968127
293.19107846733567
293.0720641195163
292.95467548711423
292.8389080464565
292.7247013881833
292.61210648151786
292.5011021023118
292.3916503514869
292.28362158437415
292.1769189749478
292.07154251078754
291.96746151479965
291.86470840101896
291.7630896217463
291.66259641607905
291.56322878937823
291.46499690081794
291.3678477177609
291.2718864865878
291.1769122064149
291.0829025450216
290.9898223488605
290.90629176644035
290.82788123029883
290.7465353931694
290.6654403516762
290.58570213345456
290.49392708831584
290.3998433347393
290.3520450013841
290.33932155010206
290.3980950674312
290.4840253610908
290.5541505523925
290.6122406121758
290.66413810222576
290.71246958622964
290.7570809566753
290.7978423193866
290.8400025786744
290.885049259212
290.933066287237
290.98610317102816
291.04949073256415
291.1246430460957
291.21191503636896
291.3112878698016
291.4224268819211
291.5448888131698
291.6788824944598
291.8246541073853
291.9822351555753
292.15151387098103
292.33219867595005
292.5234659292269
292.72462296617863
292.9351221608171
293.15350927279513
293.37773509224917
293.60670346775
293.8396151319585
294.07601644655995
294.3105643879661
294.53941874815143
294.76300665516834
294.9815592335339
295.1273679441813
298.0473537863758
298.1275125311384
298.2060944185482
298.28297186871
298.35809013306334
298.431399934371
298.502723970919
298.5718855409479
298.63874426091945
298.70327337245686
298.7653526267281
298.8245897272572
298.8807122237124
298.9335878979871
298.98310094632836
299.02913667895166
299.0714034906852
299.1096747612949
299.1438381071769
299.1738358242041
299.19949180014004
299.2204439349686
299.23658214267857
299.247897683749
299.2542740344463
299.2557217375577
299.2522197262966
299.2437721977415
299.2304391698933
299.2122313213553
299.18968929096735
299.165095992937
299.13880972271664
299.1110583815066
299.08188610235504
299.0514999686001
299.0199941704612
298.9858109407753
298.9487812558643
298.9080842793047
298.8654914297711
298.8218915484081
298.7771868406409
298.73146078721174
298.6849429029853
298.6372609946982
298.58763860395914
298.5372245818492
298.48610535014024
298.43441155106603
298.3822290387059
298.32962007022905
298.27668883560887
298.2234556378536
298.1699842002588
298.1162893606021
298.06243468924055
298.00840066464593
297.9542437292111
297.90000338745284
297.84564873408056
297.79123833460227
297.73677559340416
297.6822613183359
297.6277359922083
297.5732089794063
297.51869085023435
297.46419513560386
297.40977566447276
297.355396115582
297.30102204312885
297.2467115156339
297.1924135019484
297.13818010889867
297.08627648722387
297.0347183417027
296.9834277456364
296.9326060731111
296.8821715759031
296.8305399314898
296.7792974023623
296.73647732025637
296.69460922376385
296.6571246192798
296.61928182508706
296.58429051577605
296.55279567200733
296.52487461417144
296.5006453070028
296.4802645092027
296.46448863748407
296.45347538501755
296.44730314780816
296.44599809003927
296.45065130819467
296.46338092207753
296.4841987338992
296.51308310516123
296.55000271599766
296.59418009086534
296.64447549077636
296.70074687740833
296.7629242785986
296.83093143914806
296.9033110918145
296.9783580408151
297.0559406279732
297.13598789976186
297.21843371231614
297.30231123435806
297.38677851355374
297.4716589628719
297.55683103090536
297.64222613914734
297.72733475960706
297.8116573699554
297.89503361113134
297.97746607828094
298.0328902980628
296.48769964720395
296.5923423293659
296.69164419469166
296.78557526368627
296.8744976875985
296.95888682733096
297.0379144629747
297.1101335580082
297.1755480604934
297.2345699580657
297.2875356025517
297.33353432306245
297.3712998683855
297.40099513654076
297.42302942321305
297.43783200975327
297.44484764049054
297.44330909185385
297.43335091893584
297.41510866318856
297.3887826428479
297.35374317843116
297.3095063430373
297.2561800733732
297.1940765678792
297.1234571121233
297.0449879056514
296.95960731725216
296.8680924061554
296.77083437890934
296.6685795994826
296.56571827669353
296.46649993339014
296.3729148417444
296.2857997977199
296.2055450531654
296.132761702135
296.06483328622704
296.00040332887613
295.93910266983397
295.8808447134461
295.8259288674754
295.7739573680862
295.724119445122
295.67637116210653
295.62984755933064
295.5804696679578
295.53005391123867
295.47985073748833
295.4304509321967
295.38201114057415
295.33437304705984
295.2874580784461
295.24125996160126
295.195718403946
295.15078434161234
295.1062598132374
295.06191608923103
295.01776579765357
294.97374769853576
294.92972249366164
294.8854113082873
294.84067468771605
294.7954887837814
294.74988631725415
294.7038194061139
294.6570415329356
294.60948433308204
294.56119251373474
294.5122189024654
294.46253105034145
294.4119082731992
294.3604168820982
294.3080762568106
294.25717987398934
294.2091268631836
294.16228278436415
294.1151678416693
294.0672427070479
294.01719455029126
293.9643054476499
293.91522328885617
293.87746770256956
293.85924472776804
293.85838263046804
293.86677685619594
293.87785172657914
293.88582412048413
293.8868816500055
293.8799922943274
293.8729913226656
293.87291310077103
293.88299862305576
293.90448778644804
293.93751825908964
293.98212867976434
294.03829485131104
294.1056406320969
294.1836401961012
294.2712428333957
294.3668708350432
294.4692601089296
294.57765608777214
294.6914752737779
294.80985389922006
294.9310304438532
295.05410073222686
295.17881642679095
295.30521742593413
295.4324666790902
295.558818343824
295.6838466268737
295.807730714526
295.93073019098046
296.05182087571916
296.1690904021419
296.282442498914
296.3923286559759
296.46529958228274
297.67896382153543
297.7689821933047
297.85413580067325
297.9342566401152
298.00981178289123
298.08122611410704
298.14827773383644
298.20969291765596
298.2651523052572
298.31487875044377
298.35929304531066
298.3980579252164
298.43033686462786
298.45604043808186
298.47535199726343
298.4885577078642
298.4953736812501
298.49503302954327
298.487542649125
298.47310647366623
298.4519535000647
298.42387231197546
298.3884231244104
298.34574335119834
298.29593603860457
298.2393399853691
298.1766188098367
298.1087227249153
298.0364440139528
297.9604259684733
297.88141839458365
297.8038920975371
297.73252715840977
297.6701038729212
297.61818322898307
297.57741554416975
297.5445588092722
297.50002286060345
297.4462431772793
297.3876519734132
297.3264961304683
297.2644896762761
297.20286490252914
297.1423871840833
297.08354119422086
297.0265494681023
296.97149409384656
296.9182953999025
296.86692211370416
296.8172064276671
296.76914286948414
296.7226082820084
296.67753474858034
296.63382570057587
296.5914316205387
296.55026167473875
296.51025334739074
296.4712405421921
296.4331203704047
296.39582891165503
296.35929711891595
296.3234431459387
296.28815610957275
296.2532421146856
296.21858830024615
296.1841425097779
296.14980113950395
296.1154939947601
296.0811152590408
296.04657357168884
296.0118138699053
295.9766796075138
295.9410720327123
295.90498017409016
295.86964780924234
295.8361408071307
295.8040738406948
295.7726937944456
295.7413522845566
295.70884296771925
295.67392463483327
295.6405342522115
295.6144744876169
295.6026679125897
295.6068842294824
295.6214443995812
295.6380337338728
295.6496831377832
295.6522921208224
295.64476413064534
295.632681617609
295.62196111030073
295.6162091608311
295.61744054197203
295.62690671686704
295.64571834098604
295.6749040769999
295.71501859403537
295.7660666156774
295.8274467464638
295.89783485271585
295.9757809946581
296.06026610634746
296.15047247590894
296.2455756638678
296.3439533906298
296.44459372474756
296.54701253418875
296.6510299352238
296.75627741073527
296.8614088815881
296.9657905340171
297.06925960338145
297.17195014290104
297.273367966597
297.3720621873179
297.46753463860466
297.5599602518276
297.6212205941616
296.16769166542537
296.23092969170017
296.2952966817271
296.36051037283147
296.426283430809
296.4923330078986
296.5583975659349
296.62424367152306
296.68955242846584
296.75401211154656
296.81735323576163
296.8792932902301
296.93964537137055
296.9980631264279
297.0542807469296
297.10800339849743
297.1590725489318
297.2071747505009
297.25207882962377
297.29352489517953
297.3312797990948
297.3651862136858
297.39506155467393
297.4207642158697
297.44216219800336
297.4591195312006
297.4715431638996
297.47945614927994
297.4829106712246
297.48206458829685
297.47706968725845
297.46815708545813
297.4556676010997
297.44001964297985
297.42180654093505
297.4014507230291
297.379488631993
297.35628080335533
297.3320800756739
297.30698566268404
297.2811113694011
297.2545753636135
297.2275658682129
297.20018303778687
297.1725787209141
297.14481523033015
297.1169375479856
297.088745089835
297.0601242345067
297.0310446570965
297.0015860862395
296.97176551092343
296.9415915888515
296.91113168502346
296.88041261804364
296.84946025992764
296.8182729015888
296.78692672461455
296.75541973890756
296.7238189475622
296.6920726806687
296.6602344264491
296.62823771003923
296.59610008001437
296.5637336859827
296.5311795229811
296.49838478222534
296.4653595440843
296.432075749092
296.3984905459586
296.3646273730599
296.33047212853404
296.29596702289183
296.2610675698417
296.22579228729273
296.1901714905779
296.1543438409573
296.11847358818517
296.08256143790703
296.0465427793764
296.010365336533
295.9738984431612
295.9373316475066
295.90124145199485
295.8667330019545
295.8347807929075
295.80574494959893
295.7794043145722
295.7551842857787
295.7323788596331
295.71029872980483
295.6886115859834
295.66734392211384
295.64678172026413
295.62721017609925
295.60916983287746
295.5930518674543
295.5793878148787
295.5687055430005
295.56149956751887
295.55812235388964
295.55888288225265
295.56397799381375
295.5735335315096
295.5876173736405
295.6062433780842
295.6293386658897
295.6568131404844
295.6884432352278
295.72410545343826
295.76363659302064
295.80682574080635
295.85343789690955
295.90322810625173
295.95597605715494
296.0114532201584
296.0692843889095
296.1291306630587
296.17079420219704
296.9242415766402
296.93614887917454
296.9483846689625
296.9609104068159
296.9737378479485
296.9867935519511
297.0000672514225
297.0134135063849
297.02679889325475
297.04016248470936
297.05344799083537
297.0666342923155
297.07962176756666
297.09231352173987
297.10474221150827
297.11680898691344
297.128485281388
297.13969252883476
297.1504037824172
297.16052177748094
297.1700604339128
297.1789252228063
297.18705710612284
297.19441446587786
297.2009702794688
297.20670517697323
297.21168109932876
297.21612519612955
297.2200299977633
297.223545186578
297.22660434920215
297.2293049039078
297.2317331738731
297.23396773900015
297.23610159282373
297.23818264974255
297.24014002953874
297.24067035624194
297.24013000476464
297.23877872333236
297.23686499097425
297.234397382805
297.23152848173584
297.22831961605357
297.22477151867105
297.22098352824173
297.21693726245917
297.21260719560996
297.20807138765514
297.2033322977671
297.1983989249655
297.19331453835576
297.18812035901357
297.18277488922274
297.17735787326643
297.1718251306826
297.16619538759744
297.1604497782062
297.15460750709343
297.1486558177532
297.14255435613336
297.13636383151334
297.1299798833662
297.12344377376706
297.11674756197925
297.1098750672176
297.1028153154561
297.09552997772806
297.0880677384111
297.0804284877797
297.0725213000463
297.06441541282794
297.05605647481104
297.04745792296586
297.0387028637841
297.02985807147843
297.02099836503254
297.0120794213373
297.00297750632234
296.993680518392
296.98408523430567
296.974369650608
296.9649861024233
296.95633158080784
296.9485204261466
296.9413089245923
296.9343819412567
296.92744710628176
296.9203236625984
296.912902373067
296.90526021599317
296.8974414495389
296.8896265629871
296.88184554870367
296.8742772612022
296.8670194312415
296.8603756386047
296.8544507293852
296.84938222028046
296.84524818409307
296.8420633315519
296.8398692023789
296.83869386274966
296.83853947351014
296.8393824855604
296.8412125798289
296.8439672111118
296.84760288338913
296.85213944832986
296.85754637425987
296.86377354327306
296.8707808407682
296.87853992259267
296.88701828247224
296.8962174126951
296.9060061213657
296.9163105242024
296.9271474058047
296.93478786044847
303.8034016100531
303.8300309491192
303.858840811354
303.8898398662149
303.9229814002864
303.9582505267668
303.99545653019123
304.0343804821388
304.0748837930265
304.11680687662505
304.16009588250887
304.20461291693016
304.2500351114203
304.2962134702939
304.3429944171666
304.390218365714
304.43758757066206
304.48489886095206
304.5319645300824
304.5786301317546
304.62472479812004
304.6699667348383
304.71404424665104
304.75681389036066
304.7980197580831
304.8375407180823
304.8752082103742
304.9109442007843
304.9445621783898
304.97592163210066
305.00498163934685
305.0319378018244
305.05705338257775
305.0803503840278
305.10195181728824
305.12183747070196
305.1400024601402
305.15567486526015
305.1688880047258
305.1796702862533
305.1880712325453
305.19421446936866
305.19823419513114
305.20017451184367
305.20020173053194
305.19830054445197
305.1946185091328
305.18912772539926
305.1819670834421
305.1732097442353
305.16291980083275
305.15113177483323
305.1379529848279
305.123389831704
305.1075195746653
305.09039953252545
305.07206111699986
305.0525531301681
305.03193074397797
305.0102246052977
304.98746517894153
304.9637033344135
304.93900041448325
304.9133707827504
304.8868264445715
304.8594096779456
304.8311758486647
304.80214272354254
304.7723262857884
304.74173911037207
304.71043210145774
304.6784150833591
304.64572599970205
304.6123855504811
304.57840078870527
304.543831943837
304.50874773982747
304.473164133803
304.4371841426248
304.40081097982323
304.36404966875995
304.32694579205264
304.2896029717646
304.2521812146487
304.21493059862274
304.1780935626087
304.14162556716263
304.10550035678875
304.0697404622894
304.03432297725135
303.99952903878767
303.9655916919174
303.9326215480019
303.9007373940509
303.87017272039384
303.84110307348925
303.81372902395486
303.7881917954302
303.7645603732349
303.74292839863875
303.7233698018221
303.7059746475643
303.6907568930605
303.67776741025574
303.66711805579973
303.65878131194756
303.65285717661476
303.64930194756806
303.64822142392654
303.6496086646909
303.6534983956093
303.659818522015
303.66868486676873
303.6801095407713
303.6940441814562
303.71043323459213
303.72919255031735
303.7503175427264
303.76598916930226
298.97874137809384
299.0085034531444
299.04013654739254
299.07351724606275
299.1085662109625
299.1451689308199
299.1832146840897
299.22246894575795
299.2627817155533
299.30405943748787
299.3461065738819
299.3887496852373
299.4317287112879
299.4748602900425
299.51792236007793
299.5608893802403
299.6034253197498
299.64541084259986
299.686586794779
299.7268454405295
299.7660463609661
299.80396052199205
299.8404403968674
299.8753260142157
299.90846730454945
299.9397107409385
299.9689792001781
299.9962140953579
300.0213300340405
300.0442606759473
300.06498743368746
300.08369924672877
300.10070112404185
300.1162261730118
300.1304116573841
300.14349890043997
300.1552890400059
300.1647217187828
300.1720546999821
300.17733344813445
300.1806584185118
300.18215161733025
300.18191799563493
300.1800590751688
300.17666003216505
300.1718089174748
300.16554222262556
300.15792396279375
300.1490087674188
300.13887569484814
300.1275472128562
300.11507893991114
300.1015327326559
300.0869388013757
300.0713552412828
300.0547875765021
300.03730321948444
300.0189420648621
299.99969193973214
299.9796299459465
299.9587771409375
299.93714948058636
299.91479701205475
299.89170173710454
299.86790977433697
299.8434485516882
299.81829778454335
299.7925231445127
299.76613536010603
299.7390906158235
299.71143622523704
299.68322356854475
299.65443088461143
299.6250641819171
299.595149620503
299.5647213227847
299.53383658005276
299.5025068135605
299.47073321615915
299.4385381301044
299.4059119416214
299.37296123107376
299.3397953893779
299.30666502482666
299.273816219204
299.24140861038876
299.2093455553985
299.17759501223657
299.1460504912448
299.1146868450303
299.0837005491298
299.0532659900063
299.02350722290987
298.9946354414514
298.9668147622265
298.94026932548593
298.9152761653684
298.89192967712466
298.87047641180374
298.851049468565
298.83377067248307
298.81875096993565
298.8060433772175
298.7957439516063
298.78793443993516
298.7826653408255
298.7799894476122
298.77997220664525
298.7826401176043
298.788008368638
298.7960141566173
298.80668143406297
298.81989444040556
298.8357408997124
298.854078509933
298.8747917293208
298.89777526394573
298.92293236995
298.9412423860996
307.10813283324416
307.1356308666916
307.1656846404041
307.19823315298527
307.2330470655809
307.27007660030915
307.30912453406563
307.35009019738806
307.3928053048299
307.4371703350567
307.4830021961548
307.53014109479307
307.57846250025676
307.6278312137425
307.6779965149371
307.72881049095315
307.78014762356634
307.8317798269487
307.8835823589684
307.9353031810382
307.986820271067
308.03796017501026
308.0885004957017
308.1382896344183
308.18709736976473
308.2347976362399
308.2811714756548
308.32607926391404
308.3692888312834
308.4107163489225
308.4501812852834
308.4875781386531
308.5229359317923
308.55619484134735
308.587473761787
308.61685558369766
308.64443751414944
308.6699090693866
308.69299559871314
308.7133795702071
308.73084630280994
308.74537252041466
308.7569286299299
308.7655734926072
308.7713869808013
308.7745185286858
308.775080004923
308.7732055738019
308.7689885088671
308.7625620711071
308.7540493157332
308.74355221475446
308.7311782939478
308.71706624097965
308.7012949681308
308.6839489666472
308.6651377738791
308.64493852940177
308.62340018848835
308.60064549530574
308.5766762816192
308.55160279960256
308.52545405386775
308.49828446648684
308.47013903405013
308.44107041352316
308.41110930160625
308.38027710368203
308.3486208499585
308.3161810960071
308.28298958893555
308.24905745250686
308.21438100008584
308.1790611569576
308.1430619056819
308.1064350423723
308.0691894279164
308.03139689851525
307.99306375765826
307.95419611446147
307.91487141520815
307.875053445416
307.83480524383515
307.794157337502
307.75318411325446
307.7120205595039
307.67068787688714
307.6293707101066
307.5880898225818
307.5469210152817
307.50588509464114
307.4651074847594
307.42469876589604
307.38484676877255
307.3456224336177
307.3072545228032
307.26998714351765
307.23399058071584
307.19957614492785
307.1669220634809
307.1363639647462
307.1080831798316
307.0823116112456
307.05922328059796
307.03904666177175
307.0219054258764
307.00790023176256
306.9971754068228
306.9897707345276
306.98576330601446
306.9851738957541
306.98800183536434
306.99420182394334
307.0037003850587
307.01651043176423
307.0324715410727
307.0515145414131
307.07352590930424
307.0900858961223
301.9674478833292
302.0028649496242
302.04114836022546
302.08218252768825
302.1258172360425
302.17194147608
302.2203438430823
302.2709526190027
302.32355392259035
302.37801413298723
302.43412999738615
302.49174852900444
302.5506618314033
302.6105626489048
302.67130996155043
302.7326461969328
302.79434522700143
302.85616897675806
302.91786703940767
302.97921115647694
303.0399230086015
303.0998292319017
303.1586786186699
303.21627846301084
303.27237911619295
303.32680470603634
303.3794096172254
303.42994247654985
303.47820819991165
303.5240946314342
303.56742121123966
303.60812085818037
303.646143171532
303.68158626258895
303.7144925288867
303.7448962678981
303.77287374724796
303.7979312958798
303.8195751848001
303.8375406237466
303.851742129917
303.862177668543
303.8689109921441
303.87213388634126
303.8720061058948
303.8687167793856
303.86249087599776
303.85343151108873
303.8417471330407
303.827569381753
303.8110717909751
303.7924002362829
303.7717087923555
303.7491295311593
303.7247912493109
303.69884781872435
303.6714023794485
303.64253135598995
303.61232632242576
303.5809294022445
303.548369650551
303.5147273833893
303.480114630284
303.4445759297202
303.4081801018355
303.37098785106645
303.33306240036393
303.2943732996974
303.25504900405497
303.21514133575545
303.17464014078655
303.1336055517769
303.09209034001975
303.05012512672516
303.00772372645037
302.96493536667896
302.92178950604745
302.8782927957839
302.834500908811
302.79044054581533
302.746138829066
302.70166315722525
302.65697000472795
302.61210412015674
302.5671447058565
302.5220652987849
302.4769061097008
302.43179642193473
302.38669755670867
302.34177233054714
302.29709113676967
302.2528587977375
302.20927205655636
302.16657232601983
302.12497497821056
302.0846892728338
302.0460443080769
302.0092679055698
301.9745944764501
301.9423137931229
301.9126567339044
301.88576696140075
301.8618857298519
301.8411469849334
301.8237459788178
301.8097601816945
301.79928479357585
301.7924220446726
301.78925751742867
301.7898543862279
301.79421947445337
301.8023553461629
301.81426058108
301.8298226441848
301.8490307055185
301.8717695138995
301.8979308258946
301.927374094067
301.9492205410475
307.8931022466725
307.91657807305313
307.9424987481176
307.9707186155824
308.00112978327405
308.0336342383248
308.06817589510814
308.10461848642205
308.14286996617466
308.18282308157615
308.2244069781086
308.26747695347075
308.31194395353526
308.3576880423348
308.4045803479468
308.45246656569867
308.50125422861066
308.55076407772094
308.60087482027006
308.6513976131763
308.70219668950796
308.75308235600977
308.8039153805479
308.854470399019
308.9046039082315
308.95407866057457
309.0027635017312
309.05044146186975
309.09696412904947
309.1420931008324
309.18569026166546
309.2276359578281
309.2679022121793
309.30643514919706
309.34332117697386
309.37858508185536
309.4123191559461
309.444104270548
309.47349969923016
309.50015771456117
309.5237736171463
309.5441469933359
309.56123805969224
309.57510244946315
309.58582701126574
309.59349811723416
309.5983091839458
309.6003118170978
309.59965566677226
309.59650027286654
309.5909254257418
309.58308068365307
309.57314294344565
309.5611671526193
309.5473323248045
309.53169477904703
309.5144022111042
309.49554744853685
309.4751947160315
309.4534422739551
309.4303771303997
309.40606666006113
309.3805618311333
309.3539102008172
309.32624215324574
309.29750250886167
309.26779929340347
309.23715320215365
309.20564093302863
309.1732376289609
309.14000931494684
309.10598813172277
309.0712247762582
309.03568650479804
308.9994919469032
308.96260091952786
308.92508456439424
308.88694203607616
308.8482808173421
308.8090458542373
308.7693493159758
308.7291604051245
308.6885301754111
308.6474863133181
308.60609612076223
308.5644251357278
308.5225284924955
308.4804817047159
308.4383262331536
308.3960920838968
308.3539213802617
308.31188190019617
308.27009570567304
308.2287840646548
308.1881091808041
308.1482694199116
308.1095177102464
308.0720781503267
308.03624402237165
308.0022112889911
307.9702540665601
307.9405896392582
307.9134284858835
307.888896611219
307.86724095623197
307.84855113599497
307.8329405676552
307.82047999775256
307.8112601602821
307.8052774436016
307.80256067927763
307.80308089381896
307.8068070966279
307.81365196088365
307.82359226543076
307.83649351619835
307.8522283258167
307.87074615636755
307.88483043181714
305.36937793685587
305.39193745566456
305.41720457447815
305.44504503068487
305.4754187561695
305.50820476774135
305.5432936520702
305.58055509494267
305.6199041032856
305.66120423579974
305.70436236586556
305.7492386641518
305.7956925128868
305.84353924016597
305.89263884949816
305.94282238593854
305.99393845564276
306.0457340560953
306.0981373726657
306.1509012074354
306.2038077533812
306.2567540363712
306.3095335576332
306.36196377034264
306.4139052574142
306.46517506340723
306.5155759307845
306.56496939427
306.6132022827122
306.6601119897121
306.70551618619953
306.74927031186024
306.7913649558599
306.8317012306567
306.8702772246205
306.9070722701188
306.94210565059905
306.975125952218
307.00571264756456
307.0335754544602
307.0584896867115
307.0803246108087
307.0990386463175
307.1146151045597
307.12710811574414
307.1365376073097
307.14310437179836
307.14681103361517
307.1477745481751
307.1460960657466
307.14187118534926
307.13522201428367
307.1262827465224
307.11512930053675
307.10188320434423
307.08667289463443
307.0696090570898
307.0507433447342
307.03019033398164
307.0080783413864
306.9844479491072
306.9594055133842
306.93301581932263
306.90538237828275
306.8765476555887
306.8465753641849
306.8155234368569
306.7834819662299
306.75050568898865
306.7166028738795
306.68187206144825
306.6462883582371
306.60998799813825
306.5729602900067
306.5352661522133
306.49690749992396
306.45797746631064
306.4184595120895
306.37843339937257
306.3379495395423
306.2969889527605
306.255617288256
306.21387260985006
306.17180055469413
306.12937714285596
306.0867073459033
306.04380052883494
306.0007301775359
305.95755530615173
305.9143321966221
305.8711831440038
305.8282194078384
305.78560832095394
305.74350019670663
305.7020720492486
305.66152186367697
305.62204507626683
305.5838674975779
305.5472192163873
305.5122926607804
305.47929182296104
305.44844810465884
305.41994634880405
305.39394101422766
305.37059591923247
305.35008105365176
305.33246429923474
305.31789494833544
305.3064390495207
305.2981826309201
305.2931517548517
305.2913730057234
305.2928514433384
305.2975382732587
305.3054283482296
305.31644674180944
305.33057071705457
305.34762726051133
305.3609183970793
302.03211973298045
302.09141519946445
302.1497528808152
302.20709986355723
302.26340520880456
302.31858530027296
302.37226729054515
302.4235263930751
302.47213512029117
302.51800942572424
302.5611976966551
302.6013291255137
302.63781066185703
302.6706551027743
302.7000999687429
302.7262070994734
302.748822692043
302.7677618634065
302.7829554698917
302.7944462914805
302.8023055520991
302.8063074504421
302.80635635240617
302.8024199150887
302.7944398100307
302.7824183693504
302.76645980815624
302.7467945780447
302.72366867758507
302.6974507717116
302.66863422014217
302.63891270878554
302.60990501945656
302.58241854102965
302.55670743394614
302.53299803435823
302.5114202438199
302.4898672583996
302.4669601467896
302.4426630265919
302.41707140720575
302.39032236634733
302.36262807599394
302.3341288946956
302.3049973881506
302.2754202826352
302.245492387033
302.2152384741828
302.1847152840093
302.1539618229437
302.1230110307203
302.0919243489041
302.0607852913504
302.0295584080364
301.9983692566396
301.96723012502986
301.9361231358193
301.90512308604207
301.87418731520603
301.84333394965944
301.8125206235023
301.7817676304012
301.7510081197918
301.7201467270747
301.6891900211362
301.65805991013855
301.62674323000755
301.5951910684003
301.56338401830607
301.53129466612586
301.4989723765947
301.466356342296
301.4334330716311
301.4001280721318
301.36656331275185
301.3326438031639
301.2985669210192
301.26451152959106
301.23052552805405
301.1965704598458
301.1626084730177
301.1285849209241
301.09472419434974
301.0641226687062
301.04144578980055
301.0267408593455
301.0169570119798
301.00972153333703
301.00379271100275
300.99850417600493
300.9935769117667
300.9888188167479
300.98482781014485
300.98239607424944
300.9825223551882
300.98676929443815
300.9961627608215
301.0109543824755
301.03093614205187
301.05578891824405
301.085388871804
301.11943362476336
301.1575231300328
301.19941805499093
301.2445999926879
301.2923413395863
301.3423240614815
301.3943218105854
301.4482765607788
301.50393290095474
301.56075369409757
301.6184062935087
301.6768002893722
301.73585122934094
301.7952173685728
301.8543779398232
301.91316935060286
301.9715676821968
302.0110815425161
