295.6341422512668
295.86140275983945
296.0764044201813
296.28071192865787
296.47439431365547
296.65660800414787
296.82130308348945
296.97188819733407
297.10895061594897
297.2327562984545
297.342542518405
297.43488616557784
297.5120346275157
297.5742138180395
297.6216501968147
297.6533417643963
297.6664851084884
297.66317491304926
297.64363513558766
297.60816187404646
297.55534445844097
297.48406090101463
297.3967970265996
297.29401933906183
297.17604480683684
297.0450632387519
296.9033451973374
296.7498603039056
296.5850466088977
296.4091808658448
296.23437535200526
296.06609931313676
295.89755217404945
295.728799673069
295.5600550211822
295.3945904021374
295.2321979261088
295.0714231148368
294.91244040421725
294.7547529773504
294.58954025491033
294.42977970304077
294.26422303698234
294.10669999412147
293.95127419497703
293.7915588007741
293.6373863080102
293.48484599073026
293.33386446572814
293.18448362672893
293.0366992356178
292.89053219671337
292.7459788634287
292.6030081373417
292.4616385749399
292.321808794457
292.18355478516423
292.0468703428652
291.9117084068538
291.7780737616891
291.6459456070622
291.51531953357323
291.3861584987632
291.25843862043985
291.1321429559867
291.0071686804234
290.88356377776216
290.76136368138094
290.6405188391003
290.52097023830373
290.4026638808649
290.2855745975294
290.1696228199964
290.0591767045218
289.95692007316273
289.8489045895167
289.7422848786189
289.6702838658102
289.59606666727706
289.56818811375285
289.50933550422724
289.4701558532273
289.52402251101694
289.6277784839077
289.6669972685174
289.70339732963635
289.7426415074135
289.78405555976093
289.8268696069083
289.8859117313919
289.9620887051098
290.04439557094025
290.132001613489
290.22463088278585
290.3297012430977
290.44714918615057
290.57570034160597
290.7157702134624
290.8677817925143
291.0285510552365
291.2007844913369
291.38564296193834
291.583326193683
291.7939095887834
292.0153439896106
292.24810570925416
292.49177065450795
292.74618523544706
293.0108195021591
293.277024727872
293.5465538799221
293.8193766699429
294.0952187203281
294.3729252759846
294.64175452680246
294.9055964087618
295.16464121491987
295.4187572535661
295.58866640380063
295.73468367228236
295.955173264786
296.16177547294654
296.35526995144915
296.536587524091
296.70634447323823
296.86415634789194
297.00915183615217
297.14124672793116
297.2605494511975
297.36717384587683
297.45973300281116
297.5373077117997
297.6001484981163
297.6486537318647
297.68304007824247
297.70201344645045
297.7050600744509
297.69250199591335
297.66474000894584
297.6220556692965
297.56416503105663
297.4913602538198
297.4039045162577
297.30208157794476
297.18639059619795
297.05960297537064
296.92295988148686
296.7763892614833
296.61971997179967
296.45488853487365
296.29087498348537
296.12969043595723
295.9709122516951
295.8141359464482
295.6596629626194
295.50862278609486
295.3584539197674
295.2084389383645
295.0585356101774
294.90842056023575
294.75519279682004
294.6005559724287
294.44428362339227
294.29027284803686
294.13746270296036
293.9834938352521
293.8321994158657
293.6833501544617
293.5367000191921
293.39207963743604
293.2492498604677
293.1082220949143
292.96894476785235
292.831376003603
292.6955720153055
292.56147096637494
292.4290085724991
292.2981309655724
292.1687652258237
292.040889563685
291.91446575527954
291.78953060455564
291.66602902051994
291.54395188032964
291.423368628781
291.30413608920054
291.18625474957975
291.0697152961907
290.95440766066406
290.84011157990267
290.7267526317964
290.6143678999931
290.5030040917596
290.4001149387432
290.3021718470098
290.2022410014233
290.1122594213817
290.03749090444666
289.98679702683273
289.9407663028996
289.91599364525655
289.92052276164554
290.02873029598226
290.164657910346
290.2746705924603
290.3639190359098
290.44056086191347
290.50867543086656
290.5692217225442
290.6209259606445
290.66891583636504
290.7166660558579
290.7658184461806
290.8203318782073
290.8902237396236
290.9775863166598
291.08125304238945
291.20010623961485
291.333799153365
291.48314282036864
291.64777740364246
291.82714952227246
292.0206307529129
292.2281967468761
292.44968201420374
292.68371751344597
292.92920159904594
293.1853136788972
293.44922628228045
293.71675419986457
293.9866131079686
294.2580498028329
294.5307784582636
294.7970028348477
295.0519945146152
295.2977391871992
295.53539467541134
295.6927589208597
298.0042830387826
298.0932398381595
298.1801811919636
298.26492052236097
298.3474345260374
298.42761757708035
298.5053671138443
298.58055836278066
298.6530700263764
298.7228573936307
298.78980745451213
298.85380569651693
298.91471103371276
298.97245509020325
299.026876061339
299.0778534895539
299.12493254357923
299.16781217860483
299.2063430270893
299.2404503427883
299.26999180695026
299.29456122798433
299.3140156218546
299.3283262830916
299.3374114151738
299.3412308239767
299.33975709802337
299.33302898931447
299.32106276018243
299.30391077841875
299.2821149802549
299.2580475417543
299.2321598568839
299.2046726241224
299.17573332743336
299.145468164374
299.11406671046194
299.0790629036386
299.0406071834995
298.99897130086737
298.9551843206051
298.9088633598858
298.86022843196946
298.80928977185846
298.75702836704625
298.7032244869867
298.64733173074876
298.590365398394
298.5324804948006
298.47378476531566
298.4143658688621
298.35436093902985
298.29382551016266
298.2328236313404
298.1713970776308
298.1095897536158
298.0474489677843
297.98500431786033
297.92228676546273
297.8593528948725
297.7961806303811
297.73281214987446
297.66928556754254
297.605595176393
297.541772121967
297.4778494447605
297.4138717706757
297.34983203914146
297.28576218521084
297.22167063298474
297.1575413203475
297.0934389967755
297.0293166296069
296.96522772017346
296.9031409904611
296.8413233031046
296.7796989883656
296.7201900027504
296.66269874459533
296.60871205057555
296.5561292356681
296.50974220845274
296.4653638091211
296.4272379994195
296.388520057094
296.3520865046431
296.3186253364473
296.28824821476655
296.2609717265996
296.23726527034887
296.2189446760656
296.20637723908766
296.1997477118374
296.19913299446443
296.205505921568
296.22080947162914
296.2451027313162
296.27832254530364
296.32041614413623
296.370642737634
296.42769665386083
296.4914036673384
296.56165962220126
296.6383870866075
296.720100887102
296.80488271044874
296.89258241504984
296.98310057966404
297.07634750606104
297.17123808925146
297.26656012354914
297.36212884475606
297.4577914438129
297.55346933872744
297.6485657308953
297.7425486689417
297.8353113631735
297.9267312511593
297.9880815353326
296.53143483619397
296.6422282374277
296.74754727148496
296.84722865458696
296.94170164652746
297.031440138821
297.1155929121948
297.19262964824026
297.2626043384256
297.32594193574255
297.3830284154705
297.4329258727562
297.47438803593644
297.5076175472216
297.532999460399
297.55098668406094
297.560786144282
297.56160252445255
297.553555021367
297.5368188182806
297.51158969371136
297.4773637488997
297.433530906632
297.38015969746147
297.3175163634641
297.24589963011914
297.16589892917415
297.07839257952804
296.9841337859998
296.8834401320919
296.77691480304594
296.6690108158016
296.56420029617135
296.4646016750407
296.3712131022389
296.28459802552044
296.20546873698913
296.1316825475214
296.06165603799553
295.99524278272827
295.9322747951126
295.8713440641347
295.81067598443366
295.7478239852523
295.68473294140836
295.62176698901044
295.55601788360184
295.4892579898932
295.42273303280285
295.3569576564392
295.29215442335794
295.2283237810668
295.1654064836993
295.1033772289279
295.0422090866853
294.9818271674055
294.92212044283275
294.86297500225743
294.8043764889323
294.74621214734645
294.68848766470046
294.63101491283436
294.5737083896802
294.51659667986814
294.4596121269219
294.40275415732884
294.345894301141
294.2889599633378
294.2320113336287
294.1750262215495
294.1179549872669
294.0607576197664
294.0034055720988
293.94591212866595
293.8902073109872
293.8375193828849
293.7864203991062
293.73656616274775
293.68963390067256
293.64624371288016
293.6056418060092
293.5696423218469
293.540669151172
293.5323309364223
293.54331187989766
293.56461957413353
293.588539882291
293.60873207428796
293.6212782203802
293.62525599450686
293.6290294820662
293.64006648052606
293.6617459654872
293.69529877347946
293.7408505894777
293.79827984836703
293.8673323472348
293.94749517317535
294.03799754442065
294.13772638371546
294.24505011638155
294.35874810174903
294.47811100920734
294.60267912907426
294.73150024279744
294.8626608843739
294.99529343185594
295.12924219405653
295.2645590310673
295.400638170376
295.5357125532537
295.66934011075983
295.8016650853126
295.93296206754906
296.0621033425031
296.1870864145428
296.3079260753751
296.42515391241216
296.50305635360786
297.6741649912031
297.76360272471965
297.84823727261045
297.9280159749904
298.00335612672745
298.0747714165969
298.1420277280526
298.2039394872773
298.26027970444954
298.31133028154795
298.3574031478064
298.3979959185723
298.43204463544527
298.45942834428786
298.48048714549265
298.4955327659196
298.50431310760774
298.5060566972674
298.500653716267
298.48828819099066
298.4691674113756
298.44308524524405
298.40962801801595
298.3688176286094
298.3207716305254
298.2658103717411
298.2045214142146
298.1376947003913
298.06612716433597
297.99043006389525
297.9113444030533
297.8333781310048
297.76166877579817
297.6993315708874
297.6481198543804
297.6086367006031
297.57842382107816
297.538562389297
297.4867346041295
297.42764306135166
297.36481220600405
297.3005642365373
297.2364055137756
297.1730668677284
297.11104325198903
297.05050553944426
296.99153425901886
296.9340382214878
296.87799920812625
296.8233070367572
296.7699349078727
296.7177752989087
296.6667669510479
296.616796183444
296.5677976642788
296.51968609465115
296.4724003654075
296.4258778693158
296.38000075168185
296.3347072740073
296.28995606671253
296.24569793529355
296.20182813090076
296.15827112986256
296.1149803749695
296.0719044481147
296.0290248611038
295.98630334788896
295.9436709310983
295.9010976473782
295.85856968110664
295.81605834069524
295.77349883222473
295.73092721025444
295.6893815247558
295.6499210304393
295.6122673481563
295.5763236052147
295.54296319895514
295.5125933486948
295.48456105024974
295.4599875901442
295.4405195571878
295.43475637389463
295.4449403417202
295.4652722034372
295.487041399259
295.50306796414804
295.5093586340007
295.5051416812585
295.4966109495755
295.4902090167749
295.4896804908266
295.4970588518726
295.51347121137934
295.539913207542
295.57722457730347
295.6256765039991
295.68506218163844
295.7545119845853
295.8324509655694
295.9173172320222
296.0080419701132
296.10390246591965
296.2041367472367
296.30711715554384
296.41189928872456
296.51794628627505
296.62521709800575
296.7333143726015
296.84098201071
296.9476198879114
297.0531823431472
297.15791048467867
297.2613027139261
297.3618407555902
297.4591812850248
297.5535184038281
297.61618171992427
295.99413883488273
296.0648718791956
296.13685365067073
296.20972564730897
296.2831707833709
296.35684278488776
296.43048614200654
296.50379054048443
296.5764498863482
296.6481049760323
296.7185032859744
296.7873390592653
296.8544061460619
296.9193637838274
296.98192026247705
297.041777183565
297.0987749142406
297.15260310703496
297.20301367529265
297.2497479727198
297.29257646579026
297.3313091037723
297.3657845037974
297.3958165365318
297.4212426726719
297.4419257518965
297.45775813277874
297.46869553608764
297.47475300684704
297.47604795851566
297.472733631122
297.4649677590182
297.45314769493274
297.43773830030864
297.41937503719276
297.39860295531696
297.37594967345433
297.35184190250845
297.32654488816337
297.3000841031364
297.2725379545477
297.2440193289696
297.21472174532056
297.18465551802655
297.15390463178414
297.12244479979995
297.0902807284362
297.05726864523194
297.0233389325763
296.9884923900988
296.9528105689595
296.91634076643936
296.87917073182655
296.84141885184005
296.8031242806309
296.76435557381666
296.72515501482735
296.6855813578886
296.6456679424317
296.6054500853152
296.5649472760108
296.52418602490957
296.4831833997926
296.4419397023992
296.4004499142145
296.35874331196925
296.31683006986293
296.2747006891978
296.232374814498
296.1898403385444
296.1471430319257
296.1042328917993
296.06110694563404
296.0177408859976
295.9741480162987
295.9303614713011
295.88657014883535
295.8428272263813
295.7992400359321
295.7559522909089
295.7131090912526
295.6708828496927
295.62949357169987
295.58940831076154
295.55164565342614
295.5171858498066
295.4863162989629
295.45873977558125
295.43382496441336
295.4107391209678
295.3887780877343
295.3675560710861
295.34706237103325
295.3276493167763
295.3095971976253
295.29345038538946
295.279637786981
295.2687097836929
295.2611716048936
295.2574892214059
295.25802639472494
295.2630560691498
295.2727527005115
295.2872345147973
295.3065804592071
295.33079674269027
295.35976951701304
295.39336339030456
295.431316031761
295.47350554455494
295.51969992915275
295.5697168006994
295.62328316232305
295.6801588509756
295.7401439269964
295.8029815638082
295.8682719970665
295.9356959268664
295.98257959479594
296.81296880781593
296.826146779041
296.83969667185085
296.8536017959231
296.867753980228
296.88215870690175
296.8967593440684
296.91143930331003
296.9262119310591
296.9409945373301
296.9557149873655
296.97034922307625
296.984785369347
296.998974789092
297.0128760586341
297.02642449398826
297.03959927976814
297.052289373109
297.0644630740602
297.0760296104733
297.08699721263304
297.09727642860867
297.106812400564
297.11553228613053
297.12341617396334
297.1304181615199
297.13665380591766
297.14228280721125
297.1473207438404
297.151886496199
297.15594766826393
297.1595750833762
297.1628791546731
297.16595860008533
297.16892334272325
297.17182162090376
297.1746571344996
297.17609565056455
297.1762517322363
297.1755043077639
297.17407828767233
297.1720059410958
297.1694585350627
297.16640679193176
297.16290453723366
297.1590252628013
297.15477090837044
297.1500733064667
297.1450120095722
297.1396325275257
297.13390178585115
297.1278375392695
297.1215348398393
297.11491939158833
297.1080757652247
297.100977034592
297.09362179808784
297.0860104169851
297.07819434801866
297.0701156696707
297.06180112412716
297.05326250227336
297.0445126098811
297.0355355396102
297.0263091780614
297.0168876462641
297.0072307808478
296.997337510252
296.98720007769253
296.97688188471847
296.96630306516744
296.95550210726134
296.9444861921498
296.9332146782986
296.92181886473844
296.9103294290668
296.8988085135986
296.88723739881374
296.8756565181207
296.8641534352787
296.85276400420594
296.84156139543234
296.83074960123184
296.82079584295326
296.8119056387418
296.8038453017535
296.7961582294328
296.7885801009684
296.7808151140056
296.7727478021517
296.76450436822796
296.7561777003147
296.7479615924784
296.7399132790457
296.7321786109791
296.7249196227605
296.7183751025815
296.7126976699725
296.70801292239895
296.7043304517267
296.7017266220941
296.70020829763394
296.6997984634159
296.7004964763367
296.70226645113524
296.70505419973904
296.70880849275454
296.71351950216314
296.7191772212462
296.72573330612363
296.73311194035335
296.7413057100786
296.75026776622855
296.7599597163582
296.77039544084016
296.781449653756
296.79304744956937
296.805164444037
296.81369534336415
303.2599898193334
303.29006373405264
303.3225732061575
303.35748253095335
303.39470718728614
303.4342586263084
303.4759629468338
303.5194809286803
303.5646858231648
303.61145681551426
303.6597170659306
303.7093043348041
303.75993629079727
303.81142269582057
303.8635709195044
303.9162248658281
303.96904257914827
304.0217846007244
304.07422731120204
304.12617721359186
304.177432495792
304.2277017469423
304.2766151970481
304.32399090688574
304.3695703869406
304.4132161333975
304.4547081315186
304.4939247091197
304.53067826622225
304.56481194147557
304.59622341136185
304.62522152438993
304.65205955105205
304.67686739308596
304.69967084685106
304.7206025676915
304.7395724631426
304.7556688096583
304.7688478792253
304.77932068132463
304.7871885473287
304.79255091563215
304.7954770669577
304.79607826772286
304.7944846353315
304.7907157110769
304.78493785191415
304.77717081367945
304.7675673989511
304.75626881565637
304.7433222661732
304.72879723546333
304.71280865135196
304.69536801323
304.67653938068236
304.65641317405226
304.63501815205086
304.6123809519239
304.5885918669729
304.56369161893133
304.53770563981334
304.5106827276022
304.4826577135897
304.4536898781045
304.4237732252661
304.39296740292355
304.361313122461
304.3288422114284
304.29554842659525
304.2614454667294
304.22654003575445
304.1908376329795
304.1543709533929
304.1171858272075
304.0793269694546
304.04083282169336
304.00171893704254
303.9620439386281
303.92186412238425
303.8812192850168
303.840156635742
303.7987319686718
303.75700422336155
303.7151761451629
303.6735539956453
303.6323818691733
303.5916788905418
303.5514354674321
303.51163409865137
303.47229874266026
303.43372409074647
303.39619215827787
303.35983222534054
303.3247985926274
303.29126768699217
303.25948787864746
303.22969982059317
303.2020360987355
303.1766513809993
303.1536151072911
303.1329974997617
303.1148500976185
303.09919747033763
303.0860815365676
303.07554169316944
303.0676163244158
303.06231938505636
303.0597226063647
303.0598277572807
303.0626501020212
303.0681929493831
303.0763839546642
303.08732423316576
303.1010191304812
303.11745056751687
303.1365512850276
303.15826056765115
303.18256844412633
303.2005526027607
298.74231201345447
298.7773738784944
298.81445662545843
298.8533698880995
298.89406810701274
298.936375631543
298.9801905583233
299.02517470229765
299.0712188555308
299.11821895612076
299.1659707528239
299.2143153744591
299.26300089250867
299.31180466959614
299.36053201207443
299.4091025221624
299.4572125647779
299.504656507014
299.5511864924321
299.59664222374516
299.6408744650547
299.6836492765515
299.7247961463713
299.76408264665395
299.8014110233188
299.83656940991415
299.8694931589369
299.90006635407076
299.92821822573285
299.9538579284485
299.9769546477857
299.99777196629753
300.01662781462915
300.0338265299083
300.0495800139778
300.06412565972704
300.0773896259439
300.08796312741356
300.0960027538021
300.1016686600045
300.10514577160495
300.10651219945754
300.10590478620844
300.10334861729973
300.09894613468697
300.0928160777373
300.0850021928976
300.07556595877105
300.06462719154734
300.0522606759132
300.0385136131229
300.02346433410787
300.0071422012514
299.98966164635686
299.9709945988657
299.9512482691971
299.9304241130636
299.9086093411985
299.885803481853
299.8620558000538
299.837434354866
299.8118991791612
299.7855469453631
299.7583553040772
299.7303714701639
299.7016127110216
299.6721085405475
299.6418854443755
299.6109905681859
299.579349011044
299.5470501228673
299.514089923325
299.4804964143432
299.4462874836736
299.41148169987014
299.37612396820043
299.34026094535307
299.30389594789807
299.2670480091338
299.22980568885
299.1921831377832
299.15430140668434
299.1162210083634
299.07819183894367
299.0404665479423
299.00320451322256
298.9663597085274
298.9298374515112
298.893560857377
298.8574998114859
298.8218672448234
298.78687695961077
298.7527601569179
298.71969097064516
298.6878881477126
298.65764571591876
298.6292300307965
298.6027857411183
298.57859875532023
298.556815857399
298.5375961061019
298.52102848232187
298.50718028835564
298.49616805839815
298.48808692513035
298.4829464766966
298.4808050843606
298.4818196266642
298.4859438378003
298.49318795331396
298.50346136041736
298.5167515211141
298.5329591694179
298.55208647363696
298.5740785352735
298.59868455024656
298.62585738166683
298.655471431158
298.67691279031925
305.57732561850275
305.6079230319287
305.6413622457653
305.6775420551564
305.71623550702617
305.7573475973726
305.80068272863457
305.8461091178773
305.8934531317379
305.9425831347322
305.9933356788795
306.04555306709165
306.0990753130047
306.1537470633118
306.2093764686597
306.2658164933457
306.32289850614
306.3804198453952
306.4382471331856
306.49614545331156
306.5539564995144
306.611461528972
306.6684779444261
306.7248065912539
306.78021421903605
306.83449944318056
306.88748983516405
306.93893386689217
306.98866455665035
307.0364822123315
307.08221196695536
307.1257283183232
307.16700176271667
307.2060101720856
307.24279943166516
307.27749363968155
307.31016492574713
307.34051915579226
307.3681771098075
307.3927610345292
307.4140621489389
307.43201784758213
307.4465949239232
307.4578108322161
307.4657479591353
307.47052870768516
307.47225286409844
307.4710551956507
307.46707808286084
307.4604130907786
307.45123195831997
307.4396223635334
307.425771672227
307.40977493693094
307.39175451131683
307.37183480919214
307.3501169931861
307.32672969080545
307.3017455148059
307.2752505520114
307.2473310660124
307.2180867245163
307.18756258002355
307.15583910595046
307.1230046519835
307.08905968531093
307.0541007110839
307.0181777796799
306.98131226485623
306.9436086072455
306.9050455426354
306.86571236426295
306.82559996253804
306.7847796113717
306.74328840085394
306.7011249851511
306.65835899669776
306.6150308489963
306.57116243446967
306.5267831096257
306.4819794243272
306.4367228483885
306.39109867692633
306.34514398111503
306.29893736222516
306.25261795023596
306.20625139606153
306.15998061440587
306.113879009654
306.06800552843066
306.0224017732199
305.9771811066279
305.93249324879804
305.8884670867723
305.8452292094957
305.8030120537083
305.7620017255668
305.72245527492646
305.68465750939316
305.64884515966037
305.61531434259973
305.58426265890955
305.55595565010816
305.5306206349234
305.50844727284414
305.48960277099076
305.47420471019416
305.4623808134077
305.45418749809824
305.4497280121678
305.4490112763797
305.4520172253049
305.4587483700593
305.4691323034988
305.483128967686
305.5006508041999
305.5215944854446
305.54580652419355
305.5640484924376
301.4437287146435
301.48372075437874
301.52692242559095
301.5732123846789
301.6223777314325
301.67430156691603
301.7287160856312
301.785543438589
301.844564328264
301.9055822950956
301.9684146621087
302.03286535223515
302.098730241767
302.1657033477031
302.2336230398089
302.30220311355475
302.37123797658666
302.44042934840087
302.5095263649633
302.57832431968444
302.6464801585246
302.713800182377
302.7799909108245
302.84481367846394
302.9080249130863
302.9693835385599
303.0286880614499
303.08569351844574
303.14017107093173
303.19196327578356
303.2408783880514
303.286823072295
303.32974428055564
303.36972859115576
303.4067897352717
303.4410097077747
303.47243139955077
303.5005990173701
303.5249283617867
303.54509080942097
303.5609936734994
303.57264944549115
303.5801466172928
303.5836384982094
303.5832688311478
303.57922393852004
303.571785481553
303.56105099165535
303.54726066381886
303.5305995512376
303.51127177069753
303.4894268905488
303.465302840404
303.43900820920226
303.4107428445465
303.3806270190896
303.348830563364
303.3154721203137
303.2806488422592
303.2444902650876
303.207112659458
303.1685609508049
303.1289892375036
303.0884161874193
303.04697319895536
303.0046571961125
302.9616229689101
302.91783925211416
302.8734203430456
302.82840188072436
302.78283073397245
302.7367533243585
302.6902106445032
302.6432307260215
302.5958489585708
302.54813016158306
302.5000753075712
302.4517163951808
302.4030675728343
302.35417258898644
302.3050596526861
302.2557968628948
302.2063198262105
302.15671811406156
302.1070164759088
302.0572198099353
302.0073819507853
301.9575526957498
301.9077963345081
301.8581951939042
301.8088247074355
301.75993723592995
301.7117268343972
301.6644731543974
301.6184069616549
301.57377857035806
301.5309561427191
301.49021863834554
301.4518057855841
301.41604626286414
301.3832059849721
301.3534612969632
301.3270354936872
301.3041671351129
301.2849776713289
301.2696346242958
301.2582464874308
301.25084090493914
301.2475428286046
301.2483990518026
301.2534373271501
301.26265248005245
301.27601614276625
301.29348488827736
301.31500843683887
301.34047548698675
301.3697608999914
301.4027504506077
301.427206040903
306.9280257984298
306.953624186862
306.9818202966006
307.0124576969669
307.0454461575813
307.0806494669224
307.1179667797478
307.15727996277326
307.19848719325114
307.24148834794346
307.28618496645873
307.33249073101143
307.38027541832935
307.4294285830865
307.47984515113865
307.53142033577103
307.58403895464266
307.63750424373285
307.69173991679355
307.7465270628398
307.8017142949328
307.85713582816004
307.91258591581345
307.9678839591154
308.0228378462139
308.0771883819894
308.1307833615701
308.183376579692
308.23480752667257
308.2848147262791
308.3332224528376
308.37987846848114
308.4247565170526
308.4678353663991
308.50911054792294
308.54863222402923
308.58649333632087
308.6222649543971
308.65544934252847
308.6855444152536
308.71230327768853
308.7354680799183
308.7550212651576
308.77092320420064
308.7833046828956
308.79219474922667
308.79771416090307
308.8000434033001
308.799269638406
308.795571864946
308.7891093815442
308.78000930792393
308.76846239458007
308.75462194204533
308.7385994798024
308.7205594514355
308.7006133706825
308.6788901664907
308.65550834964904
308.63055763966673
308.6041485097576
308.57634503640946
308.54726539859445
308.5169329884471
308.485484995641
308.4529111490863
308.4193249172875
308.3847388845788
308.34924190095114
308.31285946160506
308.2756364602782
308.2376152072418
308.19885392645585
308.15934489194564
308.1191837588625
308.07836197706274
308.0369333897341
307.9949241304158
307.9524056006309
307.9093840671231
307.8659241179659
307.82204625857327
307.77777293400203
307.7331898805268
307.6883024907647
307.6432309019417
307.5980304716286
307.5527382133242
307.5074363570571
307.4621352780467
307.4169596510296
307.37198432283634
307.32736952428155
307.28326597044986
307.2398928750061
307.1974738478048
307.1562127072708
307.1164102935646
307.0782820164778
307.04212977357156
307.0081911904195
306.9767134372525
306.9479193212214
306.9219579350001
306.89904662606705
306.8793453815483
306.86294280805475
306.8499022272263
306.8403150271389
306.8341959805832
306.8315675142028
306.8323949393399
306.8366217581084
306.8442181032776
306.85511732048184
306.8692022990794
306.8863107415323
306.90642926243385
306.92170685236374
307.3324674887372
307.35788116681823
307.38606530380963
307.4168883288537
307.4502904953996
307.48610868618744
307.5242149234927
307.56454354027073
307.60689444469324
307.65120718123956
307.6973419449726
307.7451537835226
307.79454232854545
307.8452753320535
307.8972716567888
307.9503135823317
308.00425986611197
308.0589423142887
308.11418293594403
308.1697950667552
308.22554557866346
308.2813251453396
308.3369158757581
308.39215461247534
308.446850174402
308.500844043306
308.55391384973683
308.60591698743013
308.65664716083097
308.7059610485465
308.75366160992627
308.79963850340613
308.84379287870894
308.8860659666674
308.9264773460403
308.96500376498693
309.0016626019534
309.03619113352863
309.06810071915146
309.0970333372258
309.1227418192044
309.14506695100613
309.16394670356266
309.1793708460748
309.19142477616805
309.200125910709
309.2056809240444
309.2080745282191
309.20750481130574
309.20406615412827
309.1979079122338
309.1891642954335
309.17796476854227
309.16443753028403
309.14870570804385
309.1309293544378
309.1112239438266
309.08964631204515
309.0663668741212
309.04146816458234
309.01502448393524
308.987180569923
308.9579868607835
308.92749722579856
308.8958564282271
308.86309707348687
308.8292661614932
308.7944627495571
308.7587321202844
308.72213715576504
308.6847447023239
308.6465427602683
308.6076562312264
308.56807392675364
308.52786341550575
308.48704022229606
308.4456832974147
308.40378730789337
308.3614201620735
308.31859538497565
308.2753431760569
308.2317254068739
308.1877370314515
308.14347876761786
308.0989020703498
308.05407776262786
308.0090729953363
307.963926431573
307.9187082061429
307.87347586778856
307.8283592494605
307.7834548505732
307.73895237926007
307.6950508589433
307.6519230678392
307.60979732114254
307.56889161083467
307.52944500850714
307.4916918985335
307.45587600575925
307.4221782779465
307.3908902834269
307.36215118696566
307.33616145821065
307.3130809047035
307.2930662325716
307.2761809592008
307.2625762918543
307.25227590223136
307.2453666747805
307.2418770788844
307.2417746063611
307.2451048299765
307.2517919329178
307.2617955603433
307.2751002652372
307.29159053912855
307.3111644644208
307.3261880050096
302.25339445632716
302.31064473512856
302.36707358073085
302.42259479652336
302.47722000994924
302.5309505584363
302.5833605294339
302.6335545011536
302.6813425234773
302.7266831059767
302.76967004765635
302.8099503892935
302.8469918388692
302.88079525612545
302.9115194436251
302.9392065439028
302.9637330819698
302.9848851805948
303.0025704561353
303.01678925580285
303.02759082570583
303.0346661997119
303.0378681808356
303.0372106560345
303.03250924595466
303.02377443684225
303.0111778520488
302.9948842803639
302.9751724694656
302.95239241665644
302.9270515032524
302.90082978249876
302.87541059716125
302.851572117763
302.8295510166775
302.8094775408237
302.7915600296878
302.7735694926274
302.7536987465445
302.73188242026197
302.7082494913137
302.6829878504388
302.6563579711227
302.6285107825695
302.5996294063672
302.5699190534646
302.5394680351928
302.5083484862796
302.4767370060922
302.4446298530254
302.412119505525
302.37930971115276
302.34626128049257
302.31294521854875
302.2794948863391
302.24586212750376
302.2120539991216
302.1781367520103
302.1440851418751
302.1098739974472
302.0755207707814
302.0410257871133
302.0063815954067
301.97154630706353
301.9364929842138
301.9012604829773
301.8657992793698
301.8300989542989
301.7941669300774
301.75795499628066
301.721530940171
301.68485257800637
301.64792355916836
301.61068806277626
301.573231433741
301.53550966845955
301.4977151646524
301.46000087630813
301.42246853489695
301.38522603405494
301.3484598922643
301.3122437059402
301.2769686868538
301.2454387030307
301.22153283633327
301.2063267379593
301.1977573074816
301.19331066565854
301.1910359521505
301.18962689210764
301.18822227968064
301.18632786190835
301.1847418777398
301.18466228493867
301.1872750382555
301.19417972327375
301.20636173402545
301.2239970712298
301.2467821725915
301.2743705038638
301.30659843747935
301.34312728350824
301.383468450799
301.427345594245
301.4741941550225
301.52319014645826
301.57402467337545
301.62643492498955
301.680323510795
301.7354355618306
301.79132145962154
301.8477768616949
301.90482623504016
301.9624950343611
302.0204780155169
302.07835924791203
302.1359393892833
302.19326799276405
302.2321289615974
