RMSE				MAE				MAX Error				R2				L2 relative norm
3.14722655				3.0526410161276676				4.2723477298922035				0.7358298459383286				1.062026454631509
2.05382533				1.9097649937110985				4.024619741899073				0.8741859406150868				0.6831507616698892
1.22642678				0.881877407814745				3.654017607029573				0.9435063338237083				0.41647052612974655
5.31220142				4.997140731008323				7.765965474260611				0.16634996938467295				1.7443669065094671
2.91797977				2.6409834660343847				4.511446739669736				0.8372117983182166				0.9785667394647224
4.09072984				3.495108108509309				6.872696688971473				0.09609006536364395				1.369231284966325
4.29659615				4.116981531745683				6.614507254927275				0.5437405342097174				1.4299157953661927
2.2623427				1.9033346519726941				4.408756281247179				0.8936966913707279				0.7477237172351155
6.73902998				6.532228363343603				8.94993029142995				-0.5825369162592247				2.21011055391988
2.94759811				2.359785709475348				7.83126981955985				0.6802278783366118				0.9939199379866308
3.83491117				3.4248317840470595				5.724119990559757				0.6726643529766998				1.3023247166228773
5.53774134				5.2375034710050015				7.731023708421333				-0.08177064923297195				1.8326938491911648
4.49220895				4.140887801984777				6.4604783211008225				0.28691108296891066				1.5161143247135533
2.77435668				2.569866830308802				5.436600243619921				0.7600805633269425				0.9187613996546731
4.05594855				3.5677379473295807				7.107558271641722				0.4622180143360256				1.3319295465770078
2.39035759				1.9530976253302845				5.500849223989803				0.8048613650473446				0.8114930152440821
5.08737788				4.913905906226729				6.523574015776546				0.11452629960167537				1.758636404016218
2.09493874				1.865086786286681				4.701721039254551				0.7686272148539889				0.7157094630082875
2.77196149				2.4114437103930473				5.0110859231058384				0.7575721901856918				0.928215336575088
6.85218291				6.192512225795008				10.417329490958423				-0.16196849492270937				2.2573013279490817
2.57056902				2.1968428670799844				3.931741300492206				0.7623533507897742				0.8519290071607788
3.15449038				2.5421168383636026				7.895852522203597				0.7074515916677943				1.0595895201365066
6.1754678				5.851268134700198				9.61967934094696				-0.4837962236342255				2.1204100503462717
4.79552747				4.610960966434513				7.27664412364328				0.4218981128762276				1.6550314242487658
3.34275457				3.0911044004018735				6.345052072768567				0.6226351085112123				1.147845403131319
1.64802561				1.4214778060806403				3.068389747428739				0.9451671504952944				0.5545430242152523
1.93672222				1.7560373582414253				3.2230016454898873				0.8913440534277728				0.6439539540013463
2.91754124				2.5070223879969395				5.859977636466624				0.7845098600844468				0.9662071300359709
4.36631947				4.095452556401171				7.125063207951371				0.613168775842049				1.4522409370210798
2.47571301				2.2239017904347067				3.783673666252298				0.6852247924988031				0.836508125829375
2.9407418				2.5319471943630436				5.799180922077539				0.7804910026377514				0.9777999238829143
1.22538509				1.0475078997473486				2.608406554180874				0.9604504446467158				0.40797289311880447
2.10873092				1.5736387740652968				5.212337162543577				0.7984235511767792				0.7138466680857649
3.16503551				2.5827512804753026				6.941571416265106				0.7103612908650926				1.066077733706733
4.4197988				4.103128761936282				7.089344832036602				-0.030300661600283663				1.5042307427299668
2.92699152				2.388764971584722				5.291508917858039				0.7264830974616184				0.9981933253415587
1.77214666				1.5228721193601922				2.675462181087312				0.8602572876473241				0.5870392522829491
1.72558089				1.38874596646778				3.289954755963322				0.8928853758087607				0.5877695894836961
3.61171373				3.2388189521648014				5.904941752810657				0.6881711692668886				1.2020441131055497
2.08668801				1.883851068493911				3.665499551457401				0.9214890923013619				0.7062966732098306
3.08737756				2.0399531293659408				7.93073172823722				0.7536386658891212				1.041066636111216
2.71817313				1.8030765157188016				8.694144375418944				0.756971186851028				0.9078030736678134
5.41363981				4.861241833393705				8.684993388525186				0.3281089923004554				1.8404188324331068
4.17923122				3.491758373681273				7.759275631689832				0.4433561458832358				1.3919094861009051
3.03429859				2.4167488815837386				6.208355918315931				0.5166146708804744				1.0236331946851787
2.41966633				2.15368345299138				4.580182749684752				0.7371613472825008				0.8088300741179227
2.6826847				2.4078107055504616				4.569535090318595				0.8248981140145614				0.9144653246634221
4.85731334				4.317790537441408				7.508541633079517				0.13693833981426162				1.6132223805829682
2.16398289				1.6855642372506883				5.094204392866459				0.8474357193821145				0.724681284028523
2.70278108				2.051332343626076				7.140803728789081				0.7962243073837202				0.9147022738473309
