292.9190698181201
293.0338626430568
293.14325497238383
293.2488048191211
293.35055348397174
293.4475751441144
293.5344544468898
293.61465540709776
293.6884384818267
293.75591692073476
293.81614204309454
293.8652251002581
293.9062644593183
293.93946850710404
293.9649795097059
293.9826750848019
293.99225323785527
293.99385179255444
293.98762247245264
293.9736807714867
293.9514898490643
293.9207504238591
293.88229287032686
293.8362929557222
293.78292950088996
293.7232320029847
293.6581520597335
293.5872606286265
293.51068026650825
293.42858829162316
293.3469139841879
293.26751953619987
293.18716116858417
293.1059322313201
293.02392436839574
292.9439811926227
292.86609835494136
292.7894115103545
292.71365717513265
292.6385690148788
292.56587735429554
292.495077974988
292.4028900488018
292.3253783480002
292.24976122023764
292.1616431187491
292.08353403466714
292.00652818927875
291.9304303094498
291.8553819310025
291.78196779835554
291.7097803905645
291.63877048196815
291.5688802104721
291.5001815905887
291.43247845976276
291.365912116779
291.30053256856417
291.23629987587225
291.1732599592986
291.11186841255966
291.051678197763
290.992638105245
290.93476084216456
290.87793187003183
290.8219566056301
290.7669437025441
290.71292782020026
290.6598586923557
290.6076948358879
290.55627122598
290.5055982901367
290.4556364980634
290.41631652535335
290.3938270608259
290.3564888884282
290.320357867128
290.3599429576992
290.3517353074776
290.3411909530426
290.3313173702872
290.346411414731
290.35417086217313
290.3976619540318
290.4126427919947
290.4223486133101
290.43149718984495
290.43978423963796
290.44697049873344
290.461660231665
290.4840185999867
290.5082182047597
290.5341074938525
290.561737078821
290.5962733124947
290.6372933269012
290.68388704367635
290.7361647610932
290.7942872492028
290.85750917617094
290.9265705624669
291.00163117125874
291.08268236606153
291.16975130676576
291.2614653956273
291.35875411188925
291.46151503542296
291.5696640899865
291.6830078085288
291.8015551432027
291.92364782626237
292.0490803593273
292.1777399306997
292.30875306712744
292.4359446337611
292.56244607538105
292.68818696956953
292.81309709462937
292.89749959468753
293.4389189609758
293.54600053263016
293.6472368928054
293.74330612833853
293.8347247384423
293.9217296176443
294.003520459469
294.0790776405372
294.14839823399126
294.2115747487727
294.26866971177725
294.3186802821804
294.3607387676606
294.3950051283082
294.421740316259
294.4410953512066
294.45304864343444
294.457661379317
294.45501746696016
294.4452297514773
294.42832511988814
294.4043014218611
294.3731950298013
294.3350286615742
294.2898522123023
294.2379019978955
294.1804789126007
294.118149332405
294.05083017280066
293.97840586483517
293.90179685116954
293.8252590427458
293.7496866786054
293.6748439593134
293.6004193093984
293.5267669335357
293.455093516123
293.3849369850186
293.31634706434613
293.2484527640952
293.18218754434434
293.11893127333036
293.05082736908753
292.9754501709088
292.9016139660375
292.8270268534377
292.74646616440987
292.6688345714945
292.5936394162226
292.5204598410648
292.44907403830433
292.3792812797289
292.31100089535744
292.2441489409964
292.17865619341813
292.1146247225099
292.05203912010666
291.99079516287463
291.9308327655977
291.87207231197436
291.81438682416
291.75777728344303
291.7022573003601
291.6478066358661
291.59440089560945
291.54205823004844
291.4906542940182
291.44019609148046
291.390676709182
291.34195653504395
291.29381329043326
291.2460357510317
291.1986382637037
291.1517449752365
291.1223885168769
291.1023589342004
291.07589703232657
291.06982617829567
291.09505259571836
291.11569645166605
291.12708035677343
291.1529609789831
291.1740614148843
291.2093876773648
291.2552820165265
291.29260642334816
291.3215062271344
291.3446990977366
291.3635334183072
291.37728524452683
291.3849058859456
291.390398595574
291.39555646226705
291.4010285789974
291.40910511836984
291.4246677634092
291.44832863934795
291.47960152777154
291.5178709892329
291.5634299775982
291.6173310197241
291.6790049918141
291.74793431786446
291.82372489034196
291.9061921368387
291.99515073459116
292.0900830559828
292.19052019633716
292.2961283310564
292.4070231082242
292.52275259463676
292.641901986389
292.7635107919524
292.88729170264514
293.0077324159886
293.1234326074851
293.2365140694231
293.34761463622937
293.4221330489444
299.94711057252266
299.99047403507217
300.033083432875
300.0748444255271
300.11575284101514
300.15575644533897
300.1946806650994
300.23235442776206
300.2687557390367
300.3038318763849
300.3375215556445
300.36953092253754
300.39965350680706
300.427844696558
300.45406914641154
300.4782556326778
300.50023116828515
300.51992552826033
300.5372708886461
300.5522375730967
300.5647330193234
300.5747179335465
300.58215131557705
300.5870123608708
300.5892758619943
300.5889037886738
300.58598615553706
300.5804937969759
300.57248452065124
300.5619631048899
300.54917715568587
300.53514328786804
300.5199651987325
300.5037467010301
300.48654410664244
300.46847723686085
300.4499127754275
300.43041065747803
300.41036728749833
300.3893273315021
300.36782759164834
300.34611087188733
300.3223893613415
300.29613006197184
300.26905484992125
300.24043232063667
300.2088590734224
300.17639731862835
300.14325345747227
300.10953952492383
300.0754081683632
300.0409712016498
300.0063148313084
299.9715002899469
299.93656643333617
299.9015314356211
299.866405086995
299.831222714341
299.79600231570635
299.7608040718188
299.7255787199479
299.69035472966067
299.65513706676285
299.619928154384
299.5847765467767
299.54971821575174
299.5148084324394
299.48004234239255
299.4454619396047
299.41102781398286
299.376736651233
299.3425603667575
299.30849593483
299.27459945939336
299.2453629740653
299.2167991499867
299.1886797012355
299.16534532039367
299.14644207814456
299.12855099797116
299.1115004208699
299.09912833240173
299.0866429038773
299.0763043228857
299.0667461637576
299.05899749535376
299.0532684649784
299.04957478331033
299.04787957539855
299.048145126464
299.0504539954036
299.054820378888
299.06129920458665
299.06992287885294
299.08105649262484
299.0953037287891
299.1125863086646
299.1330035683071
299.1565045623495
299.1828064193943
299.2115356091792
299.2426349706219
299.2761054850765
299.3119735908664
299.3496779036943
299.388663089947
299.4289032141576
299.4703764530821
299.51303648324046
299.5565045580648
299.60039695661175
299.64469153658155
299.6893023572213
299.73422170471235
299.77917066606386
299.8238888269804
299.8683506154189
299.9124994910781
299.9423198877451
291.0872085967433
291.13785292481015
291.1863785557024
291.232728645311
291.2769560609223
291.3191578586906
291.35880348560556
291.3950873798508
291.42798770767223
291.4576500518287
291.4842172451945
291.5073212347472
291.5263354337209
291.54123534235237
291.55211927014176
291.55926871503834
291.56229686708775
291.56075924933623
291.55471721722546
291.5442711600141
291.52950882354526
291.51022233994945
291.4861887998863
291.457502634737
291.4244730259754
291.3872136842965
291.34613806464586
291.301751674388
291.25445157725534
291.20454745998717
291.15252684010204
291.1008942487654
291.05204218471437
291.0070620025604
290.9664906153708
290.93059965538174
290.90073143228847
290.87712409019616
290.8603830799328
290.8510115185551
290.84871749018
290.8525468504406
290.8584760543945
290.8595402918099
290.8589792872123
290.8572430817173
290.8472559922889
290.83310002572165
290.8175125447212
290.80180203808624
290.7864543236252
290.7714432181917
290.75678126759834
290.74243753312624
290.72848263104703
290.71482459432036
290.70124351589766
290.6875903053535
290.67381769910304
290.65983497953846
290.6455689099953
290.63061238934387
290.6148677068011
290.59833134842626
290.5810343608599
290.5629493400965
290.5437474233623
290.52339597823135
290.5019622239456
290.47954617817015
290.4559800168962
290.43121972655024
290.40523026216323
290.3780344296928
290.3541210804706
290.3363450946125
290.32134594983256
290.30836948885803
290.30120537719824
290.29729819155955
290.292986067657
290.2879104825053
290.27979694663395
290.2711513159677
290.26220313870994
290.2515490187093
290.2380840686224
290.2205592792204
290.19823548207813
290.17141011076774
290.14435074439206
290.1207373927905
290.1022766204316
290.0895951148091
290.08298095070666
290.08265269486753
290.0887331559323
290.10115740040567
290.11976387632586
290.14405877509347
290.1734449569148
290.20737423393075
290.2454616785208
290.2874230668696
290.3328553515812
290.3809418485511
290.4310995934983
290.48316922198217
290.5371375256887
290.59254927933057
290.6484692768261
290.70462346391025
290.7610225432124
290.8177684943616
290.87430859059367
290.929744435504
290.9838753835551
291.03676897379034
291.0720995708673
292.03564865007723
292.07890537469996
292.11995603594204
292.1588814181038
292.1957985540037
292.2309098859121
292.2640729777027
292.2946486945154
292.3224653382371
292.3475706768621
292.37006498626425
292.38980910661536
292.4064236764001
292.4197575109343
292.42993299073737
292.43696296037785
292.44061187400007
292.44037972212215
292.4361542628464
292.4280531250289
292.4162608523528
292.4006915069788
292.38128197484224
292.358133246056
292.3314195684001
292.301353639209
292.26829709503465
292.2326614720389
292.19477446466095
292.15488847112886
292.1133948711168
292.0720512969698
292.03276583789733
291.99658118536445
291.9641345839171
291.9356266303534
291.9103032972797
291.88233489015954
291.8522820087817
291.8220055904489
291.7924782022929
291.76429156644525
291.7379048546445
291.71331122507223
291.690354333755
291.6688640472154
291.64866062216146
291.6294796281744
291.61123389109355
291.5937790980141
291.57709653032697
291.5611486446483
291.54586228666955
291.53112574597486
291.5169417898745
291.5033139291523
291.49018060022917
291.4774472216001
291.46505344114
291.45296545924924
291.44110408637977
291.42949327123677
291.41793478761724
291.40641386930287
291.39478422273737
291.38302027923845
291.3711582415615
291.3590410536896
291.3466873057519
291.33401527174726
291.3209962133934
291.30750531110357
291.29347914502847
291.2789501530508
291.26641214102614
291.2581656602501
291.25356575187243
291.2523751369891
291.25657167676707
291.2645853255603
291.27319312550543
291.28119959924425
291.2864355667008
291.28947843863426
291.29077282536497
291.2896381104585
291.2846950003598
291.27498596367167
291.2601480775163
291.24033918792014
291.21878820415685
291.19836024616865
291.1806825224845
291.166504590317
291.15634420756464
291.15076344623867
291.15034224664737
291.15528779753475
291.1657203657854
291.18128627315974
291.2016077914583
291.22614100848966
291.25459822840605
291.28665588675506
291.32199162877174
291.35977413928975
291.3995080317324
291.4408417568093
291.48373651662723
291.52800196745227
291.5731786518962
291.61882541964036
291.6648353159203
291.7111931086574
291.75751949684496
291.8030114928457
291.84742722648207
291.8907752444509
291.91974357938716
291.20047699039515
291.225843476981
291.25197990297715
291.27875812365124
291.3059885349055
291.3335524819076
291.3613112687001
291.38907602641547
291.41668201737446
291.4439263266702
291.4706440805234
291.4967184939271
291.5219726359435
291.54638359688875
291.5697656390714
291.59200666228867
291.61304373436167
291.6327372889585
291.6509127129767
291.66747065868094
291.68231462575835
291.6952738811986
291.7063442091006
291.7154222823069
291.72242941371263
291.7273250229848
291.7300834633573
291.73069295416616
291.72921398297615
291.7257553085267
291.720499746476
291.71348896120713
291.7050109109023
291.6952783005144
291.6845890606992
291.6732075208482
291.6613772327302
291.64934794361676
291.6373666208315
291.6256488744842
291.6144007931809
291.603873627975
291.5943126792806
291.58579148267575
291.57823207563763
291.5714096523197
291.56511769285135
291.5588951578567
291.552310857917
291.5452368925887
291.5376524235114
291.5296434120147
291.52126683585067
291.51263471050106
291.50384603624155
291.49492053303027
291.4859561782656
291.476898230804
291.46782145349925
291.45871590458836
291.44953341156855
291.44032295177766
291.4310484546167
291.42168903087213
291.41216170618895
291.40254810739344
291.39271520321734
291.38271494438516
291.3724751523016
291.3619366879952
291.3511545205736
291.339998780674
291.3284629316389
291.31650283719193
291.3041154761275
291.2914098129896
291.27869114363597
291.2662003620152
291.25414049197684
291.2427662114792
291.23222494898647
291.22248513378264
291.2134690629849
291.2049675929657
291.19686966203096
291.18921007793955
291.1817270605271
291.17416809761124
291.1662315838145
291.15758341603026
291.1479948844591
291.13734512774045
291.12580251956786
291.1136931001629
291.101136169605
291.0885306579069
291.0761395366289
291.06435895193175
291.0534725799069
291.04377517001
291.03551852855776
291.02892190121685
291.02415129359906
291.021338271401
291.0206086375313
291.02198380058684
291.0255488391234
291.0312545266084
291.0390532851457
291.0489181145703
291.06076438391545
291.07456406340646
291.0901423649049
291.1074489805602
291.1263356797227
291.14676412775975
291.1684821147311
291.1914016712558
291.2076073792495
291.6765285965245
291.68090907617386
291.68551354618603
291.69034738666454
291.69529715260427
291.7004081675566
291.70564351178376
291.71091066636683
291.71624999278083
291.7215911855174
291.72687612425756
291.73217458830703
291.7373612023272
291.74245474099683
291.74738878061834
291.75220212867544
291.75686928921243
291.76125995861844
291.76540997635516
291.7692512247012
291.7728201234695
291.77605095359604
291.7789415240817
291.7814643044424
291.7836305743921
291.785420896286
291.7868598423674
291.7880069204117
291.7888515497956
291.78948578802544
291.7898498537997
291.78996873477973
291.78993360594814
291.7897382245453
291.7894688062672
291.7890810994084
291.7886673859587
291.7878147656648
291.78666258111787
291.7853325501624
291.78395684469376
291.7825290801435
291.7811720827192
291.77978744474547
291.778403808724
291.7770918618386
291.7757132720308
291.774291274499
291.77280794283473
291.77133174782404
291.7698104805701
291.76830325511696
291.76686136040803
291.76545058957515
291.7641505958753
291.7628701054952
291.7616488200832
291.7604357710371
291.75927529540985
291.75811820791586
291.75701341842495
291.75585400603137
291.7546636799664
291.7534386221656
291.75217097953146
291.7508326337842
291.7494356159004
291.7479202900833
291.74626076790827
291.7445564125593
291.74268197827
291.74068159624716
291.73855059015455
291.7362417778285
291.73397746754324
291.7318810734112
291.73004015002283
291.7284507430599
291.72716338338466
291.7262233840066
291.72552989739734
291.72499685036684
291.7245171344645
291.7240623266549
291.72361344811446
291.72301874002756
291.7221414524322
291.7208734723752
291.71913658192943
291.7169142951483
291.7142120906431
291.7110879231831
291.7076506481382
291.7039273394674
291.69996648135066
291.6958950324592
291.6918670710305
291.68796676984874
291.68429562948916
291.6808480358809
291.6777530450138
291.67499670682923
291.67265627654587
291.67073896634696
291.6692765796406
291.6682472982806
291.6676970204212
291.6675703686371
291.66791187555503
291.6686738859507
291.6698307341436
291.6714012578439
291.6733339147853
291.675631640073
291.67828232492184
291.6812539884957
291.6844955469137
291.68799302428454
291.6905223317924
299.0267449701263
299.04269733460046
299.0595813053901
299.0774190527841
299.09617629844075
299.11579467997666
299.1362066857188
299.15704122724776
299.1783456432082
299.2000612858393
299.2221708419948
299.24463658962003
299.26729370791844
299.2901213159612
299.3130447611595
299.3360119645209
299.3588100753912
299.38144576487065
299.4037577049952
299.4257029664393
299.44714597724
299.4680250575695
299.4881731875815
299.5074905609242
299.5259144767271
299.5433921249337
299.5598417920505
299.57527754367544
299.5896192097069
299.6028170533891
299.61485447604764
299.62581808743334
299.6357906908429
299.6448265069241
299.6529499618904
299.66018542193257
299.6665430798753
299.67178275331696
299.675954786988
299.6791031662184
299.6812294981402
299.6823755072874
299.6825589279388
299.681742608228
299.679995142361
299.6772884142612
299.6736733768312
299.6691038026001
299.66374042266676
299.65774392721835
299.65111750112567
299.64383529993535
299.63600667096364
299.6275024652611
299.61841935319967
299.6087566441496
299.5984999511637
299.58762359821935
299.5762449980895
299.56429512605007
299.55180017266207
299.53880735498984
299.52528819461753
299.5112841788005
299.49675872186106
299.48180177480475
299.4663621051465
299.4505075695087
299.4341912863098
299.41734140509027
299.39984706012484
299.38172566310845
299.3630321737215
299.34378958993676
299.32407680659367
299.3039218932614
299.2833765430111
299.2626177061779
299.241735810433
299.22080662298515
299.19984313717447
299.17891944598597
299.15811579481976
299.1375219496775
299.1171406600235
299.09704703802777
299.07725372187315
299.0576960308307
299.0384264689903
299.019371926703
299.000684072247
298.9824774769922
298.9647696317714
298.9476464564224
298.93118692399065
298.91554248767426
298.90082463389683
298.88718042585816
298.8746069376759
298.862965311721
298.8523401562676
298.8427521698149
298.8341397050222
298.8265716957211
298.8201212078023
298.81479259069005
298.81074720334436
298.8080981553626
298.8067830781506
298.80680732142014
298.80821629237283
298.8109108112488
298.81499784978973
298.82043738262087
298.8271904915357
298.8352471303331
298.84449620604715
298.85490314667317
298.8626135255918
294.03687414781547
294.0528538610558
294.0697271854984
294.0873675407897
294.1058039107419
294.12494614879967
294.14465980132906
294.164602522574
294.18479020392203
294.2052448422902
294.22585109954883
294.2465758062425
294.2673158238577
294.28796013266515
294.308425182596
294.3287120185217
294.34861202661403
294.3681360171503
294.3870913056634
294.40544314991007
294.4231514918718
294.4400577354674
294.45615043513396
294.47132929764706
294.48554316602747
294.4986977468519
294.5108048503388
294.52184610117314
294.53181797488827
294.54062113270413
294.5483383072648
294.5550165039958
294.560796027441
294.56577897954355
294.5700396674224
294.57362494029127
294.57650391871
294.5782627158374
294.579049379123
294.57898305194755
294.5781716906454
294.57662328449254
294.5744564371275
294.57157802525956
294.5680139495366
294.56380738222754
294.5589147994429
294.55339195183205
294.54728878390756
294.5406413153621
294.5335088097014
294.52585603818346
294.517729985102
294.5091501738361
294.5001148289056
294.4906503694129
294.4807253077369
294.4704515115632
294.45976923786986
294.4486996523542
294.43725041260234
294.42543503550047
294.4132776003445
294.40074469750243
294.38789412621037
294.37468191906794
294.3611478710414
294.34729992959376
294.3331445330055
294.3185784144933
294.30365200757234
294.2883189060799
294.2726557067941
294.2566038472484
294.2401983478838
294.22354882641605
294.2066475908929
294.1895431980916
294.1722908781989
294.15492324127086
294.13745257139334
294.1199778915926
294.10257301930596
294.08528420419304
294.0680490567254
294.05091585100155
294.03385648840174
294.01682902055023
293.9997457916081
293.98268319217385
293.9656689584326
293.94878746171446
293.9321305676151
293.9157817529484
293.89984272636514
293.88444566326757
293.8697257429691
293.8557428490472
293.84266596708284
293.8305052809324
293.8193795948136
293.80932184892293
293.80027369503836
293.79226147729577
293.78540136402694
293.77969166996587
293.7752799154207
293.7724372201814
293.77100224700854
293.77106626422307
293.77246016598497
293.7753061912082
293.7794463161043
293.7849675074921
293.7918036695174
293.7998805004242
293.8091937147225
293.8196627627567
293.8273907848436
302.9713988867944
302.9862209313318
303.00251558985855
303.02025043021234
303.0392997666014
303.05967820213203
303.0812307115875
303.1039088703434
303.1276646094004
303.15234923620676
303.1779388364067
303.2042775097048
303.2312794613872
303.25884965872274
303.28687682433014
303.3152352684927
303.3438347003438
303.3725312887329
303.40124018496624
303.42982390508325
303.45823716635545
303.48629981267044
303.51390743706094
303.54099598041205
303.56739599179855
303.59304601900124
303.617841102674
303.64163511862444
303.6644196762885
303.6860747663236
303.70654648381236
303.7258010480037
303.74383877223295
303.7606291244699
303.77626266766924
303.7907771147288
303.8041785415625
303.8164745423232
303.8274747612263
303.83710881900134
303.84537292192283
303.85234197348865
303.858058635253
303.8625385385454
303.8658427283385
303.8680390901967
303.8691014442286
303.86906483939913
303.86792350110875
303.86570491250734
303.8623917951206
303.85803473176986
303.85270142713534
303.8463967337134
303.83913443911416
303.8309805828695
303.82198672588106
303.8121777272438
303.8015957112655
303.7902475259459
303.77816199170036
303.76541977666926
303.75201207373954
303.7379395393383
303.7232826471398
303.70800314884906
303.6921421924575
303.6757368471013
303.6587642144165
303.6413073372947
303.6233136341595
303.60486811355804
303.5859031762155
303.56649872628725
303.5466516391785
303.52634304213495
303.5056471363706
303.4845945559424
303.4631998377581
303.44151537912387
303.419578956052
303.3974256439398
303.37503205771793
303.3524914053679
303.3298229363908
303.3070947385578
303.2842763685121
303.2614556449342
303.2386546766229
303.2158590907808
303.19310103582325
303.1704185729233
303.1479163046302
303.12560721854754
303.1035827937969
303.0819208097679
303.060732758736
303.04014566012887
303.0202822959282
303.0012847748086
302.98328000423186
302.9663696579508
302.95071907442576
302.93637268751866
302.9235145525093
302.91216790409646
302.90246468056955
302.89443125463725
302.88811941074584
302.8836158576191
302.88090363949107
302.88004532197806
302.8809859802475
302.88377010288986
302.8883610478705
302.89475304638586
302.9029076035289
302.912748092678
302.92037990733576
297.63060967136204
297.65110281253345
297.6732976220795
297.69714010910064
297.72252857134424
297.74943694732366
297.77769587890776
297.80727893004655
297.8380779336989
297.8699703073373
297.90284303944014
297.9365683411407
297.97106201482006
298.0060763910851
298.04155084002133
298.0773327108979
298.11327495858745
298.1492169500098
298.18501552676315
298.22060279114254
298.25575140332063
298.29037554805706
298.3243696871409
298.3575809495139
298.3898952652737
298.4212140483541
298.45141302768735
298.4803823630712
298.5080276668818
298.5342556181983
298.55901692680015
298.5822361643118
298.60385351766166
298.6239539406906
298.6425741611671
298.65973670342555
298.6754736291669
298.68959434686366
298.7019956002475
298.71256058207615
298.7213458236752
298.72835292701495
298.7336599758758
298.73729736645845
298.7393235655413
298.7397415746726
298.73865387639995
298.7360087126851
298.73190634728587
298.7263266086222
298.719295820006
298.7108967900783
298.7012199257459
298.6902761841939
298.67814831226707
298.66489203723256
298.65057032508287
298.63526644236737
298.61896984263774
298.60176011953797
298.5837212833448
298.5648290870009
298.5452099372772
298.52483472343357
298.5038183037648
298.4821288929318
298.4598435439745
298.4369606712904
298.4135825455332
298.3896981897138
298.36532772811034
298.3405645020559
298.3153913862688
298.28986864612295
298.2639729130613
298.2377831496704
298.211297395303
298.18454109402654
298.1575510989778
298.13038150065466
298.10301921178916
298.07556170646546
298.04799164693264
298.02032955722916
297.99265648113914
297.9649645698285
297.9372947274643
297.90970691430374
297.8822200360607
297.8549309684813
297.8278256003576
297.80104563206095
297.774667884025
297.7488083564079
297.72356751708577
297.69904583571883
297.6753895086945
297.6527849882596
297.6312590540525
297.6110305718568
297.59222436003876
297.5749451480137
297.5592851471837
297.5454057596109
297.5333658496733
297.52325514763794
297.5151528968789
297.5091106945472
297.50517454881964
297.5034276544357
297.5038697222468
297.50656122766617
297.5114510343502
297.51854333109
297.5278360866922
297.53924150570765
297.55272284880476
297.56821391623873
297.5798468310539
305.40878529332315
305.42007131438356
305.43283299826834
305.4470641896678
305.4626523781706
305.4796096227484
305.49785306919375
305.51729309163557
305.53789257032804
305.55960086176555
305.5823318913297
305.6060374671159
305.630588322364
305.6559393038154
305.68198147591266
305.70862048155215
305.7357654800434
305.76330417305064
305.7911585240465
305.81921693733716
305.8473767333426
305.8755433562841
305.9036087678044
305.9314277075837
305.9589627063484
305.9860129000203
306.0125605309503
306.03846789396044
306.0636613639205
306.0880406375887
306.1115505272014
306.13409038412806
306.1556865210453
306.17636339814965
306.1960892180075
306.2149184962845
306.23290287836363
306.24983192415044
306.2656566258015
306.28020815942415
306.2934947605755
306.30544645064583
306.31615232233895
306.3255845718301
306.3337844341662
306.3407211607789
306.3463504411064
306.35071952177714
306.3537546403006
306.3554427901977
306.35582033239393
306.3549047766789
306.3527385053455
306.34938617620395
306.34487775602133
306.33926703102577
306.33259567741925
306.3249422692041
306.31630991210557
306.3067835189917
306.2963643143291
306.285124837173
306.2730984939014
306.2602831372096
306.24673037872196
306.23246436598333
306.21750951117895
306.2018756961546
306.18562190777766
306.1687154290448
306.1511958291029
306.1330825463862
306.11440410775043
306.0951630707849
306.07539180108415
306.0550731804065
306.03434718049067
306.0131011855586
305.9915130990798
305.9695244037695
305.94723812398195
305.9246774412362
305.9018435000262
305.8788106330619
305.8555518181218
305.8321379659802
305.8085764228821
305.7849018566295
305.7611480570762
305.7372571694382
305.71335380509555
305.6894554065234
305.6656426582745
305.64194368998517
305.61853695562104
305.59549392429415
305.57286722603266
305.5508636266742
305.5295431089924
305.5091324375971
305.48966364557
305.4712984032373
305.4541563648045
305.4383009783892
305.4238456712498
305.41091045310844
305.39949770527363
305.3897061353255
305.3815542070542
305.3751096659034
305.3704025687412
305.36743315758764
305.3661649711927
305.3666685091113
305.3689119484086
305.37286886101083
305.37845503102517
305.3857388256542
305.3915583507558
306.0067931689806
306.0175478082775
306.0297706449889
306.04338894256676
306.0584144382383
306.0747451374041
306.0923559965504
306.11121332679346
306.1312062693796
306.15232794933974
306.17445489420123
306.19755823410793
306.22155508960907
306.2462855007368
306.2717552522849
306.2977989633715
306.32431470028894
306.3512348877923
306.3784601239981
306.4058629866142
306.4333267147676
306.46081689232346
306.4881501341905
306.5153073749792
306.5421951296532
306.5686850440918
306.59467537463166
306.62009579443674
306.6448517210927
306.66891382032526
306.69212606431074
306.7145126564448
306.73600477882354
306.75658462372337
306.77625665286837
306.79500543808405
306.8129070808235
306.8297741245934
306.8455159623525
306.86004141492504
306.873306023021
306.8852593250498
306.8959496531519
306.9053274096734
306.9134405114903
306.9202530591017
306.9258292670792
306.9300934075663
306.933083081938
306.9348124701057
306.93525338108594
306.9344347626725
306.93239611156247
306.9292096845517
306.9248520249503
306.91940086132666
306.91291424446393
306.9053939080883
306.8969122192253
306.88747436955316
306.8771507622153
306.86596993187663
306.85397878808345
306.8411507755778
306.82765568816814
306.81336643878626
306.79841285006086
306.78279659034354
306.7665352083845
306.7496859079738
306.7322488885528
306.71424516372605
306.6957176581796
306.6766837066879
306.65715696898684
306.63716305901505
306.6167395907704
306.5958809542576
306.5746764441964
306.5531340612561
306.53121135614083
306.509044543829
306.4866151715387
306.4639694217524
306.4411168617966
306.4180738325388
306.3949320068388
306.37166147378406
306.3483311702457
306.32497774461353
306.30166456432624
306.27839915888643
306.25533106948495
306.2324843027639
306.2099380761511
306.187791722567
306.1661615055568
306.1451238472165
306.12480983354743
306.1053164160011
306.0867242815407
306.0691730907931
306.05274797454194
306.0375242652924
306.02364404340267
306.01113282479804
306.00006745106685
305.9904868241079
305.9824786856572
305.97606871938996
305.971313075945
305.96821379419515
305.9668054767867
305.9670733825032
305.9690050056509
305.9726194207115
305.9778612096099
305.98472531283153
305.9902545977241
295.87477736071554
295.9045307659641
295.9340936266542
295.96331610057433
295.99224623127753
296.020781952812
296.04873125578223
296.07550996607245
296.10100249557047
296.1250677784697
296.1477439938993
296.1688790087474
296.18826563099105
296.2058842820042
296.2218651587465
296.2361412016021
296.24866898797717
296.2593415436647
296.2680277391222
296.2747669406557
296.2795181739779
296.2822407432101
296.282940883817
296.28164975261905
296.2782993872048
296.27289939795537
296.26577753691595
296.2570417292354
296.24685732299986
296.2354096226354
296.2228666332526
296.2098811261191
296.19714868659565
296.18494826762435
296.17331490912755
296.16224003919916
296.15180351543194
296.1410640274119
296.1295942921292
296.11789272345305
296.10617907021
296.09453016318747
296.08314569177116
296.0720208616523
296.0610970695727
296.0502745005554
296.0394469902526
296.0284522947411
296.0172101110194
296.0056584091587
295.99379677444807
295.9816896653147
295.969369918922
295.9568890799117
295.94433819777413
295.9317811167423
295.919200924109
295.9066536792617
295.89416302493913
295.88168857115954
295.86920669974995
295.8567132959005
295.8441574386379
295.8314902219828
295.81866044317394
295.8057082688606
295.7925519669738
295.77918970101985
295.7655730027144
295.7516647119443
295.7374573677692
295.7228954225186
295.7079965870989
295.6926610582871
295.6770116159124
295.66112405993135
295.6453286426559
295.6299338912322
295.6151882660475
295.6012142372849
295.58816909548847
295.5760697676311
295.56480067148703
295.5548616491031
295.5468283507794
295.54052044167423
295.5352444319608
295.53022962323877
295.52481625194525
295.51854703392377
295.51156138182415
295.50400768121114
295.49637040676527
295.48897657071353
295.48233440032755
295.47691762576073
295.47326472840126
295.47152557810267
295.4718689124697
295.4743304756778
295.47921785938
295.48648137949675
295.4959941917398
295.5079093970602
295.52205005282343
295.5380119582358
295.5557010394932
295.5749575971046
295.5956588666764
295.61776115071774
295.6410047333264
295.6652375692818
295.6903161714146
295.7161978776086
295.7426290195477
295.76925030736135
295.79594315106567
295.8227162970181
295.8409452546933
