0.0058154681780252055
0.0010047075646935535
-0.0033964301580342283
-0.00817166211336532
-0.013255399317320612
-0.018412157560257065
-0.02100899903852244
-0.022914126447554355
-0.024429003968487163
-0.02561101093751738
-0.02683988033900914
-0.029076511389868973
-0.03133237272121729
-0.0336061974863626
-0.03572434975614368
-0.037188362268962605
-0.03667669225484995
-0.0354937369333353
-0.033539651715123436
-0.030909046352891656
-0.02849755841450292
-0.02755333059861742
-0.026698129665182882
-0.025882311344415602
-0.02515170037006575
-0.024392479623083305
-0.023410441822602317
-0.02223720409292569
-0.020879398740956314
-0.019358765427641252
-0.017150041011785598
-0.014418721919164594
-0.011534574937470047
-0.008535617554648834
-0.005421699445278157
-0.002050426029953613
0.0012977335805719422
0.003604431376248655
0.006324711721853496
0.009029313038501017
0.016360604551282007
0.02227671858786359
0.022011542975609248
0.024513134591448348
0.027067877603658978
0.02526726582507436
0.025857634490725222
0.026209567542071634
0.02627513897757356
0.02609738801194408
0.02546769221627974
0.02458145533872806
0.023458137651897096
0.022178424933134988
0.020700928211696244
0.01902934578542106
0.017215845457578174
0.015283735854981731
0.013205226808842025
0.011029425971166587
0.008901086788355515
0.006734066671289901
0.0045148926223857674
0.0022460162512593527
-0.0001592638163200509
-0.002877238577517727
-0.005757869711378179
-0.008727235016153176
-0.011871308946202652
-0.015077324593592954
-0.01833697492273597
-0.021656643845233657
-0.02499723595771024
-0.02533087698409242
-0.02069173695156
-0.020322961581886154
-0.019584497727762863
-0.001972295502914048
-0.0028139434211436696
-0.024722295176155665
-0.028497111459597064
-0.07720342923189964
-0.018722031000670065
-0.03470881671285556
-0.03709731091333584
-0.03781640512985153
-0.03809654121524912
-0.03799202129623007
-0.03751800980901005
-0.0334387380445361
-0.026876713732710722
-0.01871950059046115
-0.009091969835060816
0.0018939975656266843
0.007782830325239386
0.009858420161811238
0.010907697885086224
0.011140468249244636
0.010607720835180239
0.010530966964092515
0.011234570081672115
0.012058748495074142
0.012982596530652424
0.01418328396759085
0.015393170309811995
0.017237674827545686
0.019583144167783676
0.022501229362836786
0.02583688577136997
0.02568737683396828
0.024326736847815587
0.022236591771640245
0.019423617885539927
0.01609693322296093
0.014417278373334307
0.012901253875660986
0.01147600910908048
0.01012555145501827
0.00927028565401827
0.02575297428515976
0.02141765310450216
0.017849703280703892
0.013945262640088106
0.009537874983733248
0.0047150900218765395
0.00024786554121299103
-0.003979426840354609
-0.008006418278844562
-0.011900813418880938
-0.015535847478390777
-0.018940928984268395
-0.021705893066600118
-0.023852137429356036
-0.025482566452186755
-0.026648973193705176
-0.027317395936284676
-0.027500874327441038
-0.02716410433656292
-0.026180070134680614
-0.024642486885429218
-0.022945203281936766
-0.021224587140810935
-0.019515290387855138
-0.017855545806925915
-0.016235659026046036
-0.014415004889838693
-0.012344414185923787
-0.009969327518338374
-0.007337513051054247
-0.004370354216619403
-0.00098990413800504
0.0025992076065705244
0.006251440326068612
0.010015719175600233
0.013813801423048538
0.01734877024992408
0.019931662895507928
0.021040834727034153
0.022751928430312138
0.025569676899286308
0.031093047955811113
0.03538038034501538
0.037584274818644424
0.03964346249352589
0.04069545717932846
0.0390765208487741
0.037450515793147836
0.035782187764728135
0.033957316122827694
0.03212709769715739
0.030388626649860875
0.028631726634076017
0.026790803672816423
0.024886382192253243
0.022835480927180882
0.020692543554447516
0.018417699482519152
0.01600972114925321
0.013541847188531856
0.010980573118232329
0.008372221249624261
0.005803152555425218
0.003214507231460318
0.0006630923609084895
-0.0019875839007457443
-0.004851746664124457
-0.007893502824124552
-0.011124427508217332
-0.01448118986449828
-0.017827499605353753
-0.02101264230659821
-0.024092378305502853
-0.02703614077148388
-0.02472543310589985
-0.019438657837541028
-0.016005968044283714
-0.008242933372654856
0.006236894047036073
0.00874872733613984
0.005962771216919993
-0.014297731578940463
-0.033875247212627295
-0.02657515847830549
-0.01790108608602347
-0.014607029109724473
-0.012622937055774018
-0.010896892322808214
-0.009155501715446207
-0.007400631499369347
-0.00662190874326697
-0.007063524373504574
-0.007975384797472873
-0.008730673567668247
-0.010600294197323886
-0.015066580655987682
-0.019790249156477886
-0.02442681627904642
-0.029284812068234415
-0.03223337705561406
-0.03091896624836318
-0.027625212289212706
-0.023326897283386553
-0.01839403836192193
-0.013231664513214338
-0.007918006636747441
-0.002342092537859187
0.0036132425524475465
0.009912158440803578
0.016623201279056626
0.02372772178066691
0.030465426482891272
0.036382980432425924
0.04147897179231233
0.042774489449401244
0.04048922611105699
0.03703448984288167
0.033154382379260015
0.030381645499897976
-0.022108864970806677
-0.021734829232871154
-0.021359449533016748
-0.02095271644873986
-0.020610443430093838
-0.020272955687318614
-0.020038701578188968
-0.01998650466173154
-0.02011663975669071
-0.020463523147515313
-0.021019499480337264
-0.021496208286279263
-0.02169698126797602
-0.021618568199941072
-0.02119780625270709
-0.02050752652992897
-0.019625227509540866
-0.01868989440312746
-0.01763090658201063
-0.016544927932561453
-0.015387618600356883
-0.014179507547859696
-0.012882247395224786
-0.011542414205082018
-0.010134355064839583
-0.008683863721696099
-0.007169959785026281
-0.005676961771897504
-0.0041273743923080685
-0.0025472733536454004
-0.0009535986615248848
0.0006386991282913091
0.002243603704540937
0.0038530829258489963
0.00552240787711302
0.007206200218635542
0.009178917748574563
0.010340371584446856
0.011018064209821446
0.01227227713556328
0.013836595880354694
0.015952756667651887
0.017905879713378144
0.01948433562315183
0.021068976380661356
0.02231930180569699
0.02284801644658927
0.02322913073628959
0.02348862738490853
0.023661745625758443
0.023758470395959172
0.023796111711111192
0.023728299330478323
0.023572000118216124
0.02335429337260043
0.023060332679367905
0.0226896914594098
0.02220538535375016
0.02169110642176182
0.021067318656578134
0.02044347555521271
0.01982259328522598
0.019185569104243867
0.018575238603808438
0.017956963467477677
0.01732438671107101
0.01662540035447782
0.015865886932744083
0.015066564294305227
0.014214880175332463
0.013377921759806151
0.012523781127753009
0.011646353528322089
0.010828072716085602
0.011376890524654473
0.012101128425558876
0.012925732529654581
0.014782032306666857
0.017616202877639358
0.019310716579608138
0.020888192926480042
0.01887338756010179
0.017750095835923862
0.017158704852948726
0.01623892393360795
0.014363438298069438
0.011460316372144997
0.00745132029580475
0.002313997957262459
-0.0034761066660647807
-0.00845143616035984
-0.012374143745675302
-0.015144980612215848
-0.01677627083162859
-0.0175844808535373
-0.018345114725084703
-0.019098345984033507
-0.019802805086541028
-0.02048665825252725
-0.021169284584094703
-0.021769132892664158
-0.022431875348984047
-0.023134431789676595
-0.023924030874793497
-0.0245717460234128
-0.024961416931481767
-0.025076693564232696
-0.024953093132259248
-0.024563677469129172
-0.024089624397986936
-0.02366519807415268
-0.023365230179230576
-0.023198330751497517
-0.023131554294957807
-0.023086081094963205
-0.022902904630398523
-0.02263170854879966
-0.02221321412522725
-0.02184806164145429
0.03173811304600162
0.02951713543145785
0.027462593934914733
0.025841443213788656
0.024536912381663348
0.02344916263895217
0.02231020593101757
0.020904090666556602
0.019296763573291412
0.01755454260777246
0.015682036373791137
0.013818426917282413
0.012041401372665524
0.010422759763125336
0.00904242742762731
0.007988487490628759
0.007454833683890909
0.007538206774589486
0.008163731488188712
0.009311428784027498
0.010865367503477033
0.012603199688895603
0.014425337406591665
0.016259299766202658
0.018174102945202088
0.02011273021128531
0.02226478002734523
0.024679281465744492
0.02736967715106704
0.030365018903275476
0.033393505124723194
0.03639170378711685
0.039208235913460926
0.041742669896708114
0.043968398902134956
0.04593717279766366
0.047824082353831385
0.049802223428969956
0.05173122078502262
0.05414179409703164
0.05713300325683726
0.06116980934847093
0.06546292280389138
0.06833839084023889
0.07037760694700856
0.07155559756710951
0.06970602073305585
0.06606212435008141
0.06157035033903698
0.05663369550353656
0.051517288546890874
0.046384778666210304
0.04130230816907614
0.036346837382421046
0.03145057362635799
0.026655615816643708
0.021909512359396772
0.017290788676478208
0.012766248738180533
0.008314192204464103
0.0040719491901837915
0.00010370639159760014
-0.0036042407946209913
-0.007013351421756899
-0.010164654473254162
-0.013098658416659833
-0.015732984076734468
-0.018070724116271347
-0.020055182149950054
-0.02175266793892985
-0.023134905819243577
-0.024139367862797457
-0.024786760564091882
-0.025038195194294198
-0.0236302348852016
-0.01960165530742373
-0.013915749092289742
-0.007007659044046058
0.001715859130611628
0.010791401423926835
0.01901664301879093
0.02363302132194608
0.020772310649932027
0.01959349368498277
0.02089004421515337
0.023671305822664194
0.02704677842259133
0.030570919798202808
0.03419901796546796
0.037898859150252026
0.0415131516296666
0.044921506215588713
0.04798083392141273
0.05060469949360043
0.052948901384021786
0.05491448699302284
0.05646420045950132
0.05748603896825106
0.0579927028921474
0.05792221029480446
0.05746246364107601
0.05660763035842947
0.05540636627597313
0.05385297235694493
0.05196787156699506
0.04974305717865452
0.04724930630531169
0.044541237659876304
0.041807311308784637
0.039163321811252545
0.03678638163986474
0.03460219947310575
0.032499829961159576
0.03040601877964139
0.028298792211639535
0.02611773861730049
0.023904672538561014
0.021701225956178582
0.020217522385313866
-0.0004145661743888487
-0.0014801906521731839
-0.0025580449734280294
-0.003868134408675759
-0.005448830565506212
-0.007169913467487982
-0.008731457932507685
-0.009854365577211914
-0.01059276314314376
-0.011063453192830149
-0.011407759146671763
-0.011745321469880865
-0.012235918101913225
-0.012867976039202712
-0.013552533444486323
-0.014231011722935796
-0.014819231963617343
-0.01531692832323508
-0.015608457347132797
-0.015638626215781905
-0.015316459441982152
-0.014496905793659675
-0.013087781845418906
-0.01109547196896339
-0.008606737299122334
-0.005594357815355537
-0.0022206876371063996
0.001421240941849271
0.005271573781104734
0.009349950122263195
0.013617594485341862
0.017805764091154093
0.0218276143036075
0.025772362992858486
0.029656781606001926
0.03359112024956677
0.03785306435501977
0.04411049208238698
0.049429278500182645
0.05338014810375707
0.05635965477852263
0.05866713572476252
0.06046365656164361
0.06188644318179358
0.0628987266882988
0.06355883446370889
0.06382512991250451
0.06352338011349536
0.06273648463030222
0.06137861315740099
0.05947705199749517
0.057101007216230286
0.05431268720679008
0.05114005966849111
0.04766811529239057
0.04396425406815091
0.04002931664930906
0.03598663080259247
0.031863494363311304
0.027645889523599032
0.023451078316540423
0.01919421096472941
0.014998064016187128
0.01079433831920964
0.0066284856340801755
0.002524114872370744
-0.0015892654410707603
-0.005616222891869937
-0.009550830946040277
-0.013310728116079182
-0.0169191542918181
-0.020237694517028417
-0.02321041139768895
-0.02585259470134658
-0.0273347223249613
-0.02684308758241081
-0.024300547019376586
-0.019935029895196448
-0.013454240119542863
-0.005944672254109179
0.0014148255002792375
0.006368561934606335
0.00541276339416522
0.0031202857633882784
0.0012281371210431894
0.0007862872460924422
0.0018850750180678432
0.004346183365606022
0.0077930461336041795
0.011778345386125051
0.015918747333939175
0.019734176094539087
0.023087880531396376
0.02587434038318012
0.02800432128122671
0.0296924829028117
0.030903435280234426
0.031738880196454836
0.03212383847793275
0.03212768987573841
0.03166720622193561
0.030721274139452113
0.029336985701632328
0.027473847516011552
0.02521096759853616
0.02271308581032377
0.020041540523634938
0.017254362275670256
0.014296806099944288
0.011283053097389483
0.007987888038688662
0.0045366319432089425
0.0008999563197364853
-0.002885955303293414
-0.006764053494434436
-0.010512306485731503
-0.01420012554608209
-0.017823228681778856
-0.020243144824709607
-0.010017108931321503
-0.011783695179844525
-0.013596324634049311
-0.015424382210623318
-0.017292421279763583
-0.019120006811744097
-0.020997582715222764
-0.02287319059239305
-0.024728088742489013
-0.02654454843542199
-0.02839424539854061
-0.030170815261786776
-0.031928906959182275
-0.0336247334275348
-0.035241768397031734
-0.036727624986128665
-0.03804568522428412
-0.03921685341377639
-0.04022305659887944
-0.041030621295676487
-0.04167712077256196
-0.042106567975730945
-0.04235988611365783
-0.04240447093180342
-0.04224175451724
-0.04191852789606408
-0.04138765418974292
-0.040664979711283224
-0.039746759638193435
-0.03863387870254763
-0.03731434496854161
-0.035826694661046384
-0.034131636079890976
-0.032305088303591474
-0.03038924737037753
-0.028397666668792614
-0.02635801279171464
-0.024279162396662793
-0.022158286064573502
-0.01998006805776515
-0.017752210920953387
-0.01550164607303588
-0.013132726218291063
-0.010687074768124335
-0.00813498312148246
-0.0055898244733763045
-0.003039172978444342
-0.0006935193690195527
0.0013252084913251787
0.002987912457299223
0.0042842627286827535
0.005208960972616241
0.005835250772750168
0.006207719385558512
0.006363688352377794
0.006324047400157835
0.006143840768742556
0.0058019851493267445
0.005332300278454896
0.00476815896782607
0.004096887386980116
0.0033323545853602304
0.002522324399517556
0.001646561789520476
0.0007620231615443335
-0.00014368653891434652
-0.001025919643953678
-0.001928443342637377
-0.002799618452291019
-0.0036620115990849142
-0.004506479571235505
-0.00533278984059748
-0.00614907976643251
-0.006925112918365732
-0.007643409919383197
-0.00823907326432795
-0.008604293998125545
-0.008619191717453505
-0.008201863519033339
-0.007308524795983856
-0.0059048275784475855
-0.00415290534299011
-0.002259456164435246
-0.0005375484013779391
0.000953873847007387
0.002156929111402692
0.003149558474978597
0.004085822491158189
0.004947363243382909
0.0058444550122415265
0.006787595076759578
0.007791545251905112
0.008874853813124346
0.010005335285875635
0.011205926184191221
0.012421612573760758
0.013645304815244392
0.014819269405366951
0.015871835390149545
0.01681249944007016
0.017516950080493046
0.018047260371135455
0.018302145628536555
0.018335228393047763
0.018107879486527784
0.017651019402835772
0.016978637055484604
0.016102736523746625
0.015026482983114799
0.013792601972474587
0.012385141543782492
0.010819303366133778
0.009117708214433161
0.007266695216369319
0.0053019714907789756
0.0032389673111027314
0.00109675565710608
-0.0010790527488222046
-0.002565160463762732
-0.0321260857632401
-0.03230535229459145
-0.03247749537466461
-0.03261662167484169
-0.03276077969699644
-0.03288089211127965
-0.03300005031738283
-0.03313212639331221
-0.03326756714035641
-0.0334321180802422
-0.0335915649545845
-0.0338054607452218
-0.033982497944917534
-0.03414821379005391
-0.034310579344547926
-0.03446711950709027
-0.03462261667135978
-0.03477776141570001
-0.03489977238694777
-0.03500873188867091
-0.03511368819386909
-0.03516732617003547
-0.03519634633513092
-0.03517954090149477
-0.03510681386201084
-0.034998313754564025
-0.03486201791565084
-0.034672141986767255
-0.03445375259169095
-0.03418417987475069
-0.03386131555901213
-0.03349974180238381
-0.033075092158010286
-0.03256466997510136
-0.031985273731956324
-0.03130119363138813
-0.030463540478714406
-0.029510636974809597
-0.028680640272049664
-0.02799123118442997
-0.027294559003753573
-0.02663888645932248
-0.02597437650046701
-0.025351642218401964
-0.02468072570729254
-0.024032602644237535
-0.023439516346204975
-0.022901316878168577
-0.022402541485838704
-0.021976573235873324
-0.02157609309184573
-0.0212825612858684
-0.02102670163160659
-0.020860638371422286
-0.020741186036241557
-0.020703884265606584
-0.020752943096509907
-0.02083972248269758
-0.020988762185961927
-0.021155099401093135
-0.02138632165950692
-0.021652687805968247
-0.0219330418318941
-0.022266683330131046
-0.022616725765723145
-0.022991884707526097
-0.023397707538374307
-0.02376440015898003
-0.024220355066248988
-0.02463915549498573
-0.02505618337803633
-0.02547399732056381
-0.02587465409274815
-0.02625775364514877
-0.02654788431041514
-0.026736500713254636
-0.026790705630597766
-0.02669632923473002
-0.02645621325570114
-0.026096025510421013
-0.025700909789758725
-0.025355870163809514
-0.025375702996918926
-0.025479663331407214
-0.025510443807755585
-0.025440901430040543
-0.02535353777154187
-0.02524321415722074
-0.025126580473809394
-0.025080830230548922
-0.02501710383861191
-0.02491807347742855
-0.024767959042815788
-0.024589736296236783
-0.024310628884498243
-0.02403813373188362
-0.023730253031459935
-0.023454823745198885
-0.023209740447112402
-0.02302099933713649
-0.022871071179751925
-0.02277045921282674
-0.02275816776349136
-0.022814604706057357
-0.02291008610409344
-0.02305241620746554
-0.023251389975855824
-0.023505946320794637
-0.023740516214288375
-0.024005460782987435
-0.02428692282053203
-0.024577150191576698
-0.02486226341155936
-0.025128159948833582
-0.025429343536471197
-0.025719268744348014
-0.026072650197641756
-0.02645390995323025
-0.02670876002582078
0.040202496536624145
0.03898463499136164
0.03753982726230523
0.0359214285372439
0.03412724970652771
0.03215893113605008
0.030026495308351418
0.027788281712698943
0.025374089372048544
0.022796802786991664
0.0200330369464998
0.01718461845768304
0.014269613709193442
0.011308122157012424
0.008369802081471514
0.005415266453233372
0.002519457318114661
-0.0003332576040864291
-0.003111660951873425
-0.0058238492061425794
-0.008453617396071839
-0.010964340138536477
-0.013344140020273178
-0.015590632543620284
-0.017711726454482105
-0.01965190795185978
-0.021459402686339325
-0.023091780862153043
-0.024563544347644524
-0.025881924556215328
-0.02707677474326742
-0.028089091632272793
-0.029020754980588998
-0.02982551684352189
-0.03052693133668677
-0.031102229277798658
-0.03153874980548289
-0.03184485516458711
-0.03223280554508935
-0.032491631359333875
-0.03261296282810219
-0.03260736312152031
-0.032439618316978475
-0.03216642794336907
-0.03176376258316244
-0.03125850038139912
-0.030655836010263227
-0.029978778772314352
-0.02930044713544749
-0.028588185701844456
-0.0278859724171363
-0.027185104626212292
-0.026474075891416145
-0.025780699972358528
-0.02509112834855051
-0.024367656662240698
-0.02367692738877997
-0.02296087930493646
-0.022218603217459998
-0.021503228113512823
-0.02075136925719139
-0.020011640976232824
-0.019253342582917582
-0.018475350523671275
-0.01770464676202249
-0.01693444246630633
-0.01616489063260669
-0.015378509102531248
-0.014563098341448762
-0.013723253483404012
-0.012798508908638847
-0.01179993409805882
-0.010708973038874019
-0.00958085769181202
-0.008369999469134762
-0.007127062364656796
-0.005848579079063588
-0.004507813202725961
-0.0031370672819112455
-0.0017570200279821537
-0.0003666042662653812
0.0010041738311168595
0.0024077400504622357
0.00384063004940403
0.005281493617153473
0.0067211972488069845
0.008193218595879483
0.009650344428229552
0.011071122466990147
0.012561138843898754
0.013967826861246844
0.015389756878087274
0.016742023590165255
0.018047785714439414
0.019294462539650798
0.020451915192045707
0.021431940686049707
0.02224546938941143
0.02284083065927446
0.02326321592868637
0.023526549753699073
0.02364183087787697
0.023601772916527708
0.023382998883029808
0.02304661829974499
0.02257544428785254
0.021953594631017082
0.021109039266737132
0.020106603193641225
0.018873544577289805
0.017521354999711566
0.01597638080226732
0.014284390202497806
0.012422635995742237
0.01037903103461532
0.008233316845169737
0.005927629654060973
0.00358180115069606
0.001991389012062954
0.027184071964436778
0.025279564416120177
0.023181068314547727
0.02095417412986916
0.018569222359837188
0.016119152396794553
0.013517425407070752
0.010848878513369563
0.008105503276308353
0.005292063724085325
0.00233564579993966
-0.0006467677867239499
-0.003659450604392122
-0.006641105038328759
-0.009576716879620915
-0.012433701911903943
-0.015229840868952646
-0.01791289661014025
-0.02050872625830652
-0.022919776906643298
-0.025210402625830523
-0.027336819850944515
-0.029308375912927082
-0.03109467978186694
-0.0326976976532379
-0.034128459744475925
-0.03535808096600153
-0.03645064024976777
-0.037320640245788156
-0.038025222403623986
-0.038595925760070156
-0.0389971619906128
-0.03926635415845667
-0.03938940158064038
-0.03940591851683919
-0.03932335750516526
-0.0391261249891441
-0.03873575362994323
-0.03845685094694669
-0.0381156751408619
-0.03767257162877129
-0.03707075448272796
-0.03637987205803978
-0.03553001833814452
-0.034615810687769005
-0.03359386605653431
-0.032478370774331085
-0.031310099205903
-0.030077616586008892
-0.02887297188131389
-0.027614585155184175
-0.026350043585935408
-0.025080089657875698
-0.023786314240124277
-0.02249729511165453
-0.021193053575505185
-0.019884312325793855
-0.018574705701690435
-0.01728137674005827
-0.015977847192866632
-0.014702982383940794
-0.013416572683837147
-0.012117849607889022
-0.010845369909679815
-0.009597812035628463
-0.00833484862367668
-0.00709558311000606
-0.005849669421021515
-0.004609547035294454
-0.0033274778423218465
-0.002047923853895741
-0.0007373104452024618
0.0006107057888842457
0.002005127865535172
0.0034474651208368057
0.004938734997864682
0.006477688602175637
0.008093342153256435
0.009793341939226789
0.011603960626737459
0.013452201064419819
0.015352059891354011
0.01730237315366978
0.019312024120593737
0.021360740957072893
0.02349197519887586
0.0256690717951317
0.027894222216939293
0.030154662554291518
0.0324672964928236
0.03479569491060286
0.03713861501681988
0.039517182481890616
0.04182695020785093
0.04410849569957125
0.046337411686733165
0.048476825452670784
0.050464192663170704
0.05229581215617162
0.05397475113628494
0.05548037559109465
0.056774364788316774
0.057838752468604385
0.058652363959336574
0.05920128116552567
0.05957557784989572
0.05967687270083314
0.0594525110533597
0.058958620763464024
0.05818348134089272
0.057160702738035446
0.05587121454100401
0.0543680253788888
0.05260932519939503
0.05061476740560122
0.04842743957481371
0.046023207109634895
0.04350534956740868
0.041678413500800565
0.01683166594136215
0.018565441920692816
0.020258883484221592
0.021922367512758088
0.02346801805580543
0.0249579409484677
0.02635511395359516
0.027591563374314898
0.028718962238580416
0.029712065298515465
0.030538935176374328
0.03118183990994195
0.031691935448448255
0.03206348023059502
0.03224577886427254
0.0323230942250902
0.03229709471866869
0.03214732683195026
0.03191695452336969
0.031596607092312524
0.031208503469870686
0.030753432052488008
0.030218633304034875
0.02961559033880171
0.028953451394421813
0.0282665191558791
0.027520952715460945
0.026700275901076615
0.025871479377916482
0.024969783411009572
0.0240445942324071
0.023058426465926877
0.022033969008476564
0.02096056675103453
0.01985160219652792
0.01868308691678047
0.017484923101979483
0.016300748041755093
0.015091073263689938
0.013798140868209607
0.012452372480321031
0.011048912087732773
0.00963106455287189
0.00822448849379742
0.006808756688006303
0.005394488301987086
0.004005192073747856
0.002619465152326027
0.001231945661466189
-0.00016945299749680974
-0.0015752321410684082
-0.0029735576154630338
-0.004399658513184361
-0.0058247774430514624
-0.007224136997184249
-0.008633276753740753
-0.010011786497190625
-0.011395064927390107
-0.01275003958392436
-0.014094351157440354
-0.015406097039824507
-0.016669147604058205
-0.0179229422984153
-0.01911911741174476
-0.020284045994950716
-0.0214060972741279
-0.02248183008178484
-0.023496941616326466
-0.024471717641927633
-0.02537816614339864
-0.026230989052344018
-0.027014364094027424
-0.02777279598850705
-0.028457990814549222
-0.029119433042910526
-0.029693555362891113
-0.03018810290202843
-0.030604560879446043
-0.030953073730566605
-0.031220195528254144
-0.031394632438929204
-0.03144998405041869
-0.031417760969517115
-0.03128408824009208
-0.031093362511051492
-0.0308210740966776
-0.030421755223261925
-0.02997567026676459
-0.029415170165248947
-0.02877781732589185
-0.028023370421285665
-0.027191632670365017
-0.0262707172572795
-0.02528273800969639
-0.024212532561109588
-0.02308757546713151
-0.021872593958956438
-0.020605216894664706
-0.019264762213642695
-0.017889033555047992
-0.0164301388336014
-0.014888261741718225
-0.013332539126322138
-0.011649173660112462
-0.009929559589267015
-0.008121986237682285
-0.006280729667269673
-0.0043594471433166
-0.002399310151303672
-0.00041312448998916465
0.0016069554538375114
0.003680839614657514
0.00573111744390699
0.007829250038695394
0.00989129905495236
0.011974728986683149
0.01402211477131
0.01606026271319668
0.017462288311380022
0.008367417396846532
0.01000988212464044
0.011588347552809405
0.013110778995880366
0.014531999228903645
0.015874725755003
0.017122922168845763
0.018261419402402532
0.019287529346161188
0.020156829450358214
0.020879280971761217
0.021462159688005845
0.021880898910528086
0.022192409976460853
0.022410728662332235
0.022558129116958908
0.022682110166627963
0.022753015259839648
0.022764924039935824
0.0227839227668171
0.022834140638187166
0.022810383219995598
0.02280159599412396
0.022778888733644122
0.022742066383589016
0.022688460952539763
0.022588811682011375
0.022429241724857888
0.022264372414305043
0.022038937849596884
0.021750408572260366
0.021456499182276788
0.021101137621517295
0.02072319063382676
0.020266630402306387
0.01978090181969251
0.019240900897572858
0.01872966979043637
0.018157102765678373
0.017506460859897325
0.016781760576738358
0.016074758853339654
0.015347218732170147
0.014634721494619758
0.013905453978678543
0.013151112131978634
0.012394499434827044
0.01162609255043209
0.010758636474459495
0.009898434373021835
0.008978410991808298
0.00798937389130909
0.0069511016479116665
0.005869187515207619
0.004734816656472788
0.003556524552145029
0.002339142426446107
0.0011206034504269425
-0.00016415946096206123
-0.0014363095605489777
-0.002735869335370293
-0.004047893853401227
-0.0053590727572646515
-0.0066885742066059095
-0.007986419960227469
-0.009290673728963958
-0.010538805759451361
-0.011798191878039307
-0.01302058327310306
-0.01418392647413757
-0.015301381088480436
-0.0164042356076785
-0.017453590317296173
-0.018499543314816184
-0.019452279094664703
-0.02041792740218381
-0.0212850001084843
-0.02211591524895175
-0.022892395255643933
-0.02362450975531999
-0.024310250498491205
-0.024891208557106633
-0.025449782012506954
-0.02589585062036152
-0.026301676570163787
-0.026616539453853554
-0.026831673121162147
-0.02698163028152911
-0.027029346916553253
-0.027038553922260882
-0.02698120493429987
-0.026849004568468563
-0.026646913432319813
-0.0263799994161204
-0.026025723133254484
-0.025585008291536912
-0.02506098144990046
-0.024406845911626982
-0.023663545622804923
-0.022790039326890128
-0.021778272221761142
-0.020623531473784536
-0.019344961093409822
-0.017914687124007247
-0.016306189224504698
-0.014567656350368842
-0.012706160589287335
-0.010768808210524007
-0.008729041246268563
-0.006663599854247826
-0.004561750468323617
-0.0025111847545435566
-0.00045608610971039775
0.0015766840939124996
0.003564048364896022
0.005506870581812644
0.007427033302962306
0.009298047549551117
0.010553429889163864
0.021913458872956034
0.023436786807946048
0.024856494832538347
0.026183116071349304
0.02737053203851362
0.028407181169796042
0.02929741968673077
0.03008468242915727
0.0306907604256951
0.031103774645709903
0.03141733973955962
0.031493618403877856
0.031440576111852345
0.031222984839672417
0.03088560114029454
0.030434342472690595
0.029866940806582552
0.029259211323920894
0.028565304158047526
0.027799379833642397
0.026995811012056472
0.026147504829609952
0.025239405155864383
0.02425252711631729
0.023254358929963994
0.022201258558509466
0.02108386326160118
0.019962310290724032
0.01876743800528959
0.01754177653128697
0.01627306158571424
0.014984370695927242
0.013639199255889141
0.012277117017708833
0.010900622530249164
0.009498077689472873
0.008118051397821081
0.00678480955711698
0.005382513798138406
0.003916644014485894
0.002390960703034997
0.000802494996025688
-0.0007389398647127713
-0.002223525184694043
-0.0036413255850051124
-0.00499210741118816
-0.006236759769349065
-0.007430410160394868
-0.008575967967739767
-0.009659904830908665
-0.010752457503739576
-0.01179190968346875
-0.01282309201809034
-0.013815965078578948
-0.014784552813013134
-0.01575267068478002
-0.016691949905636293
-0.01756875466795462
-0.018454011844658693
-0.019296744274147345
-0.020104297705150445
-0.02088423734810326
-0.021629506454288683
-0.022351708172941697
-0.023009524743210732
-0.023652972084361252
-0.024251572704369163
-0.02479264855533736
-0.025319426609682012
-0.025758458761270562
-0.02618138986142952
-0.02653696063103351
-0.026874876507100368
-0.02714658524854231
-0.0273779508351813
-0.027585578483985865
-0.02772207847547874
-0.02780218887231391
-0.027823357775201864
-0.027789570877655153
-0.02766073907454393
-0.027425561714851502
-0.027114928642725727
-0.026753883562520193
-0.0263204279438377
-0.025785390015805047
-0.025205517581672374
-0.024535845988451984
-0.023826403355536277
-0.02305354838959389
-0.022180024185560396
-0.021302865084594683
-0.020331678131418826
-0.019324718708040207
-0.01823892763767829
-0.017104971270775034
-0.015917046301246244
-0.014653563120467394
-0.013326460388521248
-0.011934601520062527
-0.010486357253720621
-0.008964349047502828
-0.0073681857314357975
-0.00568263641966888
-0.003913257905986355
-0.002101624472896447
-0.0001770031777235025
0.0017978842936376069
0.0038096576039940992
0.00586692431891315
0.007932634028811262
0.010031359695360897
0.01208650692848065
0.014136885848277422
0.01615716256635866
0.018134851081921338
0.020036700963132734
0.021889534361404655
0.023119540619419315
0.037616026758043264
0.03734499094037464
0.036952896399427476
0.03640333720485615
0.035743425118991326
0.034902368596697354
0.03394534881818112
0.03284077247325956
0.031610302811820576
0.030238077805094375
0.028692054608228455
0.02700026505917007
0.02515682732542029
0.023198324421592257
0.021101973627400763
0.018954682166488268
0.016732385675979376
0.014446867151455595
0.01214518162073903
0.00983716029893303
0.007493893290322338
0.005161150413734551
0.0028719678281789777
0.000588072566378825
-0.0016841966096597
-0.003932358460103504
-0.006116015239066852
-0.008287518958087778
-0.010411805991809716
-0.012483928317378623
-0.014468137383581908
-0.016423544957823805
-0.01826867899489605
-0.020072390789609075
-0.021777737165243585
-0.023392232579338083
-0.024914736110942005
-0.02629940940572854
-0.027621145728805745
-0.02886525653134695
-0.03000272916251467
-0.031038932903980115
-0.03193465674519395
-0.03269517231078212
-0.033315996691921576
-0.033747333398092556
-0.03403817732198777
-0.03419737560188261
-0.03421486971702956
-0.0341398605334458
-0.03395216100324748
-0.033671993708974134
-0.033314199827241694
-0.03289045525163178
-0.03241228106666053
-0.03186331065291053
-0.031283913650547925
-0.030633854982977455
-0.0299737009079198
-0.02920917911794217
-0.02847314661532957
-0.027688854288859196
-0.02687204119718841
-0.026030727710113104
-0.025184253636856908
-0.024292550494850112
-0.02337941722379514
-0.022469524255667343
-0.021500948301163808
-0.020519419805028107
-0.01953510809482767
-0.018511472116184216
-0.017452551677183438
-0.01639725290067761
-0.015325201170457263
-0.014238634181775208
-0.013126576406557565
-0.012032116179517877
-0.010873103133309955
-0.009699216813082237
-0.008512219886673516
-0.007295579511044
-0.006040506756930275
-0.004775688324435819
-0.0034725543607567366
-0.0021343366705706243
-0.000762236779876463
0.0006189348506690683
0.0020365285016228354
0.003498781368321996
0.004951039584221272
0.006433385263436148
0.007891052750465307
0.009413254685064288
0.010909997741380526
0.01243287128565218
0.01396780411866273
0.01552470723512283
0.017063637308040794
0.018633084409279212
0.020202045148322665
0.021777352582944255
0.023326323160559045
0.024853951932834722
0.026337168909205767
0.027826027270866662
0.02926632557448404
0.030624766352708045
0.03190273100448177
0.03311287624089603
0.03419114186396775
0.03514335129542094
0.03596021115477599
0.03663217136613626
0.0371580836138723
0.03753808191819066
0.03778332027672904
0.03788201099786679
0.03787626979855001
0.001721699100389063
0.0021074050366897963
0.002684294282631548
0.0034659012341476075
0.004334850229388458
0.005269517635585445
0.006141275441067643
0.006797271614925009
0.0073363859214545
0.007778190525117392
0.008179839381583853
0.00861935469152053
0.009220586601995116
0.009917834951793011
0.01065310026973401
0.01138481003739412
0.012058362306677794
0.01273871459513644
0.013424375179485708
0.014133012356487706
0.014864918843834916
0.015615999396114803
0.016472250171385802
0.01743204261616285
0.01830924335140396
0.01915386697174623
0.020066347454022283
0.021029896087989417
0.02203604591126584
0.023046712941090803
0.024034965598825283
0.025013665801987304
0.025900541038345517
0.026728567615446067
0.027483474587944118
0.028134779213932183
0.028524983241358517
0.02900076715428413
0.029243241806173534
0.02924191661980951
0.02909928496394685
0.028774598044832574
0.028374062309423097
0.027955222007518668
0.027488595521706287
0.027046785537072435
0.02666543002571899
0.026285094006809638
0.025812442500315693
0.025260074273832568
0.02460202252066096
0.02380505525538813
0.022908860972094703
0.021872941464140296
0.020747849550311902
0.019455847144143484
0.018015789586919934
0.016454117719984136
0.014793847370464502
0.013041749678572826
0.011282470728256283
0.009502545784177972
0.007730538084479657
0.0059563585105457985
0.004195578143860749
0.0023698329400138806
0.0005076473354954143
-0.001381026570051274
-0.003281360905035623
-0.00517154155768588
-0.006989459144808067
-0.008760185702976327
-0.010410877082141869
-0.01196615340380495
-0.013444710885303893
-0.01477973273039962
-0.015897066955163828
-0.016648364446184134
-0.017007241383001342
-0.016985144829007075
-0.016520521097951112
-0.015822835667245932
-0.015005909343343683
-0.014293150016964818
-0.014846141463440252
-0.01669185247328028
-0.018751193957425454
-0.020179957022049038
-0.020877932502416725
-0.02111269371623173
-0.021222896108468097
-0.021413181775692743
-0.021597123951261777
-0.021526515542291194
-0.02126243214390778
-0.020918505965413912
-0.020561906998646868
-0.020248830812249256
-0.01990747148922478
-0.019510060343769235
-0.018989637479806747
-0.01841851672381769
-0.01797421436027906
-0.017670431504304213
-0.017369993812676343
-0.017146079157004182
-0.01705015347642923
-0.017136335695176887
-0.01740618097415242
-0.017952728637413366
-0.018802433020040855
-0.019864455089324266
-0.02103778002692636
-0.02229653554716796
-0.023379188635526654
-0.0241814161352297
-0.02464408840834534
-0.024846798775031414
-0.024881848560182517
