288.8210922460329
288.97430496103294
289.12009230762277
289.25961942925596
289.3931696113755
289.51962365503556
289.6304961106529
289.73142870613844
289.82338412135107
289.90668480580376
289.98033234762596
290.03949821877023
290.0878135891156
290.1256919738879
290.1533511281423
290.17042176722316
290.17572345424725
290.1704515865107
290.1547569518976
290.1288317577205
290.09203894780495
290.04375604068764
289.9851553349041
289.91650011394097
289.8379807483221
289.75108069567705
289.6573849401199
289.5559609010547
289.44694424626067
289.3304824055368
289.21616254764234
289.10835572639894
289.00022095812926
288.8915664441248
288.78239761651906
288.67649485021303
288.5740670050547
288.4731487485741
288.37370264143095
288.2756217911862
288.1631514779618
288.05858429629535
287.9365350374292
287.830462782661
287.7267309455517
287.6110621027039
287.5056564921767
287.4014691695641
287.2983335847662
287.1963846190992
287.0964369964126
286.997884582799
286.90061434572794
286.8046016870562
286.70988789953884
286.6162391284509
286.52384547117987
286.43275333448594
286.3429031320692
286.25437811375036
286.1674675128774
286.08197001935525
285.9977657475769
285.91485512232543
285.8331597761819
285.75253248736533
285.6729256315617
285.5944030001872
285.5169179500548
285.4404012015011
285.3647334570967
285.2898987539598
285.21591372630905
285.15260207983107
285.10624756211433
285.0454038055327
284.9859276084423
285.00523327727836
285.0059520727686
285.08269870314865
285.0790492557132
285.08241068221236
285.1042080186469
285.1595871659557
285.1703306568595
285.163268771831
285.1535827442679
285.1418578700237
285.12808989768496
285.1370752054915
285.1704644513281
285.21009875297204
285.2548167365186
285.3042428932477
285.3632534623263
285.4321541691459
285.5091346232117
285.59421907907256
285.68758454457327
285.78536724409093
285.8901737843084
286.0035501702953
286.12551209112405
286.2560355675118
286.3959185129558
286.54401657958033
286.69959640137967
286.862500765964
287.03256680616954
287.209631961607
287.3903381413862
287.57452252671266
287.7621991705698
287.9524954699386
288.1358965922534
288.3169307543361
288.4962293164594
288.6738873834412
288.79373311845137
289.32283440335715
289.4710568590471
289.60910005994725
289.73864481356867
289.8608934471504
289.9764278669812
290.0842077695027
290.18262414197
290.27180619272866
290.3521779882331
290.42397407322727
290.4858664423374
290.5372186957302
290.578385418998
290.60969222433704
290.6313664040698
290.6433252187288
290.645477751462
290.6379496142853
290.62089950147595
290.59436079478814
290.55842138590276
290.51320008865434
290.4587934620812
290.395254847401
290.32284729942427
290.243456046986
290.15763872646954
290.06520288356523
289.9659416061075
289.86125346293346
289.75791629038156
289.65710635557826
289.558254950562
289.46077863147497
289.3650617854188
289.272522261322
289.18206975127407
289.0933885676227
289.00679573167025
288.9201217114202
288.827649877285
288.7297555243916
288.6251310522058
288.52289159714536
288.420596649919
288.31295862906927
288.2087167884526
288.1073015631347
288.0082176624012
287.9111556646565
287.8159660824591
287.72254466011634
287.6308050988007
287.54065689946134
287.45215224092874
287.3651833055923
287.27968542269923
287.1956465840216
287.112943318764
287.03148786569005
286.95128202604644
286.87232072725686
286.79460275339767
286.71807162226906
286.642568106697
286.5678564712496
286.4940318155968
286.42112049642714
286.3490025161551
286.27761462143286
286.20683775473805
286.13662882446124
286.0670663562864
286.0150963199131
285.9725771260987
285.9238041468158
285.89642127486485
285.9024971886105
285.94655824051756
285.99326598272785
286.0267208260765
286.0610765067143
286.1231724077363
286.19175231552776
286.24488183220853
286.2838940958004
286.31311313437146
286.33486785332997
286.3490902687969
286.35320002066214
286.35237654317757
286.35040182893533
286.3488974420046
286.3527878712149
286.3729489179117
286.40891840971284
286.4582297019527
286.5192928444858
286.59094159673924
286.6730808393271
286.76576209534807
286.86871003080006
286.98140855103145
287.10375427551264
287.23590600937814
287.37699023312643
287.526124799903
287.6826967291816
287.84614465217857
288.01457402537363
288.1862904540017
288.36031076229636
288.53633305277907
288.7079546347856
288.8731127577882
289.0339637272327
289.1913755118151
289.2966633396394
294.3753499626387
294.4340797021802
294.4918380822966
294.5484983543749
294.60406134468514
294.65845322168457
294.7114535728432
294.76280960387027
294.8124433695255
294.8603125362437
294.9063245822984
294.9502214014434
294.99179295296915
295.03099056201586
295.0677508879348
295.10198481868866
295.1334592117692
295.162073427388
295.18770349471686
295.21034958282155
295.2298554050992
295.24605448178056
295.2587664027613
295.26801328644956
295.27375264160224
295.2759557592016
295.2747262889514
295.2700616083947
295.2620086641415
295.2505880706674
295.23612218269153
295.21992404498025
295.20228240298997
295.1833376868817
295.1631416721921
295.1418784487637
295.1199230840728
295.09674177695376
295.0722059811268
295.0467438466123
295.02025658125444
294.9916231068646
294.96029363812625
294.925902346982
294.8903509859977
294.85292578100825
294.8122649338862
294.77049669854705
294.72777861751314
294.68429836054264
294.6402103885284
294.59564215738357
294.55066958595125
294.5053701257763
294.4598200800789
294.4139735367252
294.36790783062736
294.32166345333246
294.2752151703184
294.2286630902796
294.18196491054897
294.13519911539817
294.0883497103797
294.04143174934876
293.994464844809
293.9474777683283
293.90053727247255
293.85361448404944
293.80672970606287
293.7598921067291
293.7131074952781
293.6663682561883
293.6196710516648
293.57307234254927
293.53105319316
293.4896330950291
293.44860909110207
293.4124633190908
293.3809361910557
293.35551195598083
293.33221888605675
293.31059783661544
293.2908338299248
293.2741640255433
293.25811735713955
293.2436802994772
293.2311094505002
293.2204374667104
293.21167609060626
293.20516289176527
293.20216635665844
293.20286156106977
293.20732960559627
293.2155681692577
293.2277826072406
293.2442734434636
293.2650559320264
293.29013359242134
293.3194698760793
293.3528168040525
293.3896332469641
293.429866714002
293.47352265508977
293.5205564093696
293.570334682548
293.622047861345
293.6756196578243
293.73097675882235
293.78812169334697
293.84648884861883
293.90552940662127
293.96515632207036
294.0252421381368
294.0857999612342
294.1464415432414
294.2068280719073
294.2668788879139
294.32650992140714
294.3668244496031
289.4503752891559
289.5203345012684
289.58727847900803
289.65074607244543
289.7109498728975
289.7681097604193
289.82173297799574
289.8709057622721
289.91557551916924
289.95596764098354
289.99227624661444
290.02399636206087
290.05030435355707
290.07125714632105
290.086965666762
290.0978055838351
290.1031851683621
290.1024291956507
290.0956673903734
290.08301350918333
290.06458819767
290.04023600279595
290.00973627270207
289.97319309002285
289.9309009021941
289.88302561503946
289.8299651684046
289.7722203794151
289.7102688266265
289.64447155985886
289.57546874096374
289.5064966693725
289.4407462602948
289.379717761455
289.32413342824685
289.2743638076555
289.2319556581681
289.1971261365958
289.17008372962863
289.15114705575695
289.1400652291294
289.13374855416396
289.12768707398556
289.1156461664332
289.1015502329957
289.0862010795792
289.0628170344439
289.03546993559365
289.00695113975183
288.9785927400958
288.95081912788527
288.92357595554523
288.8968888543356
288.8707310808755
288.84511870641916
288.8200282278698
288.7951928359128
288.770439654342
288.7457333195587
288.7209172190794
288.6959438739585
288.6703589070301
288.64412375444044
288.6171773670956
288.58958632654435
288.5612700520465
288.53195075424975
288.5015169538264
288.47006352501967
288.43769155508426
288.40426956097303
288.3696889462749
288.3339140812934
288.2970348544733
288.26348635305203
288.23605937478663
288.2114792717537
288.18904522326676
288.1728317512671
288.16315478766205
288.157736879085
288.1522584447164
288.1453164677665
288.1395990276323
288.1347389168167
288.12885600198916
288.1199627983797
288.10602647393773
288.0858176677375
288.0595522182708
288.03292134157465
288.0109002461853
287.9958210250908
287.98850695749104
287.9892212480186
287.99817668710426
288.01547525390663
288.0409278390594
288.0741534996259
288.1146206124612
288.16139595887057
288.21380977233235
288.27139874406816
288.3337590345392
288.4003148256226
288.4697299229432
288.54126658266864
288.614843356769
288.69039661276014
288.7675332824626
288.84522377883275
288.9231365121524
289.0012118989419
289.0796106185767
289.15750280804764
289.23360016084547
289.3077098885567
289.3800055416094
289.42825676778597
290.8929673484305
290.9503815622163
291.00469998941924
291.0560181587157
291.1044860602488
291.1503890960463
291.1934532997724
291.2328063915921
291.2682320624617
291.2998805577724
291.32790343807994
291.35219054238775
291.3722041481215
291.3877789548956
291.39909429282716
291.4062824129457
291.40903001291565
291.40678539965666
291.3994239638488
291.38713860734106
291.3701055356701
291.3483666312173
291.32181296492564
291.29055931356214
291.2548086478068
291.21482559722995
291.170960483333
291.12364032607894
291.07324867861934
291.02015361640457
290.9648557751771
290.909726879253
290.85744398313847
290.8096101018681
290.7670012540067
290.72994206823836
290.6971807204867
290.66104970481183
290.62219072345084
290.5829459875089
290.54477134803733
290.5084688692651
290.47438194461654
290.4423719328981
290.41219838208013
290.38367601113026
290.35652500792634
290.33059174389916
290.3056817743996
290.28169834497044
290.2586074892537
290.23637762943684
290.2149288679633
290.1942042930829
290.1742533070858
290.1550309513411
290.1364887290928
290.1185323644972
290.10107555020653
290.08403216111685
290.067329874388
290.0508217562952
290.03427778407706
290.0175769152058
290.0005288512667
289.98309671770926
289.9651835768153
289.9466811989025
289.92753002807615
289.9077112622463
289.8872539906489
289.86610341955804
289.84433373852045
289.82200746080656
289.8016374818921
289.7854660894574
289.77282381810693
289.763528788928
289.7597517595574
289.7617716773758
289.7677092465113
289.7742248514378
289.77938093962086
289.7843568503242
289.7895355160659
289.7930408549102
289.79211631202907
289.78468360944396
289.7698749485955
289.74796944538355
289.72333488127293
289.70018764937186
289.6808971607645
289.6666399175304
289.65811147107235
289.65598051893875
289.660888768449
289.67308417899625
289.69253243554465
289.71882086882664
289.7513220970681
289.78928994710515
289.8322512569695
289.87983542542673
289.9315893779118
289.98648422261977
290.0437888054389
290.10307821181027
290.1642266455804
290.2267937590502
290.2900642263148
290.35357143760507
290.4171769032402
290.4809494091755
290.5446040106018
290.6071719488747
290.6682980806592
290.72800112346204
290.767907792136
289.50159636693724
289.54020684507316
289.57975059167086
289.62008282097327
289.66095656193306
289.70215496358753
289.74352670397906
289.78480080171505
289.8258238061481
289.8663368562358
289.9061071701882
289.94498714411486
289.98276418542787
290.01927814172484
290.05434312273684
290.08770546119746
290.1193132095193
290.14895582464993
290.17647138888293
290.2016475804147
290.2243828895924
290.24451417735514
290.26194039334024
290.2765611514735
290.2882746675096
290.29702897373187
290.302752373043
290.30546226413406
290.30522861387504
290.3021680988103
290.2964478665532
290.2881602651692
290.2776398487826
290.26515224076763
290.2511340758819
290.2358513058293
290.21968234677075
290.20291536789733
290.1858826929067
290.1688075624769
290.1519612067886
290.13568496962006
290.1202142781974
290.10560027740235
290.0917183946658
290.0783829654792
290.065365917484
290.05219904213124
290.0384993249495
290.0241292962248
290.00915276687977
289.99362053425745
289.9776187422066
289.96128798984444
289.94469583180285
289.9278830916889
289.91092121862226
289.8938216662394
289.8766221517237
289.85933786088736
289.8419097596523
289.8244337852993
289.80683009698464
289.78909269159107
289.77116791967137
289.7530777604325
289.73477681988396
289.71621911986176
289.6974259473052
289.67827042302304
289.6588112168646
289.63898706133716
289.6187648693865
289.5981396279421
289.5770940450369
289.5557569923831
289.53444428859484
289.513373418124
289.4927597121627
289.4728502632952
289.45393772056536
289.4362382943725
289.41974072680233
289.4043580812448
289.3901143591574
289.37706112036756
289.36490998840765
289.3533358977171
289.34182259214134
289.3298873237255
289.31720258704456
289.3035413395137
289.2890486847082
289.27409847831507
289.2589253229672
289.2440352509373
289.22976387430526
289.21659287959636
289.2049714557624
289.19524132050714
289.1877650495136
289.1828040817973
289.18053914236185
289.1811555367264
289.18474476521374
289.19135728451823
289.2010721509606
289.2137380741411
289.2293055592929
289.24769064483445
289.268780521503
289.29246322809985
289.31853674341875
289.3469063509724
289.37737778499337
289.40984876625873
289.4440067160464
289.4797055562055
289.50473540479356
290.4051199485686
290.41199673138743
290.41917993328786
290.42661844713984
290.4342390211774
290.442066212155
290.4500632220714
290.4581235802493
290.46620761119425
290.4743375106695
290.48239504333225
290.49043090684603
290.4983126253592
290.50606599206145
290.5135963550296
290.5209325289885
290.52803612092276
290.5347836809505
290.5411820465576
290.54719575153763
290.55279904411987
290.5579543986237
290.56264621361527
290.5668211446618
290.57045284081136
290.5735798815493
290.57618498075965
290.5783438276952
290.5800263299203
290.58134488761385
290.58220770423003
290.58269801663863
290.5829052507868
290.5828763782238
290.58269623174704
290.58237834995765
290.5819517036139
290.5810213797721
290.5796663041746
290.57802980171425
290.5762563086122
290.57438221492305
290.5724518080138
290.5704454750532
290.56833112868054
290.5662255502988
290.5639633437544
290.5615929278624
290.5590926911697
290.55653412791145
290.55386075942897
290.5511483362665
290.5484228858832
290.5456710556398
290.5429664452062
290.5402151604393
290.53749454502594
290.53474603833837
290.5320124854521
290.52925545243244
290.5264938880844
290.5236502954817
290.5207356219929
290.5177235461715
290.5146260352069
290.51142046644134
290.5080960941711
290.5046178960858
290.5009461117483
290.49719153854534
290.4932126056572
290.4890756908599
290.4847730498144
290.48026991486154
290.4757274556646
290.4713412557056
290.46718230549186
290.46320351938914
290.4595384400355
290.4562956059444
290.453499300064
290.4510345741094
290.448776371928
290.44673666435943
290.4448497725613
290.44287917521007
290.4406561963336
290.4380001380488
290.43483074855993
290.43108806264
290.4268597440306
290.4222133490008
290.4173073865617
290.41214242773225
290.4068487849441
290.40156684028574
290.39648169602964
290.3916981345192
290.38730823417706
290.38336603164913
290.3799729443487
290.3771364723941
290.3748971723057
290.3733003564833
290.3723717589629
290.3720523239373
290.3723548877841
290.37328532749626
290.37481705425085
290.37692682699935
290.3795865318619
290.38280984123037
290.3865364828019
290.39077458387504
290.39548951486995
290.4006445905172
290.4061479567286
290.41203085691785
290.4162094054556
296.8191708581586
296.8426584871555
296.8674030084546
296.89342739787685
296.92063583466773
296.9490454000533
296.9785028151751
297.0087427179285
297.0396960203943
297.0712763151918
297.10343414578807
297.1360740746203
297.1690006381572
297.2020941871446
297.2352745125044
297.2684139011003
297.3013073941538
297.33385799830637
297.36589893602854
297.39733430168263
297.4279943428856
297.4577676028869
297.48643218601484
297.51384237874504
297.539848911952
297.5643893373835
297.58736642657914
297.6087630440048
297.62847455816654
297.6464271970025
297.6626153302858
297.6771691486141
297.6903181276389
297.70213878500283
297.71265949255877
297.72196949760036
297.730050284309
297.7366207674325
297.74163624848256
297.74517066537516
297.74731102075083
297.7480517954136
297.7473915228325
297.74532120385686
297.7419265220888
297.737232968568
297.73126953752336
297.7240463547625
297.71568761366984
297.70623976778444
297.695804395749
297.68433893481057
297.6719908265378
297.65868649902137
297.6444996875154
297.6294650578884
297.61360931588206
297.59689432059986
297.5794782736659
297.5613014099549
297.54240419641707
297.5228088376314
297.5025506513491
297.48164413808627
297.4601015152206
297.43793865187246
297.4151877156515
297.3918828612867
297.36802461666855
297.3435498091073
297.318477767137
297.2928025047493
297.26656199938594
297.2397979404775
297.2125452991687
297.18483846007865
297.15673524656887
297.1283971371376
297.09988621819707
297.0712241334481
297.04249802004273
297.0137575042327
296.98516956438834
296.95683161087294
296.9288275847744
296.9012794409021
296.8741831159482
296.84748719262564
296.8212481563221
296.7954100034837
296.7702112177972
296.7458512149166
296.7223972596279
296.69993051283745
296.6786025668838
296.6586243356094
296.64019814605507
296.62352302907817
296.60859422978194
296.5953946717548
296.58398324982784
296.57434064629365
296.5664739868292
296.5604356232677
296.55624607617796
296.55393249617515
296.55350312537144
296.5550655556338
296.5585287720292
296.5639231268888
296.57122318399115
296.58034043562
296.5913054235139
296.60410339213195
296.61871834838263
296.6350644286093
296.6530287130792
296.6725396381653
296.68665126029305
292.408820656403
292.4348486468625
292.46204655066674
292.4903061134907
292.51955110168484
292.54968642234206
292.58057059314325
292.61196521790686
292.64375923160253
292.6758754794406
292.70820574410124
292.7406027176759
292.7728619487122
292.80490011487785
292.836514102079
292.86769554059936
292.89819652372506
292.9279473337819
292.95676407931563
292.98454999022624
293.01121373785463
293.0366180450445
293.06059308396533
293.0831044276823
293.1039798977336
293.12315081439584
293.14060194681383
293.15627032335885
293.1701686373987
293.1822134151651
293.1924377836365
293.2010076453764
293.20816381262273
293.2140936175123
293.2189641019802
293.2228560250531
293.22584822254515
293.22742109001814
293.2276702058569
293.22670275812135
293.2246439781053
293.22148954380856
293.21730831066725
293.21199949874295
293.2056476315567
293.19829603783523
293.1899556041815
293.18065019051534
293.17047254004575
293.1594443576138
293.14764618381173
293.13507179617454
293.1217526942587
293.10777196502283
293.0931179125511
293.07785691937374
293.0619595307789
293.0455234644041
293.0285387842184
293.010988241507
292.9929427387963
292.974372454964
292.95530146102624
292.9357512436622
292.9157038587725
292.89519660765893
292.8742144671109
292.8527705195407
292.83090343742816
292.8085431879426
292.7857296402482
292.76249050367704
292.73881653811446
292.7146960102661
292.6902121074554
292.66537405485815
292.6402571024726
292.61490535664706
292.5893450471551
292.56366966043703
292.53797292996825
292.5123348442808
292.48690071897056
292.4618295124806
292.4370520974027
292.41258995535657
292.3884092076754
292.3644197699009
292.34050207828966
292.3167211238701
292.29316753057657
292.2700219307126
292.2474060288691
292.22549225325935
292.20443914809994
292.1844673508212
292.1658299145411
292.148618266708
292.1330788578619
292.1192465044613
292.10730277222643
292.0972704349777
292.08912641295257
292.08290751844777
292.07872345973686
292.0765853012999
292.0765728864233
292.07880176158494
292.0832078512998
292.0898630296239
292.098589835273
292.109433593939
292.1222613763162
292.1371258536434
292.15392808931904
292.17252035101416
292.1928545203919
292.21479410568037
292.23057462151
300.17002062174646
300.1905398688395
300.2130203134964
300.2374108922295
300.26356837241894
300.2913914516429
300.3207894568199
300.351663878353
300.3838822829651
300.4173426004647
300.45192639821533
300.4874978442745
300.52392705086925
300.56110583702065
300.5988446974473
300.6370554236943
300.6756047807716
300.71431805825875
300.75307659502414
300.7917132819981
300.83014570475325
300.86819641086595
300.9056910282163
300.94252457951643
300.97853976972374
301.01355795112346
301.0474894970984
301.0801598507075
301.1114819229559
301.1413198535756
301.1695842364102
301.19621787072936
301.22122156405885
301.24454605522146
301.2663049678266
301.2865461641445
301.3052872334604
301.3225225949496
301.33805973640034
301.35179085239855
301.36365522480315
301.37375960937294
301.3820501959146
301.38856534771384
301.3933360126065
301.3963907670842
301.3977786420978
301.3975106206652
301.395622952976
301.39211116509784
301.3870473463929
301.38048097882614
301.3724640254095
301.363087005374
301.35234789223165
301.340350727569
301.32717212675567
301.3128621069548
301.2974777721955
301.2810303384475
301.2635871824667
301.24522917936537
301.22596648177336
301.20582223755576
301.1848849709397
301.1631342764824
301.1406066916988
301.1173741332705
301.09342312768723
301.06880489440266
301.04351189582127
301.0176244016329
300.99108338611603
300.96397202586195
300.93632206064524
300.90807716057975
300.87935174063034
300.8501734028038
300.8205578328725
300.7905676931946
300.76025883932584
300.7296574654494
300.6987912426241
300.66772954024555
300.6365064726054
300.60522910052595
300.5739058708374
300.5426116838878
300.5114052073739
300.4802913586209
300.4493165485747
300.41852736120376
300.38805400656787
300.3579245658224
300.32828855291825
300.29921785321034
300.2709186039838
300.24350461135543
300.2172028018833
300.19216470786193
300.16858798019774
300.146629875076
300.12646428427877
300.10821751273204
300.09205316738775
300.07808144569884
300.0664221244157
300.0570991600203
300.050215484585
300.0458186897075
300.04392766976036
300.0445691648553
300.04771734933854
300.05335019653063
300.0614360045644
300.071951412626
300.0848410254386
300.1000087846162
300.1115656246904
294.743782732439
294.7704037887854
294.7992278069581
294.83016449747646
294.8630840070438
294.8979361215365
294.9344921335589
294.97273665343107
295.0124968744592
295.05363546180587
295.0959932904142
295.1394265509571
295.18382136684284
295.22889378394325
295.27454725679615
295.3206187056833
295.3669328608261
295.41326052583975
295.4594783347264
295.50543054911316
295.55089151503483
295.59571369154617
295.6397628570514
295.6828195285245
295.7247115050878
295.76534026353147
295.8044874618434
295.84205102545917
295.87789085867513
295.9119109440418
295.9439754347723
295.9740383513939
296.0020507393843
296.0280997358645
296.05218606351275
296.0743615802111
296.0946891628108
296.1129077078643
296.12885327863813
296.14241797166517
296.1536163777435
296.1624364752188
296.16898044262433
296.1732057224331
296.1752375893526
296.1750700696186
296.1728213961432
296.1684727749938
296.1621751281694
296.15392955436147
296.1438346604497
296.13198437472937
296.11847100342413
296.10337344845743
296.0867926458711
296.0687953259785
296.04948292071623
296.0289674021847
296.00722723222293
295.98442229073237
295.9605774793123
295.93574641355946
295.91003494623254
295.88342599124644
295.8560613381883
295.8278836240326
295.79904458966354
295.7695025850235
295.7393441476073
295.7086002638434
295.6772916343244
295.6455005717496
295.6131979920981
295.58046514472153
295.5473030236702
295.5137538524367
295.47987711224266
295.4456523726211
295.41116599050275
295.3764191235765
295.34143576495137
295.3062871459699
295.27098793857476
295.2355490780148
295.2000878931377
295.1645572404356
295.1290338207524
295.0936118174851
295.05827503849935
295.023146726475
294.98826147821893
294.9537420597146
294.91973104088765
294.88640371806696
294.8538896713426
294.8223499414664
294.7919748530391
294.763024739449
294.7355775643599
294.7098651922077
294.6860858223742
294.66438599124297
294.6448530259637
294.62771727100744
294.6130419747775
294.6009253857686
294.5914714918548
294.58474428061237
294.5807925551701
294.579687453058
294.5814149831693
294.5860546734544
294.59352804069465
294.60380534340646
294.6169289814954
294.6327822384767
294.6512839855702
294.6723881272843
294.68815421619513
304.52921529307594
304.54506042414476
304.562748490819
304.58223937589037
304.60341309488126
304.6262369336005
304.6506350176703
304.6764940806954
304.70377112969976
304.73235365219665
304.76217349073477
304.7931349220826
304.82512520499546
304.85806651596613
304.89182625130434
304.92632383926133
304.96142499221315
304.9970234506992
305.0330203342357
305.0692365278926
305.1055987378633
305.14195682700523
305.17820746442516
305.2141724843083
305.2497407749849
305.28469186524865
305.3190178613237
305.3524793702643
305.38504925841687
305.41653155672105
305.44686783138474
305.4759623520064
305.5037893054462
305.5303804008821
305.5557253851569
305.5798792111094
305.60293959074227
305.6246743249186
305.64495748010415
305.6635891137762
305.68056286969687
305.6957398347718
305.7091873260106
305.7208317427302
305.73067509058615
305.7386680732182
305.74483759864523
305.7491711450002
305.75163075423546
305.7522873817274
305.751189791575
305.74832774376773
305.7438410709951
305.73779612659615
305.730247655813
305.7212746266339
305.710968521742
305.699376311339
305.6865769683307
305.6726495978184
305.6576270862803
305.64157719215893
305.6245538752573
305.6065640083212
305.5876981951513
305.5679504060702
305.54740764309093
305.5260478615067
305.5039407915531
305.4810905577384
305.45752681142534
305.4332788513921
305.4083881787617
305.3828103266163
305.3566498291072
305.3298727562256
305.30259605466557
305.27476768969575
305.24651674661163
305.2178073501295
305.18875934762514
305.15938820955853
305.12973936451664
305.0998307217483
305.0696898157823
305.0394213193046
305.0090031136813
304.9784855159157
304.94792086130553
304.9172610689545
304.88665094336886
304.8560911418341
304.82570608815433
304.7955693297214
304.7658422324481
304.73664152231976
304.7081304588932
304.6804681781586
304.6538096272583
304.62840034583
304.60433044502804
304.5817860944463
304.56092980157314
304.541836649537
304.52468031740926
304.5095658964722
304.4965186469777
304.4856552241019
304.4770061709688
304.4706107334872
304.4665033117249
304.46469174615544
304.46512273179223
304.4678425450302
304.4727760447733
304.4799231003331
304.4891708020875
304.5005161440637
304.50934209492095
303.0109014368228
303.02660994178717
303.0442486168772
303.0637268677618
303.0850362476654
303.10801489307073
303.13262469835564
303.1588073657906
303.1864661751592
303.2154885113749
303.2457836366236
303.27729922485247
303.3098762032787
303.34337468787186
303.3777413999511
303.4128255187558
303.44846526169613
303.4845860839245
303.52103425669327
303.55772444116843
303.5944406362877
303.6311339883556
303.6676169675106
303.7038286304835
303.7396269382727
303.7748627486527
303.8094197472804
303.8431602580363
303.87599624627126
303.90784082637424
303.93851924836014
303.9680433330463
303.9963029790651
304.02329651617475
304.0490445879185
304.07348488374174
304.09675840744
304.11863423436887
304.1389867453233
304.1576347892896
304.17456578477805
304.18970639442506
304.20305102129197
304.2145273822934
304.2241808769922
304.2319761846836
304.2379848442418
304.24217246942635
304.24453154369314
304.2451376902708
304.2439952695688
304.2411414491756
304.236667794675
304.23059782559085
304.22303400508423
304.2140221419145
304.2036468111925
304.19193533590914
304.17897117003054
304.1648175928886
304.14953898295613
304.13316724927984
304.1157906843788
304.09740986685597
304.0781325950066
304.05794764200533
304.03691998604023
304.0151109506063
303.99251702269305
303.96921503644666
303.94523190403805
303.92054921329293
303.8952665095049
303.869379243958
303.84292050711053
303.8159144052181
303.78841097245424
303.7604129836805
303.7319980957547
303.70316424070967
303.673933626922
303.64438888193087
303.6145601813094
303.58445181771964
303.55408462212586
303.52354963408345
303.49287239303465
303.4620841866585
303.4312298889644
303.40035702474796
303.3695478366439
303.33884748293775
303.30840096136166
303.2783081082765
303.2486463924209
303.219596285629
303.19130019372017
303.163852089213
303.13747220062425
303.11227037719516
303.0883916554423
303.06600195331026
303.0452377781391
303.0261888675396
303.00898814497447
302.99373988885975
302.9805262894088
302.9694108486511
302.96045320396183
302.95370956745415
302.94920638267143
302.94699618573713
302.94703072984953
302.94933001870754
302.95387462873094
302.9606687066317
302.9696528926886
302.9807412697278
302.98948545178666
295.50313556255156
295.5402595244224
295.577004395054
295.61323570130486
295.64896716634104
295.6841555814379
295.71855635263717
295.75152809263716
295.7829748809901
295.8127635480088
295.8409522937
295.86734786243204
295.89161846394467
295.91370872794477
295.933776048105
295.9517677616097
295.9676476001943
295.9812775327749
295.9925225180897
296.00139766777124
296.0078544782991
296.01178456584563
296.0131172353237
296.01185914915317
296.0079961238055
296.00156270405313
295.9929046425186
295.9821745169366
295.96954626877204
295.95526688615786
295.93958337371856
295.9233868899939
295.9076057599259
295.89262553271624
295.8785377167695
295.86538513281215
295.8532454135848
295.8410129338411
295.8280747549401
295.8145722253422
295.8007944554571
295.7869539342165
295.7731702672394
295.7594476383627
295.7456490928637
295.73172733688693
295.71753942728134
295.70299232324817
295.68800446592047
295.67259793995134
295.65678140819637
295.64061678207105
295.62418562606047
295.6075146441341
295.5906937668694
295.57376947008066
295.55678489568635
295.539741794506
295.5226742649626
295.50557537308083
295.48839174716284
295.47118278018957
295.45382114341794
295.4363076176498
295.41857448859184
295.4006328350198
295.38244099934036
295.3639742973636
295.34518969580785
295.32604258174155
295.3065532503184
295.2866606392072
295.26639793011566
295.24566097989987
295.22453516022665
295.2031106635535
295.18171678792766
295.1606252767086
295.14011097458314
295.1203801221979
295.10170955623045
295.08423805224226
295.06787530240035
295.0533830853472
295.04210014502854
295.03397926752757
295.0277763791226
295.02224857288866
295.0164850655478
295.00989687252036
295.00249949996436
294.9943839968307
294.98620705101905
294.9785209631576
294.97193785935156
294.9672312634877
294.9650197216841
294.96553659388695
294.96886859161486
294.9750202373724
294.98421196531075
294.9963964193422
295.0114062260159
295.02922920249097
295.0496346222763
295.07220332766616
295.0967765068312
295.12312175707257
295.15111401034335
295.18062239033344
295.2113674817257
295.2430973528588
295.2757439193609
295.3092774028039
295.34343665079274
295.3778065674036
295.4122901959849
295.4468401087495
295.4703948365877
