294.13044697563384
294.2646182083707
294.39629021280456
294.52435403545854
294.64855750066107
294.767979015562
294.8782539253471
294.98156121305414
295.07750891217097
295.16601143122995
295.24601378785707
295.3143834317402
295.3734010982558
295.4230513982829
295.4633808811287
295.4940665606707
295.5139910459904
295.52366944914326
295.52338012077377
295.51316296461243
295.4925860300906
295.46166892059017
295.4210348102609
295.3708889178998
295.3114487371229
295.24366501897975
295.1682764896666
295.08539354713105
294.9952941471504
294.89820117684997
294.7990778312839
294.69880688341675
294.59659567497584
294.49288594871547
294.3879432652377
294.28424469359624
294.18164698956195
294.0800250061767
293.97853528619333
293.8771147422493
293.7926991384684
293.70462158695386
293.616364156856
293.5272927033381
293.4392625505437
293.35020496324347
293.2647228477577
293.1808857698385
293.0986501258058
293.0180376763959
292.93905081008995
292.86173124393036
292.7860747554032
292.71197376380246
292.63953211385456
292.5688516093997
292.49981133535204
292.4323809466116
292.3665606253078
292.30223255667363
292.2391924098565
292.1774932298999
292.11713569191227
292.0580407829592
292.0002653644215
291.9441204063892
291.88913907221354
291.8353501456944
291.7827020016072
291.73106657561885
291.67993969415704
291.62977004492825
291.58043427496295
291.53405243507
291.49189983645715
291.4471552884674
291.40299124832956
291.35054687232787
291.27695628097246
291.13498592932626
291.0941421914115
291.0926873140189
291.0631401557721
291.1185259968042
291.1399189710033
291.17819857644065
291.2222316716337
291.270360020613
291.32176078397885
291.36104622488523
291.3874198987931
291.41214305849087
291.4362967425338
291.4603201938854
291.4947363483578
291.53740275964384
291.5865029649919
291.6423936991545
291.7054005956093
291.7791724578022
291.8617675788283
291.95159919256037
292.0486858643361
292.15303741576133
292.2601835096257
292.3728059681553
292.49154033026286
292.61626230261527
292.74673163061533
292.88004181970774
293.0182232717896
293.1610566133028
293.3082370174864
293.4580750749179
293.6001991361192
293.7409975996226
293.88017240960585
294.0174495250782
294.1096765473455
294.41442972601453
294.54603124366224
294.6733840972698
294.79634407000674
294.9148354336246
295.0288558256723
295.13717820683337
295.23887717897964
295.33367524751327
295.4213443555975
295.50175564306835
295.5739546153617
295.63662537908147
295.6895528361479
295.73285586909446
295.766682992436
295.7906565570322
295.80466405123104
295.80880233143847
295.80319964978884
295.7880821014718
295.76335444533623
295.72919751505543
295.68574510652314
295.6331224441031
295.5716711284823
295.50244089540297
295.42628456503905
295.34342240866005
295.2540223468964
295.1588109533305
295.0610252356182
294.96217663755993
294.8626342416451
294.76250722182675
294.66226120808
294.56278096650703
294.4644040470773
294.3670946012557
294.26810807259824
294.1711992258277
294.08389047616043
293.99967544924885
293.9176875386365
293.8368273088134
293.7564988480389
293.67581260815314
293.5968076000347
293.519423166181
293.4436651171583
293.3696797150685
293.2973622795404
293.2265964438424
293.15732848217857
293.0894823877366
293.02309850120065
292.9582350667128
292.89490404712615
292.83301991359065
292.77259109341577
292.71337599204696
292.6552853695132
292.5983557123013
292.54254654726344
292.48789796152914
292.4343011995414
292.38187676194707
292.3305011573214
292.28016821900684
292.2308149033201
292.1824407822772
292.13471789123173
292.08765369816683
292.0412168148436
291.99889380761704
291.958503139233
291.91676126661645
291.87198122257814
291.8227736524722
291.7365224336886
291.64203282826804
291.60736190160003
291.5982789564452
291.6190661490957
291.6590875382101
291.6938689081117
291.72512993817236
291.7556174256643
291.786322899904
291.8164136592773
291.84667727157364
291.88029240321913
291.9167192289414
291.9550608716673
291.99527821597326
292.0375167148854
292.083010134326
292.1334761159416
292.1896753954451
292.2518729406954
292.3196785949039
292.3933861703456
292.4734114644224
292.56014878901
292.65350268712353
292.7532035543671
292.8589728811154
292.9706359686372
293.087980232862
293.2106778553807
293.33842114706863
293.47072572645385
293.6070915223956
293.7471435656818
293.8884171046108
294.028551674909
294.167078817549
294.3036536659924
294.39528667029253
299.687590292097
299.73927452716174
299.789973345215
299.83959431242874
299.8880933308888
299.93545943651895
299.9814906669949
300.0260299170592
300.0690039172611
300.1103756034385
300.15007727015904
300.1876943324744
300.2230061288748
300.25587378889804
300.2862429130557
300.3140553594678
300.33915326776855
300.3614166721827
300.3807808419603
300.3972129881992
300.410601856689
300.4207637328755
300.4277224192747
300.43143213133243
300.4318155630646
300.42887799788184
300.4226404561589
300.4130936494468
300.4002835854163
300.3842101323788
300.36521301844635
300.34487209499736
300.32329773745363
300.30066111384815
300.2769647467385
300.25233521293995
300.22693343266565
300.20009953949904
300.17174912418864
300.14030135275607
300.107692254421
300.07560683291086
300.04339826276225
300.01110669450605
299.9785692914797
299.94569078771923
299.91208037333
299.87823804416513
299.8442259355756
299.810070804129
299.7758433655093
299.74157930214994
299.7073946936901
299.67325917302924
299.6392113947405
299.6052837340297
299.57149999782547
299.5378108397674
299.5043032692904
299.47096761282825
299.4377842484473
299.4047357901051
299.37185749367217
299.3391129984695
299.3065730458758
299.2742503316906
299.2421336063539
299.2102669395905
299.178718234893
299.14739871207786
299.1162530858543
299.08533187401815
299.05457392025824
299.02401198517055
298.9945395402135
298.965404073782
298.93655142889867
298.9075081783567
298.878170539471
298.8445106375525
298.81049427000187
298.78597136333974
298.7609065755737
298.73798328346516
298.71503897437776
298.69471635355393
298.6775117082924
298.663478976511
298.65270913863185
298.6449241244611
298.6394874701432
298.6363453314842
298.6354854535694
298.63695681997643
298.6417044007826
298.6516602716713
298.66675540771126
298.68706328534387
298.7125705509958
298.74262588823973
298.7765090927521
298.8141100837967
298.855389813713
298.90036843719224
298.9479726853327
298.99710465294527
299.04768706534514
299.09973261227515
299.15315415036287
299.20737301530596
299.2619563545675
299.31681691469873
299.37189491273415
299.427120053772
299.4822012813033
299.53678311730795
299.59074587849335
299.6441650673444
299.68005673628153
292.216337019743
292.28396094650134
292.34799243680527
292.40870621977075
292.466263652563
292.5209776131117
292.572247631755
292.61900379558733
292.6612405852237
292.6991927489906
292.7330465584385
292.7621864655322
292.7857002858912
292.8036274269126
292.8162463855168
292.82382674844234
292.8261568271895
292.8227939347623
292.8138183242817
292.7993390842174
292.7794922259209
292.75376523176925
292.7217940263387
292.6837070405436
292.63982160136106
292.5903379517078
292.5358503611623
292.4771121870958
292.4147178801357
292.3489794880608
292.28049223825616
292.2123973129158
292.1476781215603
292.08767045948395
292.032882735659
291.98343173687505
291.9395370606851
291.8990925373793
291.8614378565345
291.82624611159673
291.79336223265926
291.7643953535746
291.7396714777047
291.71877631488303
291.70072178435186
291.6845282559534
291.6680305301071
291.651795531268
291.63613774194107
291.6212252821954
291.6070465768153
291.5932760761136
291.5797512422325
291.56644152016236
291.55334254086046
291.54033279717305
291.5272232427824
291.5137505072412
291.49994366678163
291.48580553712935
291.47113877356094
291.4555826314864
291.4389157550938
291.42115445191973
291.40237177572345
291.3825034267586
291.36117943624987
291.3384045452413
291.31421965463585
291.2887112203417
291.2618083044244
291.23326488204594
291.20316654176474
291.17148975949095
291.13925146534217
291.1070134132653
291.074034805132
291.03938040536906
291.00215810230844
290.95981147407724
290.9113600469503
290.86580562197247
290.82984665686485
290.8059801434817
290.79208338274765
290.78291137303376
290.7749015612243
290.76474072266376
290.7501336426485
290.7304552160681
290.7108196995248
290.69583478138577
290.68763437715467
290.68706778378134
290.6942887576258
290.7094763441965
290.73278358027704
290.7640770971472
290.80323917964995
290.8494887737905
290.90187090545754
290.95945446054134
291.0217011828718
291.088204834537
291.1584113061423
291.2313231295675
291.3062981826662
291.38302420169396
291.4615531838782
291.5411095235973
291.6203944232705
291.6990897812602
291.77737852718985
291.8554133839577
291.932604537119
292.0076696330379
292.08044730313185
292.15110873941666
292.1980848317914
292.68805351047837
292.749953398269
292.80852131195974
292.8634436702024
292.91511217714117
292.96379793576455
293.0095139322954
293.0514459813703
293.0893449470975
293.1232852187743
293.153575610139
293.18004189716993
293.20220025076577
293.22000279392375
293.2334447029735
293.2426259791032
293.247367179823
293.2470533294147
293.241758962607
293.2316033457511
293.2168094658362
293.1971238180807
293.1722515216501
293.14236270124746
293.10753031136255
293.06800915967244
293.02438351813214
292.9774079901052
292.92763116007006
292.875510796166
292.82148880514677
292.76853006646354
292.719504977569
292.6759918600498
292.63904670988774
292.6090908837532
292.5837838293717
292.5503550695042
292.51262167120245
292.47312698550815
292.43254454373937
292.39165957086084
292.3512396767806
292.31186298128955
292.2738735657139
292.2374247737023
292.2026686415949
292.16950630954744
292.13801833556363
292.1080484873304
292.0796244515721
292.0526266832424
292.0270209794273
292.00270790650654
291.9796217946937
291.95771224238666
291.93694176038605
291.9170917236416
291.89809451480585
291.87992727988353
291.8625090228278
291.84586610119715
291.8298738372277
291.8143620675562
291.799208689341
291.7843378744905
291.7697573291619
291.7552854002347
291.74087460634433
291.72639309775883
291.71167074755834
291.6964366796818
291.6804400990745
291.6636228957483
291.64647208799926
291.6292843646589
291.6118037864853
291.59345899951813
291.5735357618063
291.55020082829526
291.5219923188528
291.4942569583054
291.4725920927194
291.46029214690583
291.45783792224216
291.46164180871114
291.466626999171
291.4686160447841
291.4649875429373
291.4548514157326
291.4415717915802
291.42867408938287
291.4183869267244
291.41198554312007
291.41036937083106
291.41441318045344
291.42500317698756
291.44269745809163
291.46775053611617
291.4998868758831
291.5384664068701
291.5826415743402
291.6318231990972
291.6854030232498
291.74281228067326
291.802883017108
291.8649333082775
291.9286255696543
291.9938037909151
292.06033363305613
292.127283786398
292.19416533818304
292.26082172219594
292.3272890488972
292.3931952456726
292.45760211287427
292.52007959478345
292.580720282501
292.62094656295227
292.16058211267944
292.1963166426514
292.2328657499774
292.2700396036782
292.30764351516075
292.3455410580653
292.3835258310968
292.4214908668207
292.4591852633526
292.49641458066117
292.53300824591605
292.56878107406203
292.60361858324546
292.6373005859891
292.66963459294135
292.7004663626387
292.7296697421054
292.75702814604756
292.78236515004437
292.80554051860975
292.82638567898374
292.8447689875063
292.8606180718862
292.87383624909955
292.88434842266383
292.8920628190368
292.8969562166247
292.8990620487561
292.8984424834957
292.8952487977017
292.88964013580477
292.8817943575679
292.8719743767436
292.8604367147048
292.8475518623465
292.8336228916648
292.8189779784978
292.803855271625
292.78840465872645
292.77274866459135
292.7569789442485
292.74112505353537
292.7253289783737
292.7096969774057
292.6943807597308
292.6793926386059
292.66484620194035
292.65063042773903
292.6366832012986
292.62300560201936
292.6095832710392
292.5964314786485
292.5834893144263
292.5707339763201
292.5582106689049
292.5458680324301
292.53368898691605
292.52166395962513
292.5097869650751
292.49808000026707
292.4864683128075
292.4749454128743
292.4634416726555
292.4519440404895
292.4403080537855
292.4285935820167
292.4166730041772
292.4045875104254
292.39221829365465
292.3795458375855
292.3665763957859
292.3532323049775
292.3394473008963
292.32513642391774
292.3103216915159
292.2949365140104
292.2790079187179
292.26261822573673
292.24569156116524
292.22814995354395
292.20983118288655
292.1904700453769
292.17025670954814
292.14960870846375
292.1292872704436
292.10994746727863
292.0918533420886
292.0748571826226
292.0586718584193
292.0428865986883
292.0270571590393
292.0110300537346
291.9948477970169
291.9787203251568
291.9627735367699
291.9473775223203
291.9327862412642
291.9193771789176
291.90749527554243
291.8975431432592
291.88973222044046
291.8843241488491
291.8815200460161
291.88139044249647
291.8840554928196
291.889524636825
291.89778347475686
291.9088850920719
291.92266130334355
291.93910214533173
291.9581068261983
291.9795760567494
292.0033774450551
292.02933096311864
292.05729245091203
292.0871486682517
292.1186549376659
292.15157014943304
292.17465960655886
292.2749137881307
292.2812983427564
292.28787070783926
292.29464873709446
292.30165379989154
292.30879769909154
292.31610657472794
292.323443697219
292.33084795879694
292.3381968024865
292.3454677089065
292.3527036783334
292.3598056545628
292.3666868450123
292.37341334973655
292.37992302210915
292.386159940881
292.3920961474074
292.3977279809622
292.4029377418129
292.40780409018487
292.4122227172744
292.4161628665074
292.41961719337235
292.42261922230125
292.4250932156676
292.42710913562524
292.4288405862457
292.4302834293566
292.43154682630563
292.43258571027616
292.4334433739994
292.43419174010336
292.4348646173863
292.4355052329454
292.43612720146956
292.436693182365
292.43631879067465
292.43540946707327
292.4340409897396
292.4324398863544
292.4305402156032
292.42851320169984
292.4263775830019
292.4241449771981
292.42188436043534
292.41960887324154
292.4172996386329
292.4150410107558
292.4127881190844
292.4105867331325
292.4084634195582
292.4064522114431
292.4045154662356
292.40271328634185
292.4010204253586
292.3993942319532
292.39783791386907
292.3963423601629
292.3949007245251
292.3934727125676
292.39209433894445
292.390643224445
292.38916850713525
292.3876740134018
292.38609306637426
292.38444553420607
292.3826534891804
292.38079689286064
292.37882905742117
292.3766965554557
292.3744188725239
292.37193874132305
292.3692784156427
292.3664963999862
292.36353826491944
292.3604746364831
292.35731595133694
292.3538566594303
292.3500902338804
292.3458381424699
292.34131154114976
292.3369394862415
292.33294684319804
292.32935460260336
292.326001522118
292.3227190219953
292.31932001990623
292.31571645732254
292.3118612024554
292.3077065159687
292.3032254020153
292.2985141275036
292.2935858390509
292.2885446293244
292.28343963720584
292.27853910552903
292.2738918128978
292.2696454158376
292.2658262928279
292.26248317381373
292.25966339889777
292.25743472586095
292.2557715408303
292.25468689058084
292.2542273115796
292.2543649297315
292.25500803147946
292.2562531992435
292.2580679063115
292.2604209991521
292.2632905297092
292.26664819358786
292.27049446156065
292.2748130683353
292.2795186588486
292.28459529481313
292.29001550016
292.2938964381817
299.18394236927236
299.20056259744894
299.21856586536944
299.23797609389084
299.2588257337977
299.28104428494925
299.3045364352944
299.3290792905557
299.3546317036265
299.3810683893244
299.4083958558344
299.4365196747003
299.4651905299205
299.4943725859679
299.52394193132733
299.55382896962186
299.5838043030235
299.61379083847424
299.64364826356297
299.67328633405776
299.7026113731592
299.73144273616737
299.7595611284678
299.78692594438263
299.8133741271635
299.83881589474
299.86315888771986
299.88638038788486
299.9083577849817
299.9289950707933
299.9482809133127
299.96629479378845
299.983154843076
299.99883957781816
300.01346597742656
300.0269429129665
300.03930511166266
300.05009960798196
300.0594178697187
300.0672140834747
300.0734412562114
300.07823548961306
300.0817211787356
300.0838672958632
300.0848424479065
300.08455392602207
300.08315314461015
300.08055700561823
300.07691342387545
300.07234855504373
300.0668308001012
300.0603885767985
300.05309915024935
300.04489507761514
300.0358708309138
300.0260194116267
300.0153497830004
300.0039250861235
299.9917290531665
299.9787885380441
299.96510614055103
299.95077274100083
299.9357549784543
299.92011722588995
299.90380091425243
299.88691756521564
299.8694380916084
299.85140828945384
299.8328122318899
299.8136477365984
299.7938770329275
299.77351714891125
299.75261068119096
299.73118184217276
299.7092313376823
299.6868202834126
299.6640286833943
299.6408746238815
299.61749782709023
299.5939230250202
299.5700924263258
299.546059824644
299.5218486001957
299.4975854254406
299.4733757356042
299.4493538138757
299.42548788779413
299.40172756992496
299.37812591305277
299.35463529847874
299.33140798672116
299.30856524175505
299.28616111168094
299.2642738162624
299.2430686305034
299.22263488280777
299.2030740043435
299.18447158525663
299.16685700921187
299.15019310835856
299.13457434800006
299.12012664701143
299.1068293584938
299.09473285006135
299.0840171960425
299.0745839900377
299.0666823573638
299.06025720681
299.05541163924744
299.05214557196695
299.05052453491356
299.0504877030164
299.05217996458146
299.0556090955526
299.0606908820676
299.06745319155084
299.0758096839917
299.085770056999
299.09342922660613
294.28144904353513
294.2976992717046
294.31518574913
294.3338244508106
294.3536166460861
294.37449971164176
294.3963558164091
294.4189411816929
294.442228909268
294.46619779469233
294.49068318840824
294.5156336274162
294.5408944211773
294.5663033848779
294.5917517567979
294.61724246452275
294.64252115856954
294.66759426843623
294.69221126337754
294.71636638556765
294.7399976254748
294.76286294370794
294.7850173791377
294.80625898600937
294.8265733067487
294.84582067672534
294.86396669211115
294.881014657075
294.8968870443547
294.91152241737547
294.9249444649994
294.93720951512466
294.94847193738747
294.95884297286455
294.9683452565753
294.9771660356565
294.98500642559117
294.9913512723818
294.9964489640547
295.0003127564301
295.00297523080013
295.00453605925827
295.00507545486323
295.0047131633056
295.0034466502239
295.0013724059739
294.9984548582975
294.9948001483248
294.99040222054396
294.98533452832453
294.9795999230175
294.97321496777636
294.9662626545731
294.95867164066124
294.95054263291604
294.9418260180362
294.9325868367718
294.9228555080691
294.91258681793386
294.901873584748
294.89067490120794
294.8790491236514
294.8670207191422
294.85453374467596
294.8416744384432
294.8284007043114
294.81473955424093
294.8007272828117
294.78635976096905
294.7715504809614
294.7563564273431
294.7407654848565
294.724812881316
294.70844861607947
294.69166321311525
294.674558202686
294.65708578416064
294.6392811467363
294.62115282735925
294.6026611214796
294.5837584675754
294.5645265684993
294.5450089724236
294.5253256554058
294.50566328294985
294.48615639619004
294.4666992809164
294.44732135313143
294.42795085857676
294.40857741723215
294.3893131569325
294.37021192147023
294.3513247349921
294.33278029464594
294.3146603059943
294.29706366539546
294.28014327393873
294.2639594105532
294.248631040056
294.23423982613286
294.2208554728445
294.20857854367557
294.1974455708055
294.1875486405711
294.17893871893597
294.17167037434217
294.16582001223645
294.161541301451
294.15881866466685
294.15765363934844
294.15802194913005
294.160001228486
294.1634768166892
294.16856688581703
294.1751589451816
294.1832570450903
294.19277549240013
294.2036743378127
294.21188507900996
303.7875396327648
303.8045515437565
303.8232715316847
303.8436962031924
303.8656337233129
303.889166867099
303.9140441208099
303.94026571802044
303.96772638351587
303.9963224727825
304.02596769061745
304.0564963575073
304.08784971472807
304.11993390443257
304.15255990950675
304.18558225424505
304.21894120566816
304.252445360646
304.2860241091775
304.3194573785588
304.35271184220153
304.3856393604554
304.4180695430672
304.4499459962626
304.481064904744
304.5114157125174
304.54080025364914
304.56915327228194
304.59633038433947
304.62231184055935
304.64696527650415
304.67022683854157
304.69214593186655
304.71266816930756
304.7318900516254
304.749860308078
304.7666723892664
304.78208540763967
304.7959294794828
304.80804145467596
304.8182935881504
304.8266561428081
304.83315854423654
304.8378561299813
304.8408230727862
304.84222681982664
304.84209434506624
304.8405632589933
304.8376693502457
304.833573903403
304.82829295820017
304.82192446377917
304.81453855331847
304.8061944881057
304.7969578058929
304.78686035936676
304.77595568521957
304.76428912464195
304.75187588944414
304.7387993740597
304.72501522240253
304.7106113444622
304.69559560713355
304.6799604564646
304.6637374044896
304.64696153613886
304.6296367810193
304.6117469860727
304.5933153026021
304.5743851176643
304.554965310538
304.5350342973421
304.5145860000301
304.49370754962774
304.4722932198495
304.4504641156146
304.42813972670547
304.4054059940642
304.38224090027916
304.358634963083
304.33463074441545
304.3102174968712
304.28539291698445
304.26018579059
304.2346653875931
304.2088854262336
304.18284062346294
304.15669954423333
304.1304169375173
304.10405995749585
304.07761579087395
304.0512054780644
304.0248628817245
303.9987723829336
303.97291826667026
303.94749187450304
303.92265843547864
303.89852005662004
303.8752741800831
303.8530491043349
303.8320881343428
303.81249851701483
303.7944639110769
303.7780460906735
303.76346158631793
303.75075982202986
303.74002849981673
303.7313991260576
303.72486391919824
303.72053119596274
303.7183896904104
303.7184847958107
303.7207577494303
303.7251799105337
303.73180594654895
303.74049481632
303.75121634795124
303.7639145175598
303.7736147339388
299.65222845795967
299.6760132448861
299.7017304864108
299.72932473178975
299.7586934639137
299.78976329404867
299.82241727649773
299.85657006407484
299.89210533769074
299.9289276761254
299.96689180067926
300.0058776724763
300.0457402865842
300.08622480474304
300.12726823120767
300.168638459098
300.2101813862337
300.2517421327821
300.29309900337006
300.3341345086115
300.37460928807485
300.41444329052905
300.4534699053641
300.4915612520759
300.5285841657671
300.56438949088033
300.5989656235542
300.63209125493273
300.663655977379
300.69357232433657
300.7217897837416
300.7482222279774
300.77281692708493
300.7956803638561
300.81688600584926
300.8364216654215
300.85434296535055
300.8703334780414
300.8841109516526
300.8954663845624
300.90439782107006
300.91087380979576
300.9149403772969
300.91679880630284
300.9165184962751
300.91427489804147
300.91021933257537
300.9044014717617
300.8969667451832
300.8879831604759
300.87752092800724
300.86569012766927
300.8525929444081
300.83828165400513
300.822832392541
300.8063790783964
300.7889339234624
300.77053122085636
300.7512364356438
300.73110855412443
300.7101873413207
300.68846937910376
300.66608362955253
300.64303313417724
300.61935240544045
300.5951160119275
300.5702912579599
300.54487948609074
300.51901093874574
300.4927056425776
300.4659315443505
300.43875556210963
300.4112355496868
300.3833955711368
300.3552023821597
300.3267254371663
300.2979647103276
300.26894056990403
300.2396691392188
300.21023085350197
300.18062385395007
300.1509088784576
300.12104476189893
300.0910570844626
300.0610132845065
300.0308948556744
300.0007067627844
299.9705611223804
299.9404138163898
299.9104099606416
299.8805725790226
299.85105562857876
299.8219651214938
299.7934510874345
299.76565667819824
299.7386873567807
299.7127857696873
299.68806594367254
299.66467936637105
299.6428622464828
299.6227408649403
299.6043917770988
299.58803251756797
299.57367254650603
299.5615174768991
299.5515981794048
299.5439671811614
299.53873537268976
299.53596513775466
299.5357231561044
299.5380291808214
299.54287234334254
299.5502905659045
299.5602001546923
299.5725690188932
299.58732604198946
299.6044190360647
299.62371032366883
299.63806931948295
304.0260090473454
304.0404389028573
304.05664902084067
304.07455930135814
304.094072358596
304.115148586746
304.1377414179332
304.16178343351055
304.1871629174719
304.2138506329061
304.24177137962033
304.2708149879913
304.3008962348739
304.33193304372526
304.363823716192
304.3964174770468
304.42964177915513
304.4633722734481
304.4974696564105
304.5318679822767
304.56640906402623
304.60096236242447
304.63544855024884
304.66966274713246
304.7035705767115
304.73698530555987
304.7698048980626
304.8019311219058
304.8331993925079
304.86351834788263
304.8927798359502
304.92089095897336
304.9478679112314
304.97364559084144
304.99831445841335
305.02189140675074
305.0444010111039
305.0655655085615
305.0851197458183
305.10288523584086
305.1186370404319
305.1322689406704
305.14374650026093
305.15316078173925
305.16060267641933
305.16615341558224
305.1699256457465
305.1719988707556
305.1724981576782
305.17147448712274
305.16897678785205
305.1651511795937
305.1600770544515
305.15373830647667
305.14630166764323
305.1377435408145
305.1281641193159
305.1176300901004
305.1061262626483
305.09372099474285
305.08045320606016
305.0663770336578
305.0514832526175
305.03579617009956
305.0194084086003
305.00226800382944
304.9844041793603
304.96584608901935
304.94667564344564
304.9267762685192
304.90624975822203
304.88508046669983
304.86332554858075
304.8409588237702
304.8180312142723
304.7945020570461
304.77045355055685
304.74583779687543
304.7207542972545
304.69514170908883
304.66908801203385
304.6425516144075
304.61555255168594
304.58814318656636
304.5603626891678
304.53222042863433
304.50377641327424
304.4751074083213
304.44621549215935
304.4171355399448
304.387957062185
304.35877082241313
304.3296137383524
304.300673572717
304.2720654445669
304.2439058669656
304.21635146074885
304.1896008947531
304.1638323409013
304.1391939635279
304.11584265662896
304.09396970833234
304.07369464850933
304.0551115645393
304.0384032015366
304.02363212279096
304.01088087151766
304.0002270989776
303.99172036015693
303.9854007651187
303.98128716413856
303.9793770943664
303.9796583879453
303.98208453522983
303.9866845994724
303.99332517885756
304.0019617747279
304.01260015425447
304.02088123035287
302.1278608974892
302.141956842122
302.1580042775709
302.1759267300964
302.19568382514524
302.2172518164829
302.2405338213895
302.2654191119169
302.2918722660633
302.3198089915369
302.34914798023874
302.3797736744951
302.41161614665543
302.44450549318344
302.4783563698021
302.51301049204835
302.54838522074454
302.5842423762077
302.62059384055607
302.6571635972821
302.6938494996354
302.7305755871141
302.7671775046131
302.8035235751699
302.8395327614225
302.8750705990344
302.90999193449767
302.9442272130874
302.9776621026876
303.0102051942271
303.0417172373319
303.07207762657447
303.1013418655366
303.1294072829856
303.1562390022104
303.18186700150954
303.2062667657133
303.2292836285703
303.25064424131136
303.27023079712797
303.2878533577431
303.30343029458993
303.3169761012218
303.3284887640427
303.3379829218611
303.34548210254957
303.35113225168914
303.3549159136821
303.35693665006994
303.3572377574017
303.3558529782393
303.35288221721135
303.3483898574141
303.34244589358923
303.3350661257243
303.32636256102285
303.31640450531035
303.30519370635983
303.29281614360235
303.2793355056777
303.264763060914
303.24918151480284
303.23261307352993
303.2151235293423
303.196779112154
303.177541371451
303.157508405735
303.13670054267527
303.1152001259455
303.0929561500332
303.0700619161564
303.0465080484878
303.02236180784394
302.99764108643035
302.9723948215126
302.94658385289097
302.9203168441443
302.893545291557
302.86635595543487
302.83881417250484
302.8108283458165
302.7825165515183
302.7538698493746
302.72494894694427
302.6957354501787
302.66626308678053
302.6365963042019
302.6067327852895
302.5767459287962
302.54668506154445
302.5166222426738
302.48662616607345
302.45683517953864
302.42729822254717
302.39817311879705
302.36953262685927
302.3415347382194
302.31434684804407
302.28809682008665
302.2629122540253
302.2389307600449
302.21631012610015
302.19518537671104
302.1756551652869
302.15787276668664
302.1419388369075
302.12790201675807
302.1158584433972
302.10592764549233
302.0981557814449
302.09260100598135
302.0892738966706
302.0882217823871
302.08941049603686
302.092831456812
302.09845982625325
302.1062898989748
302.1162191739137
302.12416312006843
296.1667622464995
296.20882961582583
296.250291959412
296.2910802827393
296.33116441327417
296.3703698018679
296.40848611544817
296.444822443929
296.47915378847466
296.51138682325774
296.541522117642
296.5692864566857
296.5942370910994
296.6164346647631
296.6360759402551
296.65318541494116
296.66764740519983
296.6793536920222
296.6882577537094
296.69443203176513
296.6979578771271
296.69874379910914
296.69678493167913
296.69207542952114
296.6845600330016
296.67428462307686
296.6613087738051
296.6458406941991
296.62804518885196
296.6082029178213
296.58656093146277
296.5642738286694
296.54237396687495
296.52144555552525
296.50164999683756
296.4831558549533
296.46604555842845
296.44897764347553
296.43124238287805
296.4130962192402
296.39456912172386
296.37563178946505
296.35643823492114
296.33700153612364
296.3174409165649
296.29782510689694
296.2782584191236
296.2586971060707
296.23919150328175
296.21975242332616
296.2003689017675
296.1811046129881
296.161997737619
296.14303618695715
296.12434981870683
296.105972674793
296.0878535829835
296.07007304901265
296.05256907282563
296.03533019586945
296.01829088631234
296.0013996763745
295.9846468582738
295.9678559554272
295.95103083162434
295.93410816724804
295.91702474965285
295.899735115723
295.8821823908119
295.8643534799147
295.8462382612389
295.82778600144553
295.8089640815901
295.7897053899546
295.770148406476
295.75012816579704
295.72973845789704
295.7090981562515
295.688195449826
295.6669352017815
295.6452249118032
295.6229867099567
295.60041154860187
295.5796561986084
295.5639150368853
295.55256702787767
295.54332091659467
295.5348658418555
295.52679267121266
295.51899717673666
295.5116594053037
295.50482788998886
295.4987301657316
295.4936154774333
295.49005213001647
295.48899433105777
295.4912140824048
295.4969190174384
295.5060809447451
295.51846873329487
295.5341469845961
295.55291268901357
295.57458047481515
295.5991187458748
295.6262098467816
295.6553789752276
295.68642795179125
295.7192413326051
295.75382573371456
295.7900047209818
295.82735610594915
295.86565966549273
295.9047272699714
295.9444541950031
295.98454243742873
296.02458512454757
296.0643931623249
296.1039730292054
296.1307377996002
