0.015188523033127186
0.017208803746138947
0.018781015141730747
0.0202488098853576
0.021625342242357185
0.022884167386504603
0.023883550303787884
0.024767878505385168
0.025535765763685884
0.02617973830953257
0.026776986705011187
0.027622400706738808
0.028489211718497155
0.02935676633363722
0.03021323525766922
0.031069248374915717
0.03203073565209288
0.0330266324427146
0.034052775755758685
0.035098154751680356
0.03619422416143211
0.037345033552958554
0.03856989568139782
0.039861926699493525
0.04120985929910985
0.0426234029617936
0.044095457369227556
0.04559354852756153
0.04709970750895359
0.048623371679939825
0.050219184632241676
0.0518883089686872
0.05352410931303031
0.055132152787160965
0.05671613049160957
0.0581416280515712
0.05942139933150024
0.06067084458163304
0.06191510148041161
0.06313217064290653
0.06379986949829415
0.06459930139696148
0.06247697052478081
0.06207502484902964
0.06169013203293536
0.060284384728728865
0.0592964647075501
0.05818601132766943
0.05695170415039671
0.05560285729601959
0.05411035701004377
0.05252182314630454
0.05085011493578872
0.049098769325141144
0.047273180565070065
0.04533521527765613
0.04331295326990665
0.04121744353312838
0.03905445849737246
0.03682548563718492
0.034560133603641234
0.03222868598481663
0.029833720580081626
0.02738785167499054
0.024878666961157484
0.022288497949305444
0.019676301477215184
0.017042845943647557
0.014382944651932818
0.011725409482195068
0.009125962639931677
0.006526028090192039
0.003916786141392081
0.0019343936183999046
0.0009650802120579389
-0.0009793579044848968
-0.002829908145176047
0.005260025178229133
0.007953353151147173
0.012667417273435292
0.017727548110177443
0.02437712468343019
0.029081447349929918
0.029671802039976082
0.0318061800603586
0.03254913683636377
0.03272798938278199
0.032413807141505165
0.031640881292028425
0.031068940683544485
0.030654246132247504
0.029689665059694694
0.02818021502846847
0.026144080525096963
0.024069997161193676
0.02208304450205933
0.020122755542752873
0.01822260481520228
0.016403634139452176
0.014319066949384498
0.012135578065781055
0.01003018855049581
0.008004686503186795
0.006059571109237973
0.004460761982789434
0.003099409226862886
0.0019473865440903198
0.0009834419449676994
0.00024725034256721474
0.0006565728949307324
0.001486635320836156
0.0026686628726558656
0.00420417374323707
0.006013743052739377
0.007600536617595308
0.00928189326643039
0.011048462198951834
0.012897712423549378
0.014198492824583655
-0.010087574057613636
-0.0072904539881003426
-0.004836758145930177
-0.0025707766508337184
-0.00044801429065129985
0.0015508388006046803
0.0033516635113143467
0.004888046995274246
0.00620073644372165
0.0073261780819688475
0.008276388503344655
0.009173062733198754
0.010091871340243638
0.011000183287791735
0.011880143703349114
0.01272815964970652
0.01361781428888779
0.014556438431320168
0.015530821334164988
0.016519496554189682
0.017519012333116632
0.018600784929993685
0.019775738199337995
0.021028798724883127
0.022335382987453977
0.023683337516139304
0.025017533411356357
0.0263263199945865
0.02763024676357637
0.028935011927864497
0.030213016440425688
0.031412810261453664
0.03255662641900479
0.033674249858370996
0.034773751612975794
0.03585766610832625
0.0369207893718691
0.038108496999351184
0.03936022534765733
0.04047422041613092
0.04141719162602865
0.041995791949225265
0.041486484531174275
0.03966480542499236
0.03773135516543014
0.03563060050563404
0.033014253254007225
0.030426141312875826
0.027830303723963223
0.025205729700857042
0.022538411196434197
0.019845544501636513
0.017137864959997688
0.014404479941432055
0.01165415658764825
0.008892086999431684
0.006116547248823402
0.0033158456693384965
0.0004756786657402869
-0.002394638018511201
-0.005309733219929966
-0.00828935043777204
-0.011325008419271514
-0.014407034841756677
-0.017529730500811552
-0.020640644855892964
-0.023715756076776135
-0.02676241597352598
-0.029793371723699173
-0.03281500687625859
-0.03583930962971957
-0.03886226166233077
-0.041871418652049124
-0.04485894220190775
-0.04672758726286509
-0.047928662478240375
-0.049457017988250175
-0.04808779108717465
-0.042470817527774936
-0.036062932968685714
-0.030292684386260777
-0.021691521898339585
-0.011770773292278509
-0.006178226567155922
-0.0036277944597096316
-0.0017423363514850864
-0.00030252189249520376
0.0006611965903593481
0.0011435644465065426
0.0007944626554986396
-0.001004861344520338
-0.0037579324641456215
-0.00724574115572736
-0.011438276013804033
-0.01580947400216617
-0.01931687753945297
-0.02214817037754774
-0.02447732149763647
-0.026440826888790663
-0.028179641292850725
-0.029839057335535314
-0.03135969796989079
-0.03271619218689141
-0.03389863245857791
-0.03475583216642614
-0.03513202597965252
-0.03513916302617079
-0.03486435059918816
-0.03435315430983208
-0.03336554495618423
-0.031729340509310734
-0.02957790505757458
-0.027030735176670886
-0.02414706165116187
-0.0212448287172615
-0.018400105164708587
-0.015537329785307153
-0.012653217093323302
-0.010674633200875718
0.003974057777969929
0.004634989752657546
0.005302099697337891
0.005957016223897817
0.006601361966013875
0.007233050799224903
0.007848576538057801
0.008445543762684466
0.00902056404287336
0.00957571923728709
0.010103715832060581
0.01060647506842412
0.0110780672092241
0.011528274210592491
0.01195134254183206
0.012355120437445181
0.0127324886113011
0.013091436582096008
0.013424328377220152
0.013746118909458559
0.014048630819671034
0.014349937459870378
0.014654410887832004
0.014963557146966027
0.01527403379801015
0.01559434674896813
0.0159362432793171
0.016289424420070166
0.01666631593047491
0.017054521628359076
0.01745331809178034
0.017854123213916273
0.01824842265366783
0.018641480938393018
0.019029215100733323
0.019415968861178655
0.01983021265811257
0.020358752977815846
0.020887851106565776
0.021273581983599583
0.021611941028889702
0.021881269841449592
0.021881242511636662
0.02154500508307263
0.021100852913883517
0.02051234962308185
0.019705166973959288
0.018817248504017146
0.01785601359440685
0.016837521130747317
0.01576650821379624
0.014637657723123866
0.013457582622117548
0.012234568573580734
0.010966157345575924
0.009657361649151385
0.0083074238116359
0.006922802531226653
0.005504485800990077
0.0040542721688524375
0.0025749658464392687
0.0010665640931556103
-0.00047180544316679287
-0.0020288596890286037
-0.0036065745139028313
-0.005213229168914083
-0.006837312724607739
-0.008486119451846585
-0.010151995185277207
-0.011838366817450785
-0.013542382701184599
-0.015259754781959255
-0.0169909631722166
-0.018731467298861607
-0.020194063052213454
-0.021632951512887452
-0.02306471268551045
-0.023913400966695704
-0.024224437525368694
-0.024295730248485574
-0.024204310966647217
-0.023307837753684828
-0.022349724062254276
-0.021587946064830985
-0.0208027622298245
-0.019852338885626576
-0.01871964452770308
-0.01740914293877493
-0.015916527935193242
-0.014336994723153555
-0.012927659216796842
-0.01172543134108725
-0.010730041287338574
-0.009940316615739828
-0.009302805831544934
-0.008693412504766816
-0.008098520613961253
-0.00751958695713636
-0.006954786557974705
-0.0064003990722780665
-0.0058539077341314754
-0.005316701731255458
-0.004780695664135032
-0.0042423712465889645
-0.00370678872791102
-0.003183683038496258
-0.0026646234721940504
-0.002151572435586217
-0.0016390951054241834
-0.001124295956288369
-0.0006036602400326011
-6.967485007759299e-05
0.00047323519898562357
0.0010295604807159372
0.0016045768160604626
0.0021971803435959724
0.0028147685008909082
0.0034506597419953944
0.0038948132728690546
-0.02917809557866801
-0.028337184131050942
-0.027471997623473916
-0.026600144949130707
-0.025714485048911877
-0.024827338141034983
-0.023916462866883537
-0.022966734037410858
-0.02199741516251966
-0.02101395313127827
-0.020024271853786454
-0.019043998505073073
-0.018085273304024287
-0.017147585292991686
-0.016237149550807163
-0.015360122251150292
-0.014514479920644979
-0.013712123906955311
-0.012955817631035512
-0.012242811958049396
-0.011569764360358345
-0.010934219868804078
-0.010330379409509087
-0.009772221042805278
-0.00925358825715873
-0.0087830202608473
-0.00837339987767803
-0.00804597149837656
-0.007828744704292505
-0.007757452069190351
-0.007833766358301663
-0.008099637743997768
-0.008554846494479844
-0.009190112801102107
-0.00999243813997341
-0.010946140172776129
-0.011974805935429463
-0.012826656650173757
-0.013313780219556322
-0.01345827039349866
-0.013288775438706503
-0.012881597622560291
-0.01264958533894907
-0.013418152680223115
-0.014708977345811959
-0.01633126991729064
-0.018646816129759495
-0.021342400038829114
-0.024218146035626588
-0.027176982802249727
-0.03016766390463153
-0.03313234284082545
-0.03604368548123138
-0.03890227448114924
-0.041711213605061914
-0.0444653748732834
-0.04715130059408899
-0.04976166453735956
-0.05229200408069324
-0.054748678117536795
-0.05712365751065849
-0.059382225765201795
-0.061521179423225804
-0.06355275324465322
-0.06547793143888045
-0.06729450574233328
-0.06897603538852541
-0.07052248910330891
-0.07194251097828763
-0.07324744064924014
-0.07442549585338859
-0.0754599095620912
-0.07634654747401379
-0.0770920877697585
-0.07742689783984663
-0.07715629044264694
-0.07647141468694128
-0.075292944916172
-0.0730068635816824
-0.06981054733233764
-0.06612088985606582
-0.06176688079842023
-0.056560240207113865
-0.05150079084508456
-0.04737436494550982
-0.044386071293062754
-0.04237951704152235
-0.04107486378813922
-0.04024466881697444
-0.039727148614742504
-0.039392763245137706
-0.03915827150234349
-0.03899247546684947
-0.03886252990452042
-0.038760505322850504
-0.038655234643810876
-0.038535196809910646
-0.03839939784019063
-0.03824825473398653
-0.03809549930079815
-0.03794275680457577
-0.03779112250179255
-0.03762272396909592
-0.037418932912459846
-0.037176901572164675
-0.03688739035565644
-0.036559225345440184
-0.03619275202361086
-0.03578035024560263
-0.03533228426303541
-0.034845296706217554
-0.03432640306280483
-0.03376883737656782
-0.03317385882030982
-0.03252503613279835
-0.03181987756951333
-0.03106537252820673
-0.03026788961852848
-0.029708187214295072
0.011273881931572015
0.011638120564827726
0.01197063397561843
0.012300785735838754
0.01263993106186288
0.012995906410494367
0.01338593384538581
0.013808259809569923
0.014248760355148408
0.014694216806796695
0.015145694508419677
0.015608732707224838
0.0161012860792228
0.01661076850488148
0.01711745700060062
0.017605830535499075
0.01807076578964088
0.018493659238045992
0.018866881270673767
0.019181407494638588
0.019445411152526116
0.019661997570728198
0.01982969142288008
0.019951234555719
0.02003063085260096
0.020069498355298067
0.020054896538593107
0.019962838795672226
0.01976835467393346
0.01946617519412656
0.019012691571702024
0.018314718901298627
0.017277228603972503
0.015865831684476597
0.014076448162963467
0.011931364184775393
0.009661621552443657
0.00847248487404499
0.008171550789490152
0.00829609075719246
0.008598708547380778
0.008962297669476895
0.009333258422139829
0.009665531098267776
0.009910493064828853
0.01005638228972261
0.010067983951697999
0.009933598031474871
0.009645378451252754
0.009204969278941915
0.008625178149823021
0.007921938564941456
0.007095968247838444
0.006173126833493364
0.005163807439264918
0.004078380451502125
0.0029427987579372723
0.0017802401978278012
0.0005912289639169082
-0.000607801541109419
-0.001823623441589075
-0.003059748802977311
-0.004298107240721051
-0.005539517382746414
-0.006774868328266039
-0.008006737700495726
-0.009228610062535014
-0.010438957756536636
-0.011632961112173025
-0.012808629136728193
-0.013960067885845839
-0.015058925078288234
-0.016091936662286834
-0.01705968058008247
-0.017797779251101417
-0.018121461428950523
-0.018031760590939024
-0.017446960275250528
-0.015997501859227672
-0.013753797579068892
-0.01096664277593058
-0.007596894002920108
-0.0035408849170973007
0.0005810143497919982
0.004115482110954285
0.006800557889369729
0.008680030411457764
0.009908105027405743
0.010621234044129393
0.010903559336449114
0.010883037188703688
0.010649035646022419
0.010267310906184633
0.009780966138396395
0.009234362074567314
0.008655321002501812
0.008082256270778954
0.007544189081214598
0.007076425029710505
0.006699197845294719
0.006441792788425146
0.006307563891117939
0.006280851763914249
0.00633803729107498
0.006464963572364483
0.006642745652274429
0.006859493031472443
0.007106991173033549
0.0073802739149005335
0.007670734231406612
0.007963515085846308
0.008255492853490318
0.008549567243160213
0.008835373911284068
0.009132412514694321
0.009441321653903847
0.009764638428638665
0.010099546044101586
0.010327297566626157
-0.05283615129054091
-0.05226767845846017
-0.051692843991281
-0.0511193233516115
-0.05054525380249255
-0.04997575117204691
-0.04940656017265582
-0.0488403106534221
-0.04827010054025824
-0.04769580771780055
-0.04710651660979709
-0.04651461125332933
-0.04590946028299729
-0.0452995429431583
-0.04468357218420772
-0.04406720677416156
-0.04344917870013266
-0.04283244438458263
-0.04221685256116991
-0.04160452854742163
-0.04099656664806839
-0.040392314107763734
-0.03980060774578163
-0.03921557205527395
-0.03864572207641239
-0.038084000132466996
-0.0375411121829159
-0.03701750171333798
-0.03652454230529631
-0.03605732329841368
-0.03563015061951892
-0.035252287832570145
-0.03492375155776715
-0.03465045540841675
-0.03442262029465666
-0.03424267190134964
-0.03411343838467352
-0.0340249560661857
-0.03396851484662192
-0.03393067247818773
-0.03389172698723258
-0.03384458796950059
-0.033781939548291846
-0.0337165939484057
-0.033676624235227215
-0.033684589966068545
-0.033759205313673046
-0.03393688338631597
-0.034235698560204086
-0.034667309876020805
-0.03522613556436134
-0.03589806919516282
-0.036677799126480295
-0.03755435232460535
-0.03851877271538937
-0.03955370427277676
-0.040657741054611014
-0.04182301809384235
-0.04303103362866546
-0.04428547817912525
-0.045575417288056905
-0.04689274985855568
-0.048237627673663366
-0.049599413539813446
-0.05097828369295556
-0.052364642687504195
-0.05375445235167132
-0.05514679699617396
-0.056534073845322594
-0.05790971541551951
-0.05927751566497118
-0.06062337085461778
-0.06194638138903177
-0.06324625763852827
-0.06450916810532355
-0.06572291811997133
-0.06686106751725954
-0.06790386913676226
-0.06882130097118026
-0.0695785068544726
-0.07012442313298602
-0.07044340585817
-0.0705179910309771
-0.0703380968436341
-0.06994623903454623
-0.06940260968644134
-0.06877407942625091
-0.06811500216286039
-0.06745526053038713
-0.06681752696379266
-0.06621005998606734
-0.06563845172184772
-0.06510229145967374
-0.06459222725749142
-0.06410501367559941
-0.06363851636512657
-0.0631883877642368
-0.06275475438223305
-0.0623335184785711
-0.06192387563055329
-0.06151956380620274
-0.06112067578954519
-0.0607194253027495
-0.06031637778956634
-0.0599062779342379
-0.05949161172687664
-0.059067925114512976
-0.058632537282403835
-0.058185479571402084
-0.05772362910360022
-0.05725270171840125
-0.05676518102893448
-0.0562654367106814
-0.05575726822930881
-0.05523893611592443
-0.05471080609633999
-0.05416965779289753
-0.05361616120007391
-0.053236335685524265
-0.003881029661316495
-0.003779537476254799
-0.0036843222092094695
-0.0035850715880333898
-0.0034866163501912567
-0.0033852636146831146
-0.003287232525161752
-0.003185481561707047
-0.0030852132144536734
-0.002983821930400234
-0.0028861700145712977
-0.0027855082587205406
-0.002678581651306736
-0.0025738671339649577
-0.0024627860517080283
-0.0023492160165084967
-0.00222936071097264
-0.002107104466925998
-0.001981967890350735
-0.0018567971781867948
-0.0017271682037275995
-0.0015928458683406622
-0.0014591940960273578
-0.0013215736701762597
-0.0011828084562268747
-0.0010482379186716403
-0.0009174437158976281
-0.0008037993150672081
-0.0007096489673180772
-0.0006502287956445176
-0.0006187670442114182
-0.0006141323250594981
-0.0006363852561961705
-0.0006805261942575641
-0.0007502362769657887
-0.0008478041070102518
-0.000956009757895141
-0.0010027146526770776
-0.0010097376199782457
-0.0009902602284701384
-0.0009596135585732658
-0.0009178728560933639
-0.0008713086427932676
-0.0008225471800260894
-0.000779576608440346
-0.0007432012444939423
-0.0007210028159109145
-0.0007266065562019396
-0.0007484288705004835
-0.000796990736388711
-0.0008682426718345207
-0.0009627502863322925
-0.0010841399296691913
-0.001231999946366329
-0.0014031735829494
-0.0016013888237276955
-0.0018217855944415585
-0.002065823039627414
-0.0023269074891028602
-0.002614942146403945
-0.002918955152748923
-0.0032371114455472787
-0.0035637556954264374
-0.0039011813869014897
-0.00424530147491185
-0.004595367372261604
-0.00494848754372596
-0.005304856676689792
-0.005663694120448852
-0.006025015562844253
-0.0063840854961948875
-0.00673992218073773
-0.007093881422388141
-0.007443179658700751
-0.007776998298274381
-0.00807470614489012
-0.008347056791313352
-0.008573982174952382
-0.00873920311431539
-0.008823111259897763
-0.008833437311187764
-0.008768574742638105
-0.00861102481521417
-0.008382382718880567
-0.008110911691926617
-0.007843985606850856
-0.007600359589982436
-0.007394970497920678
-0.007232049949953952
-0.007105908823775033
-0.006999087811102682
-0.006901097163759664
-0.006799216652199366
-0.006695449771671127
-0.006583885182288957
-0.0064654015678758696
-0.006351928155391613
-0.00624033702808538
-0.006126946979715791
-0.0060192868134140536
-0.005909753494750611
-0.0058043862462327355
-0.005691606455487118
-0.005587694384203124
-0.005479851516142204
-0.005368730767516165
-0.005260968960304193
-0.0051514816141899735
-0.005043119202881318
-0.004934032281461514
-0.004824288564739037
-0.004716395156253796
-0.004609595098947004
-0.004506045491901854
-0.004401390174056207
-0.004295512260240131
-0.004185305859388975
-0.0040795704615268664
-0.004004404292695094
-0.0038792685156039983
-0.0040161613138948804
-0.004145439459031901
-0.004279713283358143
-0.00441441595585595
-0.004548288696330023
-0.004680475972576322
-0.004815825020811128
-0.00494442370952374
-0.005075181030155361
-0.005197796954268048
-0.005319908455438791
-0.005438910775502594
-0.005556135437649582
-0.005677727920438491
-0.005799154890644166
-0.00592214214493439
-0.006039820017006757
-0.006162386225213005
-0.006280030570223919
-0.006399492413398237
-0.006513606207389974
-0.0066239122189192794
-0.006727188198733205
-0.00682643458396047
-0.0069236147164460264
-0.00702086688615636
-0.007112148909271259
-0.007207593019066714
-0.0072983638982565685
-0.007386226058983339
-0.007477360472990985
-0.007569594934314946
-0.007662878578127276
-0.0077590309848567076
-0.007855647734698814
-0.007955967575719102
-0.0080166605181733
-0.008048590955714127
-0.008054971416128888
-0.008049250075273871
-0.008029528747459106
-0.007997714633972296
-0.007959728873530489
-0.007922265400732452
-0.007885836463812924
-0.007851407966853912
-0.007814223670319025
-0.007783143551448336
-0.00774964062256582
-0.007707899416379984
-0.00766571649183882
-0.007622289846653467
-0.007576185782494126
-0.0075322856534034725
-0.007486153966909257
-0.0074415453586673735
-0.007392262635022003
-0.007344093589984399
-0.007297457765804595
-0.007250391599558875
-0.007202581856004234
-0.007157943242214467
-0.007111408702039308
-0.007065863356169405
-0.0070240174654397644
-0.006982875464081173
-0.006943613376106033
-0.006903512839121824
-0.006871894097840396
-0.00684780694084085
-0.006830773915736581
-0.006818612194562192
-0.006817947125245867
-0.006818784047716019
-0.006826350933644541
-0.006833471810834984
-0.0068305993726851194
-0.0068136419671145565
-0.006782165620730517
-0.006740475875694706
-0.006672885857199527
-0.006580421540246813
-0.00646465458711861
-0.006344059138963853
-0.00622072804160946
-0.006102029246053312
-0.005981873167672345
-0.005855868569367064
-0.005728735439575057
-0.005599239844944473
-0.005472756829713436
-0.00533879065957204
-0.005206419540293792
-0.005072325913728796
-0.004930107450847567
-0.004782507283615341
-0.004635276489762893
-0.004488548804663762
-0.004350898866195573
-0.004226001055885437
-0.004114687452158917
-0.004015242909430053
-0.003939034972470746
-0.0038733658168353586
-0.0038225498595610558
-0.003780382558462084
-0.0037467895082910533
-0.0037210638636291393
-0.0037052224217391442
-0.0036969908660519782
-0.003699676334141072
-0.003710866823354959
-0.0037303976580908326
-0.003760712903582651
-0.0038048923024993357
-0.0038546148094408695
-0.003912823668643877
-0.003955773751533825
0.025712868299671777
0.025831946164735494
0.025949432105606664
0.02606734965416422
0.026181963099451713
0.026298489787408737
0.02640743664522492
0.026508657841497727
0.026601408099273326
0.02668424800678694
0.026761752967158076
0.026833944709625253
0.026894075233194006
0.02695203943976168
0.026995055990278422
0.02703209404025784
0.027063302566907525
0.027082533108754938
0.027100142810256786
0.027111171206985994
0.027112938267706638
0.027108334691583257
0.02709832156795919
0.02707968461992401
0.027054848795951332
0.027021966388054465
0.026982820555594502
0.02693489888966318
0.02687739837490958
0.026811123357909663
0.02673531145072025
0.026643274429454054
0.026535713062990247
0.02640465606008056
0.026260477354885063
0.02609447846743438
0.0259197325709384
0.02578990609622486
0.02569447586881466
0.025618274565947067
0.025554783851293936
0.02550833583098103
0.02546330255931588
0.02541586341472717
0.025359126619593764
0.02529746176724542
0.025222904963860458
0.025135723097833337
0.025036942105566458
0.024927161505282146
0.02480868686673035
0.0246792984606093
0.024539859495674648
0.02439284543729694
0.024238507098182076
0.024073016262776335
0.02390008493571598
0.02371759748335408
0.023530121953769297
0.023334313784381323
0.023131914227767548
0.022923868402275314
0.022712622574270355
0.02248977178872419
0.02226688821104968
0.022036904212140485
0.021803765209311213
0.02156720706129569
0.021326974840170577
0.021081608892566082
0.020833391516185785
0.020583699107287894
0.020330368077252088
0.020075290736935442
0.01982503363905598
0.01957682909571922
0.019338924837719852
0.019110091495312752
0.018902459931412704
0.018721959317529267
0.018571742856310032
0.018460606780452218
0.018394246344780974
0.01836776805132704
0.018367609135703736
0.018382122419989922
0.01841003306068157
0.018447399713521825
0.018495461877591022
0.01855374972088263
0.018617724248913312
0.018688678096636824
0.018762085485883
0.018840151213133205
0.018926846450067522
0.019020729103659213
0.019118787840916297
0.019226798399507042
0.01933752074908233
0.019452174356082513
0.019570089539788716
0.01969079126834772
0.01980905953582619
0.01991362629661786
0.020014515465888682
0.02011421252871104
0.020215914930307503
0.020325074210309206
0.020440262644005894
0.020562680048237695
0.020687112503466294
0.02081772178860231
0.020949453391434312
0.021082414035036613
0.02122125815203967
0.021363104632824464
0.021507569673650837
0.021651791612599523
0.021752877598181973
0.003202920241466283
0.003297746873842054
0.003399983861971668
0.003509549751270415
0.003625706366262976
0.0037469965721987726
0.0038726762464093268
0.004012163433755412
0.004151180109421884
0.004297630236681826
0.0044526729881293435
0.0046107296038137
0.004774330997590932
0.004943886093485727
0.0051133612619990165
0.005286850948093268
0.005461196445623559
0.00562959781831824
0.005796616492842908
0.005957850579811594
0.006111874780964014
0.006257028842902691
0.006393960327707045
0.0065206205428299
0.00664016692003971
0.006745415079354949
0.0068437882935100435
0.006931586098461726
0.007011689204259908
0.007082606811287761
0.007144951161404796
0.007200785289872366
0.007244331650194968
0.007284797843621498
0.007317240719937112
0.007344330870737915
0.007366781841012807
0.007397610572682385
0.007459570338149639
0.007555733204363359
0.0076890618641391245
0.007854680378379428
0.00805241397617155
0.008266424497631304
0.008493501495701033
0.0087293348437741
0.00895523983003462
0.009172503626400694
0.009374896924768762
0.00955310725007514
0.00970836005915403
0.0098299236458397
0.0099242583490276
0.009986566455262845
0.010020210419959897
0.01002341755496423
0.009997763250833132
0.009941915269495187
0.009860415032197022
0.009752244709798468
0.009620026409256011
0.00946389042345038
0.009285529886611809
0.009090405305798719
0.00887574358308383
0.008643245920440499
0.008395386706075071
0.00813048159078767
0.007858925476788075
0.007575804805066087
0.007281381293829709
0.0069793231530608174
0.006669632042208502
0.006356091967382396
0.006035313717689997
0.005714911342861833
0.005388629182559141
0.005069279958366875
0.004751360232785682
0.0044412989977996595
0.004137007731371622
0.0038518838186288712
0.003578685265468367
0.0033292147129807726
0.003101903642176252
0.002898055112819554
0.0027117725388100164
0.0025502999904975653
0.0024063690261992266
0.0022778612531729626
0.002165561687664783
0.002067062841936857
0.001974938382151599
0.001896926508752259
0.001824815456732024
0.0017656378416983003
0.0017120478198504121
0.001665032585597936
0.0016246778751068344
0.0015949145519169967
0.0015645266908230079
0.0015431048013474795
0.0015294115853947041
0.0015196446349579702
0.0015149443906764715
0.0015137647903029799
0.0015137494751503255
0.0015233217211511098
0.0015298088596148503
0.0015431306302005697
0.0015614145848725958
0.001581074299946337
0.0016036145708011322
0.0016314450426294278
0.0016603186316317454
0.0016961620738800357
0.0017387507672759488
0.001784872061208516
0.0018227722534787172
-0.006645679906863637
-0.0063276609988588755
-0.005988869191585314
-0.005624043460370943
-0.005242516471740371
-0.0048439689517208485
-0.004430739022886478
-0.004006035017526702
-0.00357117687186119
-0.0031335631199895905
-0.002697524162152048
-0.0022543927444359764
-0.001817714234668521
-0.0013848349202562574
-0.0009581664816987963
-0.0005392710963136691
-0.00012809831301010256
0.0002674072003306031
0.0006488678822269903
0.0010143430758797057
0.0013581693714512072
0.0016791568491783591
0.0019767085157028877
0.0022491067799416133
0.002495352804287538
0.002714627631107631
0.0029062646697936745
0.003065605456988639
0.003196920199354224
0.003297867371776417
0.003378531050914322
0.003436416634341336
0.0034696125472755534
0.0034844898537664862
0.003480404598884883
0.003462414243605865
0.003428656425021501
0.003403074487867966
0.0034092064117806444
0.0034559729891737024
0.003534272440463388
0.0036346826611347058
0.00375443158782998
0.0038808224217285175
0.004005709844839437
0.00412073689607202
0.004213299710862105
0.0042871227840259405
0.0043327877961684335
0.004352440319453121
0.0043424090670213375
0.004303488086025102
0.004235261080823333
0.004138461373340743
0.004019856541473228
0.0038751367798386034
0.003708693676929551
0.0035221641141064187
0.0033167225699297846
0.0030993960553584035
0.00286724472483002
0.0026238681238950306
0.0023693940308049345
0.0021046842070445685
0.0018355974255921616
0.0015580468177110764
0.0012759124688404482
0.0009873854844365828
0.0006975717470432165
0.00040747879376037987
0.00011602594131887296
-0.00018087811436735438
-0.0004837475434139161
-0.0007810089482566465
-0.0010868861910370714
-0.0013869353788150977
-0.0016898904193574115
-0.0019955895135548483
-0.0022966862863384374
-0.0026039605097937543
-0.0029088827891400686
-0.003213247609540954
-0.0035175369340330054
-0.003819969186974821
-0.004125160454538125
-0.004422647686070357
-0.004717732643192517
-0.005006481310919498
-0.005291623259483708
-0.005574520001818619
-0.005855301376628487
-0.006136057794143672
-0.006412756487244483
-0.00668687770156498
-0.006959873243951105
-0.0072281597423733725
-0.007488917083113539
-0.007737896746311699
-0.007977113316695393
-0.00820034597020659
-0.008409319162507601
-0.008596438725590122
-0.008758423316217756
-0.008896729466348896
-0.00901250557490142
-0.009100925424794782
-0.009167019697841042
-0.009207469730054464
-0.009219620715729682
-0.009204493222693705
-0.009165981312456167
-0.009098324675864465
-0.009006682982814634
-0.008885835207638507
-0.008738021046441388
-0.00855836962053837
-0.008351445461864672
-0.008111605879837176
-0.007930865954004782
0.006549541255400258
0.0065365841001356895
0.006539106613512665
0.00655045098592465
0.006577691303881207
0.0066197830452931206
0.006671398651218651
0.006742215229608211
0.00682727448020474
0.006925577588076416
0.007040328814312464
0.007164701378370283
0.007305208383682821
0.007456418602530747
0.0076094708185862545
0.007774877492211692
0.00793709338482899
0.00811082131441864
0.008276622479332673
0.008445683704817693
0.008605248560490506
0.008760278939313358
0.008911515978997205
0.009058028274271924
0.009193680039862744
0.009328202236626238
0.0094580882491482
0.009578955893273898
0.009703183742607794
0.009823173868823889
0.009941909145716563
0.010059964826847397
0.010179336112207091
0.010301133857932096
0.010426826527947101
0.010556493806973584
0.010694467400147192
0.010854761962778896
0.011058005309211102
0.011321526588838195
0.011629942496212667
0.011983546200506021
0.012365311446207915
0.012768726344166554
0.013178350386180298
0.013576116832539419
0.013954781007949002
0.014301276591951472
0.014612456479379685
0.014878842223487383
0.015098756011444139
0.015274001001789933
0.015402811587015355
0.015484084143269586
0.015519040674707994
0.01551392048520748
0.015478322819721373
0.01539919421706074
0.015287543732535807
0.01515058658837584
0.014981189637361536
0.014786980501740836
0.014571690241076391
0.014336674532509364
0.014082099624008403
0.01381527137124807
0.013533792524143662
0.013240233710825715
0.012936721621343577
0.012627516822181483
0.012311358781019481
0.01199254395969156
0.011669011806007846
0.011343133012894756
0.011015066822099276
0.010688256922039011
0.010360095374711248
0.010040842335874932
0.009728501339612483
0.00942495166470792
0.009135787981492848
0.008861762912910997
0.008605453886366611
0.008372228307958668
0.008161066624867512
0.007972086276867182
0.007802805744327427
0.007652889033422252
0.007525433726365444
0.007414530972889533
0.00731592166138444
0.007230535591364704
0.007159596888575246
0.007100202567298701
0.007048901416740405
0.007005325567948566
0.006965621251118864
0.006934583231612337
0.006901798303296358
0.006875968472780902
0.006847151178937103
0.006820600512084637
0.006792654123351745
0.006764564581304297
0.0067311520244454125
0.00669220971496344
0.006652401349058533
0.006605578316438921
0.006552142789129451
0.006498648586194281
0.006443142613101002
0.006381694038709719
0.006318315883174954
0.006250174174986162
0.006188228560811534
0.006124165185590277
0.00606684360481103
0.00601441311735265
0.005982936933163314
-0.015296411596241434
-0.01514995560222262
-0.014980613632111967
-0.01478499943763074
-0.014571154119627385
-0.014335629817451154
-0.01408451448903172
-0.013815296062670583
-0.013532571124610118
-0.013238105225966277
-0.01293467149653432
-0.012624130981418609
-0.012306386478248525
-0.011986904614974392
-0.011664054435950122
-0.011341216813458057
-0.011018381252019508
-0.010699793131838543
-0.01038635105190131
-0.010075903033623336
-0.009773213605455291
-0.009484324805239615
-0.009198523163996363
-0.00892649747936523
-0.008668743929579014
-0.008417868074859945
-0.008185756165587957
-0.007967420587140785
-0.007757361564474143
-0.007561537461027824
-0.0073784200831138545
-0.00720592350549476
-0.007043563976224934
-0.006889270311012214
-0.006743137784239507
-0.0066018551427996066
-0.00646730724232807
-0.006322054976385083
-0.0061597016464361755
-0.005963554346017371
-0.005738072237153187
-0.005487363745607742
-0.005213090651606571
-0.004919558605525783
-0.004624233086290645
-0.004332115714327738
-0.004050444447663716
-0.0037892304546758853
-0.003547226334933517
-0.0033348622594302343
-0.003158028301680861
-0.0030139750886609773
-0.002903452372535146
-0.0028313578037581747
-0.002793439086000548
-0.0027883539293279526
-0.0028196448871275342
-0.0028788135200948544
-0.00296813653792286
-0.003085697544461753
-0.0032300231359810123
-0.0033978364459601503
-0.003586739221299884
-0.0037949825394104266
-0.004023070872562063
-0.004266223919987488
-0.0045249589463252525
-0.004795599315508091
-0.005076260163944113
-0.0053693442306094
-0.005670196663159773
-0.005979744211138633
-0.006294553565297248
-0.0066159498833881555
-0.00694419993570992
-0.007274998407501405
-0.007613001803055658
-0.007952128014070173
-0.008287693467537945
-0.008626079896314066
-0.008964412407478028
-0.009302363734082
-0.009634217538039686
-0.00996240257752039
-0.010285927300921087
-0.010603832577138645
-0.010909648064521518
-0.011209218496429512
-0.011502221777960769
-0.011788823217297559
-0.012068856340946777
-0.012347520076659006
-0.012614645093541772
-0.01288005350817421
-0.013141152306677775
-0.013394103714047844
-0.013637626196321093
-0.013877951549710778
-0.014112918435735297
-0.014333939017594634
-0.014543208624322722
-0.014749307766779289
-0.014935155757486988
-0.015114773863576743
-0.01527828358489371
-0.01542679908902427
-0.015563266328895134
-0.015682964192559084
-0.015788266166558172
-0.01587703483573558
-0.015947093914122572
-0.015999906356514604
-0.0160326534292506
-0.016045442528649298
-0.016036720354861003
-0.01600668026272846
-0.01595311851322013
-0.01587266974081715
-0.015803536077698296
0.03250385038809546
0.0328601998488633
0.033197720694341154
0.03349921099209037
0.03376477720293369
0.03399680066004301
0.03421482732731333
0.03442988242088633
0.034659831994087086
0.034899341249100324
0.03514895314944931
0.0354100715334128
0.03568538196428225
0.03596919210551514
0.0362421965827961
0.03650502643525156
0.036752313064171226
0.036976675444778236
0.037175594616075336
0.037352906931267055
0.037513348300004815
0.037647422645589186
0.03775897012141383
0.03784117429852256
0.03789382918632517
0.03791920924527475
0.03791480998680912
0.03788842272735854
0.037826298837709146
0.03771775272634195
0.03754356708616698
0.03728944469126296
0.03694322961481527
0.03650050420713796
0.03596027790784307
0.03534178420056193
0.034643720113786365
0.03397596964211338
0.033432115421099654
0.03302707760668129
0.0327585039974532
0.03260509013171857
0.032554764685255255
0.032575961864171055
0.03262890842392948
0.03269113599429131
0.03273476571282309
0.032747798980962056
0.03272112861863605
0.03264816886898463
0.03253214605974252
0.03237297127288521
0.03217601998554275
0.03193239752589067
0.03165438031276026
0.031337494166900896
0.03098372069317204
0.030603157528454022
0.03019616318088885
0.029766749156430305
0.02932054722624912
0.02886192261096512
0.028393523976568646
0.02792575881921875
0.02745442956749833
0.02699917653177079
0.026545836730501787
0.02611221485768799
0.02569414440835987
0.02529754194232847
0.02492382858849288
0.024572464162521544
0.02424325918551118
0.02393857323488694
0.023664575339509226
0.02342917101813967
0.023257863958190336
0.02316305398310319
0.02316587025214362
0.02329962110554544
0.023586103088653686
0.02405088735960704
0.02470529866235095
0.025399815976007007
0.025816299169293414
0.02590543926274937
0.02585515385226922
0.02577616716017121
0.025719730148747066
0.025676839608511574
0.025713855506605765
0.02585499890629608
0.02604007857678266
0.026216303491967415
0.02636026429902323
0.026423334585303302
0.026414872815065972
0.026379863501809955
0.026368021934484454
0.026431229950271196
0.026559555347844852
0.02673652255560805
0.026954710420740508
0.027223402708345067
0.027522042793893406
0.027840196659022844
0.02817360019346188
0.02851460445476963
0.028859578243037445
0.029206662249606115
0.029554691234770676
0.029897683036145886
0.0302387452404379
0.03058378261712311
0.030945294327755193
0.03131895048548351
0.03170305867197062
0.03208129458663363
0.032340286075268704
