0.018390576850897577
0.0187726170866947
0.019146270628471903
0.019514902599118766
0.01987251463837835
0.020226303067270794
0.02063989379288272
0.02105537550800421
0.021460033941490448
0.02184919901333935
0.022214997765984554
0.02256036676740238
0.02288618315600306
0.023187440841197064
0.023462919981778536
0.0237152334921765
0.023944924662384914
0.024138373544151194
0.024296402980509252
0.02441823234811607
0.024501494677504537
0.02454738678920697
0.024558973875735947
0.024538075634374747
0.02448539259556285
0.024399809027270673
0.024279867336877523
0.024135172378981194
0.02396853884136813
0.023781935063947896
0.02355518690146478
0.02326613554856632
0.022967195336674524
0.022664825319105325
0.022363375528839793
0.022045292284866777
0.021705514288985803
0.021361526011009584
0.021008221256191645
0.02064345153590297
0.02056627800392381
0.02038032748654914
0.02029042862798701
0.020079245109293264
0.01985514872357983
0.019832707112435073
0.019676318651142298
0.019521969226799062
0.01937171410174986
0.019224533807981985
0.019064958207824906
0.018904608720942438
0.01874512633004334
0.018585310504419618
0.018426301831839593
0.018272980593139546
0.018121001576802243
0.017969465534116727
0.017819971636135065
0.017668685811430385
0.017509488059936264
0.017346186163966965
0.01718078996100877
0.017012619227362396
0.016842651843200485
0.016673165041752088
0.016504777556889675
0.016336737282351115
0.016169293717246118
0.01600298405667155
0.0158375312620656
0.01567489310200304
0.015513261482051769
0.015205861782736625
0.014656355961135369
0.014334048120192573
0.014003487875964393
0.013073198515743026
0.011990091586333865
0.00956884054075612
0.008689793937517652
0.00851778004682333
0.008183051835654754
0.008278146624346557
0.008453760247176242
0.008984687661624273
0.009617778671640015
0.010325560378477391
0.0110968987346928
0.011590617870906659
0.011782178849482546
0.0119259023226869
0.012039807561016422
0.012130200760211752
0.01225842637159194
0.012403621302098721
0.012569761573635013
0.012760009027115308
0.012976623643369952
0.01325548381596432
0.013568653345161635
0.01389635940511039
0.01424053045404616
0.014602026936966153
0.01488057121502075
0.01514385757379294
0.015407070494625145
0.01567054365642753
0.015933307246144484
0.016169974685717126
0.01642553449600458
0.016696620619157134
0.01697892618267217
0.017260939179558836
0.017513342522777822
0.017753739210809145
0.017970302258055765
0.018159004621337994
0.018270142670248082
0.013607161161567377
0.01398400502815414
0.014385423059806427
0.014790745096991314
0.015188751380402774
0.015574999790154464
0.015953600913049763
0.01633607401567575
0.01671953344408603
0.017095999888620487
0.01746186749388724
0.01781615095732011
0.018146350588395647
0.018445322525436528
0.018712875202206426
0.018947251927729534
0.01913853094851478
0.019284875619715102
0.019388506472503186
0.01945027015274336
0.01947437626983484
0.019457250983456294
0.019400080444218853
0.019303916531441964
0.019170135390869092
0.01900192978564578
0.01879670307888708
0.018563580074576813
0.018306791513674512
0.01803000099558883
0.017732444554589347
0.017401550952330147
0.017045922545116686
0.016674333430231378
0.01629421728810982
0.01590305337375813
0.01548694678294233
0.015054087610495918
0.014613474670652932
0.014131431757233952
0.013665159064998584
0.013332588777939056
0.013051440637903975
0.012821518718109428
0.012573774096168302
0.012354560870012299
0.012242520879048592
0.012106340460851064
0.011953720223455385
0.011790781862725822
0.011623017015106395
0.01144747525744624
0.011265704992627568
0.011077695455036547
0.010884612543243244
0.010687193274779764
0.010488749777481295
0.010289655869327698
0.010088413841545546
0.009886733701051363
0.009684835711548365
0.009479931331331161
0.009273169649111906
0.009063636947900109
0.008852722647195261
0.008642323282224175
0.00843742609965321
0.00823656648077596
0.008038446903728765
0.007843845675468085
0.007653109191875695
0.00746472880602945
0.007279871664628599
0.007097165089737104
0.006662435241628667
0.006095959476991541
0.005633639207705773
0.005033635189163108
0.004182116677572966
0.002636702150897075
0.0009673615872323407
9.644891881182374e-05
-0.0005012717586143828
-0.0005636749005294324
-0.0003381930072615837
-0.00014827097790227003
7.33113205859164e-05
0.0003493399847725335
0.0006796500173670291
0.0010737457487001712
0.001594846494892717
0.002209145289170712
0.0028704223478105634
0.003557546585609234
0.004216437062048139
0.004739164947723107
0.005168133273257798
0.005556602401071549
0.0059263495390194975
0.006296006428738799
0.006670188068637006
0.00704639565306604
0.007425747193804578
0.007813903201701927
0.008209982988502097
0.008603249272287276
0.008991721777768424
0.009377134236033549
0.009760346385259227
0.010132515808347571
0.010490393514831985
0.010851499715715082
0.011225716689934976
0.011611917811670912
0.012030799518307099
0.012462291379055634
0.012882154241310877
0.013279129657463353
0.01353428801181172
-0.003125555084898223
-0.0029872911484997177
-0.002856587132463984
-0.0027319121278957513
-0.00261477945921621
-0.0025038240908525715
-0.002398720495777644
-0.0022980839965102326
-0.0022012737063534646
-0.002108746295524125
-0.002020447939564552
-0.001936203396300786
-0.0018567325444521637
-0.0017821586602688756
-0.0017137792446885757
-0.0016515004687234485
-0.0015969308337654986
-0.0015508475982805613
-0.0015135191716576053
-0.0014854117609383879
-0.0014664525328930442
-0.0014560023347078611
-0.001451100649231719
-0.00145392070905317
-0.0014641702430965725
-0.0014822724340827472
-0.0015111691550330514
-0.0015512236805655271
-0.0016021229384518012
-0.001663939263178334
-0.0017350787477823692
-0.0018047381668659641
-0.0018734975599752027
-0.0019413124621980532
-0.002006567683353078
-0.002071300997465713
-0.002139335935641328
-0.002229360730814601
-0.0023323813055767632
-0.0024662771345220513
-0.0026080177466891313
-0.0027319544898824163
-0.0028426562319429547
-0.0029382641232793966
-0.003032409014003595
-0.00311039851582011
-0.0031506442622163877
-0.00318349356614435
-0.003210093542470802
-0.003232231081601846
-0.0032516199260503474
-0.003268744983085354
-0.0032832864040953655
-0.0032973001821973227
-0.0033105732012852387
-0.0033215914744575774
-0.003331845833994914
-0.0033415336642473666
-0.003349977355457874
-0.0033577660388591276
-0.0033646822360076305
-0.0033721135324538925
-0.003378754988378668
-0.003385442607389609
-0.0033917567451764667
-0.003397283639223221
-0.0034031405865088994
-0.003408404957030677
-0.003412287948599117
-0.0034163984895313644
-0.0034206887920357042
-0.003424298794755518
-0.0034276322493654683
-0.00343148480940269
-0.0035038216381179494
-0.0035828292978468423
-0.003666989943317234
-0.0037893468892520295
-0.003949575539715986
-0.004207246839607474
-0.004492700484991482
-0.004681515854568446
-0.004895474570621165
-0.005099533059325101
-0.005314530047069813
-0.0055137747455566355
-0.005692799161319901
-0.005850627890027467
-0.005986835447606689
-0.006105735855336568
-0.0062218818633855925
-0.006336090544201886
-0.006449126395599795
-0.006559855304978677
-0.006656936454563876
-0.0067142689451306125
-0.006733595600924278
-0.006714032988454146
-0.0066556114670477
-0.006566082782016644
-0.006451980878885451
-0.006314772656734815
-0.006156172019217958
-0.0059754195966607885
-0.005781311287243359
-0.005582480075612102
-0.00537961923062703
-0.0051722715536163056
-0.0049622461509044695
-0.00475208767548039
-0.0045459824228707025
-0.004343897607385529
-0.004145932667640796
-0.003953044504098766
-0.0037668469371512437
-0.0035894291216754786
-0.0034210504347659846
-0.0032608343721146375
-0.003157799861785586
-0.0007907581002426458
-0.0005068595903940559
-0.0002512738720858178
-1.0698045521356407e-05
0.00021677205181649833
0.00043456019537491233
0.0006395576781017052
0.0008247880102302838
0.000992821162466438
0.001144445610661868
0.0012805754459521176
0.0013961233956813908
0.0014861734144700426
0.001552235872181375
0.001598807261329672
0.001625630536135153
0.0016370048746040884
0.0016360701460213472
0.001621440612455568
0.0015931537030863543
0.0015512471080471794
0.0014884303434386844
0.0013996680915439436
0.0012839858957344136
0.001140515024079102
0.0009709051736985011
0.0007783779933236166
0.00056778605169524
0.0003433616840629474
0.00010537159946033772
-0.00014809097445321942
-0.00041227549841435995
-0.0006821337781875103
-0.0009556766615406456
-0.0012335596659244705
-0.001516932853986921
-0.0018234797243173615
-0.0021945074718833823
-0.00265411374787269
-0.003209812619298045
-0.0038561451206490702
-0.0045374932130708935
-0.005206495706668271
-0.005820766631177401
-0.0064117514503924155
-0.00697603943232642
-0.007408220171890714
-0.00776625218844515
-0.00809217170158437
-0.00840630743809668
-0.008714734512615226
-0.009018607885781526
-0.009319569295124749
-0.009618190390945188
-0.009915296660231302
-0.010212908893119139
-0.01050849435311524
-0.010801184353490423
-0.011090491576107067
-0.01137432423014137
-0.011652625948134357
-0.011920234908577795
-0.012177644124737824
-0.012424272178411026
-0.012661512416299477
-0.012887822900224128
-0.013101342867688189
-0.01330101717607684
-0.01348770748091751
-0.013663467426686565
-0.013827313669202486
-0.01397801380388813
-0.014115321866229616
-0.014240709329976639
-0.01442126676215051
-0.01469785736946596
-0.015022293129399972
-0.015368143656279145
-0.01575466926964878
-0.016207279512048728
-0.016721948853554613
-0.017169970566434635
-0.01748012006755367
-0.017556157560307185
-0.017392276047338385
-0.01707278425632566
-0.016660834347988745
-0.01621094187196003
-0.01575972399717003
-0.015325714290412679
-0.014894825642277398
-0.014449076053257561
-0.013981515930356575
-0.013484580528990287
-0.012960389238956559
-0.012413035884954963
-0.011847855718543843
-0.011267661617472228
-0.010673858823770081
-0.01007343998489658
-0.009471735010371397
-0.008874477594594152
-0.008284952714220101
-0.007702679788365867
-0.007129870782965484
-0.006566281911432151
-0.0060100077516182975
-0.005464589622009113
-0.0049288968888478064
-0.004411053159287029
-0.003923401231782877
-0.0034637976270471458
-0.0030270944669854322
-0.0026115024825039343
-0.002213130648513136
-0.0018356227889121085
-0.0014779367792061425
-0.0011389150329526381
-0.0009183134809153431
-0.008317004987303256
-0.008037482390649905
-0.007763029959736273
-0.007499479602552336
-0.007245265159900636
-0.007000111306370801
-0.006763983557934981
-0.006541339194244563
-0.006331801402145401
-0.006134475554989683
-0.005946187585820525
-0.00577105978582152
-0.005612834645299741
-0.005469836360744963
-0.00534305534676013
-0.005231930317202448
-0.0051349970162376584
-0.005054328924955967
-0.004987996255936041
-0.004938414693243187
-0.0049045165929622655
-0.004891201288828233
-0.0049010642415037
-0.004935817140630168
-0.004996448165111612
-0.005083062404966325
-0.005191264119276244
-0.005315752800669703
-0.005450935099508153
-0.005594563583788794
-0.0057432182137269906
-0.005873212441325664
-0.00596252854062373
-0.006001032309812909
-0.005977247185674133
-0.005889303922737279
-0.00576022241349706
-0.005754288425109538
-0.0058522176198620626
-0.006028470703713295
-0.006272326660700504
-0.0065688946420817615
-0.006904364479213731
-0.007266130911998009
-0.007644276698473341
-0.00803369006172173
-0.008427684159364532
-0.008824104325206441
-0.009217910264625448
-0.009608907075867422
-0.009995605651966881
-0.01037950553289329
-0.010758414186524363
-0.011134573417620133
-0.011508712695271244
-0.011880940842645155
-0.012251023159168808
-0.012618682058479038
-0.012983810652347333
-0.013345133662306032
-0.013702161974521836
-0.014051481469033162
-0.014390622050150249
-0.014717240161713135
-0.015029730560585717
-0.01532791003831878
-0.015609673710453468
-0.015874968175152385
-0.01612289364311321
-0.016354058014477132
-0.01657107706273791
-0.016774872065118365
-0.016968495237281958
-0.01715348199646982
-0.017368574588540006
-0.017646603797707765
-0.01797722047326556
-0.018348504780905734
-0.0187653491484929
-0.019237031389643163
-0.019754970164073772
-0.02022934022447946
-0.02059327332713309
-0.020776061761506294
-0.02074888848977486
-0.020548711487613447
-0.020240859289407765
-0.019886679887437433
-0.019529291239864847
-0.019190753961131332
-0.018867611566314235
-0.018549930420662164
-0.018228472092982693
-0.0178937467887403
-0.017541641091469704
-0.01716848928731777
-0.016770818675549474
-0.01634878084582161
-0.0159017880375684
-0.015433803142273822
-0.014954294357313824
-0.014470313495416673
-0.013986398376582491
-0.013507945869053772
-0.013037066271107029
-0.012580995239647128
-0.012139135051433905
-0.011710778003748585
-0.01129422552950717
-0.010885294064240315
-0.010489451694527236
-0.010106053535209806
-0.009734439329394681
-0.009374225098829589
-0.009028217688004644
-0.008703437740636229
-0.008400311159558001
-0.008116716265979202
-0.007934082400047771
-0.007454952944314061
-0.007242341176559516
-0.007029053637075072
-0.006817140836293448
-0.006606363343270744
-0.0063969228468796335
-0.0061894300294093214
-0.005982774444644432
-0.005778481722667769
-0.0055773955802921335
-0.00537816519390669
-0.0051823930991426155
-0.004989262822314994
-0.004799258998004885
-0.004614334932621631
-0.004432458361611609
-0.004255664198616998
-0.004084617911047331
-0.003920496402062582
-0.003762151480789362
-0.003611215931780676
-0.003467741313170762
-0.003331648878637897
-0.0032040270070206704
-0.0030849268849054146
-0.0029753672827315526
-0.002875255885325805
-0.002784873062543537
-0.002705818860893289
-0.002637366641993147
-0.0025796574420407035
-0.002532157309903695
-0.00249520406350004
-0.0024670852053825304
-0.0024484242771041467
-0.0024366369157966497
-0.0024318023567222943
-0.0024343490993396677
-0.002446219191647796
-0.002470998629616768
-0.002512801599565911
-0.002576705764829943
-0.0026637987568393575
-0.002774365323781461
-0.002906271222661602
-0.0030575275930911894
-0.0032236763994653943
-0.0033969200553647717
-0.0035702935418747556
-0.003740679557075706
-0.003908795840227523
-0.004074375659794599
-0.004238229687721839
-0.004402283569394241
-0.004566672288927009
-0.004731601882739431
-0.004897798620117381
-0.005065663122405164
-0.00523549613156344
-0.005406994342890491
-0.005579268048442052
-0.005753880981288337
-0.005929366668976408
-0.006105103169279246
-0.006281061533903989
-0.006456728612054074
-0.006632094823061662
-0.0068057712700790975
-0.006979558888847561
-0.007150881590850807
-0.007320729802110197
-0.0074887474281255285
-0.0076539420334642855
-0.007817467619344199
-0.00797814925436185
-0.008138726958059068
-0.008303743328212612
-0.008476487434451856
-0.008659934608108547
-0.008855567304308963
-0.009064417415910363
-0.009289672226225907
-0.009526809352304356
-0.009769384093723864
-0.010004759396583993
-0.010221623014131298
-0.010411646998644688
-0.010573024174446624
-0.010704047401694379
-0.010807155035642967
-0.010886079743071268
-0.01094176542783997
-0.010976457353344255
-0.010991947686341905
-0.010989368285241814
-0.010969887999020022
-0.010933833702885613
-0.010882502338754221
-0.010817230704086541
-0.010737071204861417
-0.010644456194947518
-0.010539555986152749
-0.010422347418989935
-0.010295569026509264
-0.010158570186620381
-0.010012371943963327
-0.009859392286707363
-0.009697389410273002
-0.009528187442853688
-0.009351157037330379
-0.009167711505409072
-0.008977868177621931
-0.008782044299559873
-0.008582215492936786
-0.008378269072548794
-0.008171661213011277
-0.007961345790576353
-0.007749548024176578
-0.007604127995199598
-0.014284612554890153
-0.014236397839514085
-0.014188438442362698
-0.01413959604785551
-0.01409037426187475
-0.014040731080607455
-0.013990911250308507
-0.013941501611362452
-0.013891266977302912
-0.013842173878668106
-0.013792973407095678
-0.01374414709358437
-0.013695580063859738
-0.013648205970282974
-0.013600654602354809
-0.013553965502390254
-0.013508165287906704
-0.013462708591826427
-0.013417713231681746
-0.013374153792968482
-0.013331194824919715
-0.013289988396658096
-0.01325007933980178
-0.013211824714404408
-0.013174644844001037
-0.013139988310497471
-0.013105754369755227
-0.013070662138218761
-0.013033012529515284
-0.012993365809786094
-0.012950155239429214
-0.012905017364470812
-0.012857547147685862
-0.012807843500415665
-0.012756686493090622
-0.012703738415070465
-0.012650796768607956
-0.012612899828504224
-0.01258529411149884
-0.012565021659752358
-0.012551066302486452
-0.012543793222215922
-0.012541280715956756
-0.012543745712345997
-0.012550364842504444
-0.012561920033130471
-0.012575580636657325
-0.012592248980600807
-0.01261062088917702
-0.012631793955863831
-0.012654422886728925
-0.012680121529654928
-0.012708044722797933
-0.012738904384608883
-0.012772703145455411
-0.012808263684311316
-0.01284740467479328
-0.012888974244050312
-0.012933275194317034
-0.012979835848615928
-0.013029112745482687
-0.013079700782695323
-0.013131937578037755
-0.013184770010804493
-0.013239100702295661
-0.013294207144205065
-0.013350097060460949
-0.013406391338827837
-0.013462387581106471
-0.013519478619444815
-0.013575882876646204
-0.013632879240028933
-0.013690078639433794
-0.013747081746022209
-0.01380558003355235
-0.013870216520862275
-0.013940560018066265
-0.014015483409065223
-0.014096275527459012
-0.014182500932865785
-0.014276059965121561
-0.01437315685086929
-0.014468227234432548
-0.014557769700931152
-0.014637662665815081
-0.014707215676441876
-0.014767598347105218
-0.014818930105319886
-0.0148632237872998
-0.014900660868132715
-0.014932565380648282
-0.014958814415087392
-0.014981044605800308
-0.014997514137765913
-0.015009467991238288
-0.015017287696005948
-0.015020447189441035
-0.015019106180265506
-0.015013260147305047
-0.015003540003219438
-0.01499004446597725
-0.014972703673746566
-0.014951984421411563
-0.014928328997097649
-0.014902540563397057
-0.014873762719956081
-0.014842767074536611
-0.014810736849105895
-0.014776163102898036
-0.01473968389229688
-0.014701367796643683
-0.014661980246194996
-0.014621125185206012
-0.014579170911443947
-0.014535666748443475
-0.014491651558821672
-0.014445777250838678
-0.014399307912849416
-0.014366609922777893
0.03645818606486739
0.03637963406482694
0.0363072596463696
0.036240140024216126
0.036180055976616325
0.03612546471685766
0.03607812035674676
0.03603777541823485
0.036005594719760975
0.03598106793728482
0.03596466595841562
0.035956369166527787
0.03595564859171887
0.03596304030536769
0.03597827634611963
0.03600118867314916
0.03603119326530314
0.03606769758736088
0.036110801610818595
0.036160401970020385
0.036217053154430565
0.03627985906528865
0.03634848172575709
0.03642324187934358
0.03650505895379731
0.03659216948080632
0.03668467803754447
0.036780884965827446
0.03688032214751858
0.03698265423875241
0.03708680685377491
0.03719298418679157
0.03729885754496106
0.037403682647387755
0.0375084709144277
0.03761159192101103
0.03771225808521971
0.03780592624436424
0.03789422630384998
0.037976555618722124
0.03805255742032736
0.03812382665862315
0.038191375508148016
0.03825562638910727
0.038317278532866116
0.03837540722801341
0.03843197792181487
0.038485971120526444
0.03853847578064133
0.03859137370422281
0.03864264214451655
0.03869332567095732
0.03874239134759151
0.03879096832001319
0.038838447324146735
0.038884530872085175
0.03892928475230511
0.0389741163407702
0.0390163963139926
0.03905795902679538
0.03909754141758213
0.03913670365373442
0.03917423826367301
0.0392110385891682
0.03924581211132874
0.039280356116128776
0.03931355631694513
0.03934585794708252
0.039376584230031986
0.03940694314995884
0.03943519668657336
0.03946138665923419
0.039486560319169195
0.03950997735476091
0.03953117025321553
0.03955107032843139
0.03956849539210989
0.03958162579631227
0.039591063551112575
0.039596982604886546
0.03959820278002403
0.03959468739774543
0.03958409464249287
0.039567745859152105
0.039546199209901614
0.03951975201560772
0.039488326633115904
0.039452383663083
0.03941111217597653
0.03936539066352788
0.039314411294786
0.039257172704536734
0.03919406226785902
0.03912565409504717
0.039051748607918525
0.03897172112611575
0.03888367221509846
0.03878610516916361
0.03868136501784192
0.03856890850963157
0.03844976248735726
0.038325705125745596
0.03819701288228679
0.03806315281006755
0.03792605801798372
0.03778443741030071
0.03764110854052417
0.037494569364756154
0.037347386234595964
0.03719888483290695
0.03705016878754141
0.03690192424862459
0.0367558188658058
0.03661188385284154
0.036470241699692416
0.03633189607767396
0.03619739278271986
0.03606891016819744
0.03598481143240548
0.007127779084437574
0.007010925180452341
0.006897078878453969
0.006785994508879053
0.006679230633377827
0.0065767963838009175
0.006479160656934054
0.006385274749058749
0.006296815538791742
0.006214798554691752
0.00613917707225428
0.006070645880423644
0.006010597214420942
0.005957510481291914
0.005913415764847764
0.0058778248714285875
0.005850665557080682
0.0058318669972497175
0.005821610472635353
0.0058199334160958915
0.005827157724979548
0.005841916320552889
0.0058674230476404
0.005900649536759819
0.0059437696086266836
0.005995721321547274
0.006055998638871489
0.006125096634201781
0.006201469559909396
0.006285259831930112
0.0063761264993884344
0.0064731939827290304
0.006575115623228185
0.006681008486213814
0.006789493378332434
0.00690199489914367
0.007013862045564678
0.007121128293558197
0.007225824882745976
0.007327855406079206
0.007426393047097199
0.007522395648935779
0.007616162616601023
0.007709355922378409
0.007800556441839397
0.00789007528924774
0.007978072608154568
0.008065504498793228
0.008151095436080636
0.008236274110611126
0.008319578184763511
0.008401372050271015
0.00848269737636672
0.008561582832035614
0.00863891008083983
0.008713939902147722
0.008787349407324981
0.008858474540639863
0.008927077993366676
0.008994570514762608
0.009059495459906364
0.009122705464711205
0.009184979308898165
0.009244593117674683
0.009303964342192033
0.009361245248627841
0.009417419755443095
0.0094729799564244
0.009527190461955977
0.009580538030975892
0.009632529926901678
0.009682709320301497
0.009732115611238185
0.009780702259668424
0.00982669838741501
0.009871285422840013
0.009912898760760328
0.009951502335719335
0.009986773926805598
0.010017959120903168
0.010043346876999327
0.01006306560999605
0.010074752703338059
0.010079106061700748
0.010080034076093964
0.010079007104258747
0.010074915926517753
0.010069026211061833
0.010061889703538515
0.010052567993651042
0.010041235669065366
0.010027317442765638
0.010010578746725082
0.009989687138803965
0.009963823434082886
0.00993260419384251
0.009893862223867091
0.009847493655088387
0.00979189431935363
0.009728640736472454
0.00965577164091495
0.009574249702621282
0.009485566568924604
0.009391021309917352
0.00928914533232175
0.009180585846177328
0.009065172688613276
0.008944657344683964
0.008819251273638994
0.00868768023239783
0.008551684143427498
0.00841175888267473
0.00826860412014855
0.0081224009696002
0.007973519014414633
0.007823507633914104
0.007672410624956886
0.007521745362702909
0.007419994942962374
0.005473813182177614
0.005437208584856574
0.005403971769790469
0.005373349031245269
0.005345625464866745
0.005322324215960841
0.005302007346371781
0.005284612701069583
0.005271426096940469
0.005261657812984137
0.0052555245946224825
0.005253067659230159
0.005254809685085317
0.005260861737498112
0.005271282242133822
0.0052854619665040625
0.005303987595267083
0.005327053980798643
0.005354903372608411
0.005387150845853775
0.005424007002859902
0.005465225488543036
0.005511624099460881
0.00556307213712285
0.005618643440278708
0.005679963023976804
0.005745933092744379
0.005816332517914225
0.0058912974649806904
0.005970883176908113
0.006054209689866487
0.006140641520060871
0.006230410083313804
0.006323117195106121
0.0064176344344639615
0.0065144035720635825
0.00661279716700784
0.006710833311625451
0.006807451725549829
0.006901797895891172
0.006992642229306691
0.0070778891054539455
0.007157380338800138
0.007230721944822836
0.007297938983031398
0.007359451519759142
0.007414320222294924
0.007464506444657579
0.007508663009081406
0.007549992663711513
0.007587234286878955
0.007620523990374174
0.0076513098523288275
0.007678599113480056
0.007703755559586706
0.00772568683028147
0.007744862895821819
0.007761186391691594
0.007774594195646098
0.007786262967060136
0.007795094704029509
0.0078015711979272885
0.007805644786852672
0.007807756215834444
0.00780736078383474
0.007805067347973257
0.007801537161773123
0.007795462837787629
0.0077881888668661385
0.0077794046632663275
0.007769615916482222
0.007758389809427641
0.007746127547180831
0.007733158453706096
0.007718374449306656
0.007703941445541703
0.007687720345323248
0.007670081489590026
0.007651241791614699
0.007630083006678452
0.007606907927927522
0.007581140305258504
0.0075527968988249655
0.007521979820530269
0.007488745790414326
0.007453555577012169
0.007415617886259839
0.007376947318608459
0.007336206004806256
0.007294445217014306
0.007250820717582581
0.007207128524214947
0.007161916048056435
0.007117053936797139
0.007070409989139199
0.007024302406141056
0.006976722842533515
0.006929187442228036
0.006880232612489245
0.006830472265073934
0.006779569771531814
0.0067278380599455736
0.00667498959646412
0.006621006881601699
0.006566596816817217
0.006511078193919291
0.0064545510536393805
0.006398762409068614
0.00634281239232869
0.006287303518202197
0.006232822066469038
0.006179148281917847
0.006126720626881983
0.006075782819624832
0.006027534257039162
0.005980301990659788
0.005935174777737254
0.005892148802328503
0.005864109269133941
0.05255397260100363
0.05249678922639982
0.05243852892656677
0.05238026606983658
0.05232170862936425
0.0522626093110503
0.05220478559235538
0.052146627137284886
0.05208959920855349
0.05203379643619873
0.05197998387283413
0.05192825594370906
0.05187866116118316
0.051831987606906486
0.051788569333203686
0.051747628383320914
0.05170977385158159
0.051676455264913074
0.05164578797087683
0.05161929732349333
0.051595795490028414
0.05157725100605996
0.05156145522907049
0.05155035271108973
0.05154459515418922
0.051542481076273586
0.051546287196535555
0.051554371402484665
0.051567215228715935
0.05158386822335603
0.051605653909983555
0.05163236282162192
0.051662953247110004
0.05169787109481044
0.0517377923830715
0.05178129968961993
0.051828520057986806
0.05187835239296665
0.051927592907485505
0.05197409531004091
0.05201694743007723
0.05205596741023261
0.052089936956659075
0.052121884967340285
0.052150072078828526
0.05217618526646461
0.052201379133393504
0.05222634550025146
0.05225086226933163
0.05227689042649917
0.05230369310318101
0.052331259890812755
0.052360898220156014
0.05239152305686521
0.05242363772500374
0.05245747673160067
0.05249214482510658
0.05252712969182384
0.052563778713044136
0.05260055056790005
0.05263857152367027
0.052676299192507506
0.05271447437350535
0.05275299535560828
0.05279093074757007
0.052829929048366524
0.0528677349941924
0.05290580163003127
0.05294395198102222
0.05298182035883385
0.053019431203828175
0.05305626906228637
0.05309388642194034
0.05313046492919114
0.05316682204264258
0.053202904287788726
0.053237648827054236
0.053272423566380754
0.0533053874502346
0.053337756143073185
0.053368847649550855
0.05339882303081379
0.053426684512591166
0.053452742797636336
0.05347630963827479
0.05349794183828473
0.053516822088222
0.05353253689729075
0.05354503755637568
0.0535551593358479
0.05356179586674481
0.05356648916669882
0.05356930988927069
0.05356996204432685
0.05356905244325563
0.05356626398982512
0.05356264257491027
0.05355694971774969
0.05354931659014137
0.05354077792938452
0.05353003003883309
0.05351631729199071
0.05350113815881822
0.05348242500033627
0.053461607582216374
0.053438312505634994
0.05341172534095534
0.053382223548773415
0.05334983644751866
0.053314926955791375
0.053277679163095566
0.05323669636649492
0.05319381777950674
0.0531490551162997
0.053100579446921155
0.05304958057990846
0.052996755720956516
0.052940750210093035
0.05290136873817137
-0.040963559210274884
-0.040970608884332266
-0.040975774624041325
-0.04098022709239644
-0.04098311912272659
-0.04098511656849157
-0.04098645758751664
-0.040986197669258144
-0.04098501113181306
-0.04098186469597295
-0.04097738076054006
-0.040970482242081094
-0.04096159020265863
-0.04095014735644065
-0.04093606167346988
-0.040919167127533164
-0.04089887797207863
-0.04087583028200446
-0.04084917704176536
-0.0408183641824215
-0.040783887947579554
-0.04074555711373176
-0.04070355517232733
-0.040657794389035454
-0.04060756839245345
-0.040552448746519656
-0.04049406787446484
-0.04043134605529021
-0.0403655765307284
-0.04029625709336408
-0.04022427134091171
-0.040150238010201116
-0.04007319093657105
-0.0399946818565456
-0.039914401663259214
-0.039832512831428066
-0.03974987271128418
-0.03966813763299486
-0.0395898608078849
-0.03951639033824641
-0.03945121213146909
-0.039394141748725194
-0.03934701820849476
-0.039308952321030245
-0.03927924785400285
-0.03925762249587135
-0.03924307401021334
-0.03923354160817171
-0.03922783250081836
-0.03922561659237057
-0.0392262978640076
-0.03922700976883476
-0.03923029080347781
-0.039234848095064466
-0.03924004898959995
-0.039245778111790385
-0.03925293930294244
-0.039260587586257376
-0.03926953298748796
-0.03927937464503592
-0.03929028018289399
-0.039301937555010553
-0.03931449014015511
-0.0393277941394837
-0.039341964320513324
-0.03935676978802795
-0.03937264149171256
-0.039389306767885865
-0.03940601018491386
-0.03942379845097039
-0.039441868219766814
-0.03946078183996073
-0.039479891532861466
-0.03949842516891917
-0.03951775503600837
-0.039537161673894976
-0.039557889306833564
-0.039578791162552626
-0.03960113844269003
-0.03962498618984095
-0.03965047272967227
-0.039678252211680816
-0.03970828769755555
-0.03974022035063776
-0.039773956869069864
-0.039810497558719696
-0.03984836667389822
-0.03988762836545774
-0.03992844261843486
-0.039969951018673636
-0.040012985865404214
-0.04005636851726041
-0.04010038183776351
-0.04014469362414548
-0.04018877792579376
-0.040232384555795454
-0.04027621789045213
-0.04031910699670173
-0.04036085418500989
-0.0404018451889496
-0.04044169625998177
-0.040479502610436785
-0.04051672145597792
-0.04055199824005772
-0.04058550337721352
-0.040617517889345936
-0.04064651864871819
-0.04067425656769751
-0.04069959125115115
-0.04072230486248328
-0.04074253842792672
-0.040761157446715816
-0.0407771308931008
-0.04079131250765911
-0.04080290213193041
-0.04081346847451726
-0.04082265420472181
-0.040830067577569004
-0.04083480869747413
-0.017550949173890888
-0.01759420468209907
-0.017637234026913227
-0.01768078039143496
-0.01772435984309966
-0.01776668127647354
-0.017808534842241455
-0.017849777709446728
-0.017890968619670097
-0.017929756356026935
-0.01796733291474862
-0.018003412094343463
-0.018037081956507717
-0.018068003561414202
-0.018096461560431973
-0.018122131518517857
-0.018144380374213308
-0.01816350188554682
-0.018178474853897068
-0.018190973391836278
-0.018198756130382146
-0.018202789684606518
-0.018202330869830405
-0.018197849200991486
-0.01818887954102797
-0.018174922799596854
-0.0181569830824193
-0.018133201414471542
-0.018104450795787576
-0.018071567068495813
-0.018033536802995687
-0.017991531483654632
-0.01794488463737489
-0.017893911425030752
-0.017840160596204968
-0.017782247900347752
-0.017722334333563714
-0.017660533907962298
-0.017598657380319453
-0.017537426498706446
-0.017479337894298373
-0.017425378503589262
-0.017375894872323813
-0.01732944606462159
-0.017288169028715706
-0.017250531755742423
-0.01721692524896506
-0.017186393216971525
-0.01715739556269802
-0.017130465980090638
-0.01710492370083599
-0.01708032052651151
-0.017055922954274945
-0.017031363018647345
-0.017008439778398395
-0.01698555727970307
-0.01696277690260578
-0.016940866175841094
-0.016918757487002636
-0.016897391519779783
-0.016876598818177307
-0.016856337186978328
-0.016837018812149416
-0.01681782667350708
-0.016799568390277884
-0.016781583629945408
-0.016764399532478096
-0.01674819997351041
-0.016732040119716733
-0.016716695307416273
-0.01670225282621252
-0.0166876733330906
-0.01667416794049614
-0.016660948851646554
-0.016648138757459418
-0.016635934914030346
-0.016624168658966952
-0.016613507547294373
-0.016603552085186855
-0.01659393299457145
-0.01658609898479811
-0.016579275461310234
-0.016574264954757462
-0.016570330525557012
-0.016568221626803502
-0.016568431474982086
-0.01657038316409689
-0.01657468610971728
-0.016580648743742057
-0.016588778798381474
-0.016598734871860213
-0.01661022983853689
-0.01662327498125674
-0.016637558373622723
-0.016652969487993823
-0.016669908224992123
-0.016688599379641865
-0.01670745144939752
-0.016728532709729793
-0.016750547839718327
-0.016774157476926545
-0.016799149366901498
-0.016825756411602714
-0.016853676423755178
-0.016882554054965027
-0.016912915600857028
-0.016944794177356153
-0.01697773229846356
-0.017011637565054562
-0.01704619450064935
-0.01708164515101929
-0.017118371426926883
-0.0171552883312418
-0.017193162754747027
-0.017231457903474457
-0.017271163824999984
-0.017311643610918265
-0.017352469968623007
-0.01738103400405212
-0.03247294910946753
-0.03224461447774871
-0.03202072351647603
-0.03180036285353941
-0.0315845011443326
-0.0313744685658158
-0.031170853881493002
-0.03097429932959119
-0.030786546531431168
-0.030606210570358727
-0.03043488607684926
-0.03027453383933048
-0.030128165936641006
-0.029995646912764858
-0.02987683452393055
-0.029770828038182373
-0.029679649407561022
-0.029605272743942295
-0.029545799512823486
-0.029500629773362853
-0.029468010736918494
-0.029448242218018974
-0.02944027852368595
-0.0294442581212251
-0.029461998873277027
-0.02949461499373217
-0.029547350561020185
-0.029619889090617118
-0.029711902848811457
-0.02982379731701819
-0.029953595892573112
-0.030094322223679502
-0.030240317730337633
-0.030385929027947955
-0.03052786494842832
-0.030663325844396218
-0.03079098017602813
-0.03091232484600061
-0.031036979551846373
-0.031168614687977915
-0.031313807641451044
-0.03147555157708115
-0.03165265243513236
-0.03184336220278269
-0.032045375260167264
-0.03225631323132338
-0.0324720464329148
-0.032691534699866055
-0.03291001875204358
-0.033127571123091004
-0.033343101975553874
-0.03355669778174488
-0.03376868986444222
-0.03397898959768495
-0.03418750589127486
-0.03439404170620378
-0.03459991465634483
-0.03480413326576268
-0.035006495362469414
-0.03520837288128589
-0.03540863981131884
-0.03560855487342186
-0.03580611913035003
-0.03600194840188781
-0.036195476192761686
-0.036386306922534445
-0.03657443392027166
-0.03675973203839958
-0.03694197116863977
-0.03712061270853935
-0.03729616971611196
-0.03746784647288719
-0.037636920979322454
-0.03780194424408802
-0.03796331620692107
-0.038123180420975705
-0.03828648724390893
-0.03845650371906595
-0.03863661174592143
-0.038828219643083986
-0.039033531521122114
-0.039252049277838014
-0.0394779599572302
-0.03967812448178897
-0.039805253732555244
-0.039864564981636215
-0.03988580637535819
-0.039881707551225845
-0.039853407771159755
-0.039797785488204646
-0.039720357906937016
-0.03962825123343243
-0.03952392247141492
-0.03940689357804516
-0.03927255907013571
-0.03911219188132792
-0.03891863876237682
-0.03869274361427919
-0.0384390500808931
-0.03816424495786942
-0.03787538624474969
-0.0375761952679677
-0.03726982757619688
-0.03695746765352179
-0.036644791073786126
-0.03633409839652773
-0.036028473266353535
-0.03572579401632738
-0.035425812704884
-0.03512839941149064
-0.034835882584065
-0.03454695505657002
-0.034263604428205675
-0.03398492098612534
-0.03371158791051199
-0.03344423274724401
-0.0331840848882422
-0.03292949194053513
-0.03276009629294221
