291.7557713159368
291.93891145613884
292.11523913133317
292.28496798962203
292.4481725668086
292.60383573208276
292.74434650402833
292.8741372096375
292.9938041188118
293.1035229619051
293.2017542135594
293.2830351003275
293.35159468977463
293.40770167125004
293.45154783958475
293.482824368006
293.50010158613367
293.50438739457206
293.49590446724693
293.474801425526
293.440687107163
293.3931909924023
293.3331649545013
293.26095445942656
293.1767777710021
293.08194880071596
292.97800507662635
292.86455074079686
292.7418191901906
292.61003107914826
292.47876941844765
292.35193288999835
292.2241668502479
292.0955104310703
291.9661400402193
291.83964575946806
291.7162098351539
291.5941803387332
291.47308147395773
291.3529474554097
291.2279088863038
291.10716263425286
290.97744731503803
290.856542638732
290.7374231096344
290.61478093795904
290.4972169242617
290.3810200820948
290.2661376263191
290.1526475362635
290.0408678826099
289.93055374101493
289.82162447946297
289.71400264657507
289.6078003036962
289.5029831931082
289.399574794517
289.29756194052527
289.19696686215275
289.09770874184125
288.9996600128854
288.90295602367684
288.8075243036474
288.7133115619889
288.62032149730203
288.52865224519314
288.4380245341333
288.3484926747852
288.26002804986064
288.1725519551545
288.08585090780076
288.0000985773905
287.9152715703721
287.83526539196964
287.76256808573055
287.6846002620536
287.60761890606017
287.57195754675274
287.52411110791854
287.5089414297182
287.46937370183093
287.4720435858864
287.4646914880825
287.50798070455346
287.51630183317116
287.52081138945323
287.5271225840036
287.53478617643407
287.5433918686146
287.56405593742716
287.5977681856761
287.63631092805554
287.67924465899745
287.72640995677574
287.78769611821417
287.86196532783254
287.9464943681927
288.04139643272725
288.1469902472172
288.2604841209266
288.3833340604258
288.5163741995229
288.65967853869324
288.81322401540217
288.97380888959214
289.1427319750954
289.31987730294173
289.50505204687323
289.69817011960043
289.89984922095283
290.1072471371326
290.31997374171505
290.53790569955567
290.7593502868375
290.9703445019359
291.1783958732698
291.38391768130316
291.58685361001284
291.72331653865785
292.0982871455997
292.27897076403184
292.44947815160793
292.61125452239537
292.76525039228056
292.91191156585853
293.04997934083127
293.17796731677146
293.29586724856597
293.4038551687934
293.5020364690119
293.5888723686542
293.6631136103484
293.72481142619915
293.77427108287475
293.8116829179003
293.83671806785503
293.84921058728605
293.84935450216796
293.83730790521776
293.81329101899684
293.77741139904833
293.72990036211246
293.6709113957115
293.6005288564608
293.51914254872514
293.4284528114405
293.3293327046443
293.2217888180556
293.1058314816596
292.98290080343514
292.85962680768574
292.73771891919023
292.6170082574033
292.49721185014505
292.37869361009945
292.26240066817525
292.14800496396197
292.03550531700876
291.92345837350985
291.8115919048212
291.6980424523914
291.5823839511546
291.46381934574094
291.34710589664667
291.2314566328026
291.1147594603729
291.00051393064217
290.8884442893105
290.77831583899217
290.6700998036469
290.56359445305714
290.458709759135
290.35535199138474
290.2534513923998
290.15302219004394
290.0540592700891
289.95657806734766
289.8605474908366
289.76590291781133
289.67255267975605
289.58034626926485
289.48931516676527
289.3994366036198
289.31071068631616
289.22286971464746
289.1358869392908
289.04984122460417
288.9647182112232
288.88046876675094
288.7972647017673
288.71491005882245
288.6333540022451
288.5525608545376
288.4792544122804
288.40998592481185
288.33852869548207
288.27877268222386
288.23673341767204
288.2108718667657
288.1858773312266
288.1810037404608
288.19520964281685
288.2495416027508
288.3164211764941
288.3663266585511
288.4044214259216
288.4357078727799
288.4622896174512
288.48424062789695
288.5010934957721
288.51722312521593
288.5346624987978
288.5540174734588
288.57853477795334
288.6159548448863
288.6670320784935
288.7312318167274
288.80780373633763
288.8956792292794
288.99391946915125
289.1029593677972
289.2229599154434
289.3538003006873
289.49550480574106
289.6480721518556
289.810476682196
289.98177288378736
290.161297516463
290.3484115009326
290.5413858351342
290.7392227362374
290.9412899700371
291.14712543318694
291.3514735881136
291.55116327758014
291.74673153195954
291.9383438775914
292.0664769289037
296.2119253865224
296.2806338347505
296.34810995238917
296.4142993167363
296.4791136130902
296.54255672453615
296.60435984742367
296.66427944874755
296.72223126498324
296.778165972369
296.8319781400126
296.88333367928226
296.93193659250295
296.9777167920106
297.0205540929823
297.06035908405215
297.09685034734065
297.1299073718186
297.15938639971876
297.18529311130055
297.2074367275746
297.22567119706116
297.2398919599136
297.25005939477626
297.2561182660068
297.25805254907465
297.2558253265963
297.2494056427109
297.2388739447484
297.22423219671157
297.205904119573
297.1857598170893
297.16412026004923
297.1411317635119
297.11687806310465
297.09152803162783
297.065293133099
297.0371168442456
297.0068294742243
296.97400712844336
296.9395932970238
296.90337821563116
296.8651737194718
296.82481940924345
296.7834060779691
296.7407873279016
296.69643386252875
296.6512846004726
296.60539485884226
296.55893528416044
296.51197780891175
296.4646119466376
296.4169498089796
296.3689609724185
296.3207656263332
296.27234162380006
296.2237322430218
296.17495731402715
296.12600985556554
296.07697775898816
296.02782795245645
295.97860941538505
295.9293421128018
295.8800125017243
295.83064574649654
295.7812853759396
295.73193293356195
295.68260667486715
295.6333504660865
295.584110179898
295.5348978908096
295.48574036620926
295.4366230519059
295.3875627182249
295.3403034479039
295.29336341290986
295.24660519353705
295.20241259459186
295.16059836634577
295.12150545260687
295.0835963108256
295.05152617523095
295.02079413171634
294.9926749079961
294.9647556800593
294.93946695156643
294.9172646782172
294.8982256057418
294.8824399205364
294.87000239712944
294.8613677189863
294.8566517927136
294.85586321192454
294.85902018676626
294.8668284327343
294.8807329898201
294.9007124796803
294.9267798113635
294.95891113004706
294.9965503585107
295.03886980891883
295.0857769364027
295.13721349527793
295.19313585118334
295.252565260812
295.3143502372379
295.37836693991477
295.4445505497024
295.5128599798004
295.58259256533626
295.6530812018952
295.7242134246525
295.79585534179864
295.8679862058948
295.94012816482814
296.0118104803762
296.0829023118756
296.1533907767744
296.20092228166055
292.82093591475575
292.9100082792767
292.9945171958363
293.0744302940455
293.1500826283407
293.2218838735914
293.28923847017023
293.3509158996603
293.4069281698398
293.4575581259661
293.5030398425529
293.5426016047337
293.5750970542633
293.6006701860727
293.61963093139974
293.63238750504706
293.63854265296555
293.63746503452006
293.62924570845877
293.61398778417595
293.5918305882978
293.5622872394046
293.5249798797918
293.4799824767066
293.42756066312666
293.3679588168999
293.3017336472897
293.2295809119753
293.1521969682269
293.06997149926815
292.9835737155728
292.8967690647278
292.8132632145894
292.7348058098694
292.66213327699785
292.5955435034425
292.5359258126864
292.48188389763277
292.43254413561044
292.38761825546743
292.3470539966526
292.30964661544
292.2732108966816
292.2344365449308
292.1953832194668
292.15661548449447
292.11541305078794
292.0734308340333
292.0317156372002
291.99079184849865
291.95077464653235
291.9114897709337
291.8728903878376
291.8349424115526
291.79759307886724
291.76076211846384
291.7242441978618
291.68784558971925
291.65156133648406
291.61532821601224
291.57904183998
291.54241721627164
291.50539893227227
291.4678990100825
291.4299891045464
291.3916034103813
291.3525235543739
291.3126471855537
291.27204097671273
291.23074770669257
291.188697928052
291.14574333435337
291.10188520155464
291.0571926562482
291.0133999674174
290.9716342956803
290.9305947478811
290.8902130884444
290.8528762425022
290.81856366515353
290.7859580848794
290.75658802837756
290.7349239008193
290.72553837337733
290.7269108711796
290.73313162411046
290.73937113875724
290.74124815903303
290.7359685077212
290.72304564109186
290.70942436487786
290.70142039091706
290.7019201771872
290.7122011062089
290.7324377992856
290.76275206085427
290.80310748873103
290.85320140436386
290.9126014522564
290.98048624902486
291.05555763252596
291.13682722279975
291.22362701056676
291.3154643155602
291.4115999666268
291.5105162813033
291.6114930253561
291.7143003340536
291.8188931435523
291.92446613074515
292.0293989890257
292.13344017059717
292.2367327355249
292.33954924509766
292.44120455319313
292.54012221161656
292.636091718006
292.72932994914845
292.7913348142909
294.18458891111015
294.2612069726083
294.33426419901394
294.4035304053019
294.4691779917039
294.53145316519993
294.5899620485841
294.64344321111037
294.691637995169
294.73476783369944
294.7731981706823
294.80670955360813
294.8345958801972
294.85678964429144
294.8734058278508
294.88465998646257
294.89030101391273
294.88971119399565
294.88287507514394
294.8698943527951
294.85098534060427
294.8260324697477
294.7947896149376
294.75734287816687
294.7138713113395
294.66466114529646
294.6102561730139
294.5513580479934
294.4885955374262
294.4224761238762
294.3536610738767
294.28564502473137
294.22214077896876
294.16528476664456
294.1163633646197
294.0758987716427
294.04159367966304
293.99922520988423
293.9512654094768
293.9007003660382
293.84897404301483
293.79733064421464
293.7465063073874
293.69684198693574
293.6484819536727
293.6014768708532
293.5557897974068
293.51142695474596
293.4683519217708
293.4264847788255
293.38586039880687
293.3463777364221
293.3080679051503
293.2708076331259
293.2346575845771
293.19954876295895
293.1654577907267
293.1322668595582
293.0998856759522
293.0682642720709
293.03733503656025
293.0070005760738
292.9771036333357
292.9475264532953
292.9180919311782
292.8887671009355
292.85944719531636
292.8300418733603
292.80047514957124
292.7707148896093
292.7406821861622
292.7102542936567
292.67942941414634
292.64819795317084
292.61753416574624
292.58829481088014
292.5601960946991
292.5333002870548
292.50897250391415
292.48740525613323
292.4675538324738
292.45025792197134
292.43852740371636
292.4360736053383
292.4437398177139
292.4571775709263
292.4702080523478
292.4777263331948
292.4768103002099
292.4668107989547
292.4526528652951
292.4394674144065
292.4303308592229
292.4270644953969
292.43067299829846
292.44211448125503
292.4623367712987
292.49176092430037
292.530436956483
292.57790541925806
292.63312052810363
292.6949827947489
292.7627579914122
292.8357564621194
292.91333896165224
292.9940586008486
293.0770599313997
293.16192583983906
293.2484870034537
293.3363712676782
293.42445556040644
293.5122721597936
293.5996419168487
293.68663475443117
293.7728864414597
293.8570357927534
293.9386025755967
294.01770537963284
294.07023929728507
292.65490027543075
292.70526081346424
292.7566417868984
292.80882819703174
292.8615633353127
292.9146030445865
292.9677608440475
293.0208020379331
293.07351342235665
293.12558344699346
293.1768037168052
293.2269497203585
293.27583915381797
293.3232320484274
293.36886217288765
293.41251371676486
293.4540439053216
293.4931828144018
293.5297255229778
293.56346257812856
293.59421247961893
293.6218340040804
293.64616655231856
293.66708770392944
293.68449027172517
293.69827785406295
293.70836479087376
293.7148008502325
293.7175941142479
293.71690900845005
293.71289492041547
293.70571083866923
293.69566297192097
293.68309839917663
293.6684612705391
293.652080171982
293.6343992533317
293.6156788029923
293.59623627292234
293.57619883831006
293.55571341705433
293.5349544182591
293.51410009557475
293.49320796421904
293.4722406100886
293.45114846689387
293.4298900780093
293.4083027362389
293.38630385851684
293.3638635048944
293.3410496733293
293.3179053796597
293.29445847259365
293.270757333452
293.24684763389064
293.222754161937
293.1984905738712
293.17408066615127
293.1495153099912
293.124850297031
293.1000324499391
293.0751223740901
293.05004528363474
293.0248461156399
292.9994516238031
292.97387844847873
292.9480984734307
292.9220838771947
292.8957980473924
292.8691804825158
292.84223380937635
292.814963341593
292.7873452421285
292.75934488590906
292.73098807920144
292.7023056451733
292.6733940936675
292.6443690051344
292.6152839743804
292.586217668607
292.55741765573185
292.5289678228316
292.50109814497205
292.47411116854244
292.4486702756217
292.42528024552456
292.4039935002638
292.3845432448629
292.36638325833957
292.3489130933281
292.33159440841774
292.3141378374688
292.2965905518537
292.279242607012
292.26234310257473
292.2463968978227
292.23174920585893
292.21886263565585
292.2082197140775
292.2002387744439
292.1952191868654
292.19346194089695
292.1951606131991
292.2004114805404
292.20931898012697
292.22190867192427
292.2381789912962
292.258043453544
292.281408824622
292.3081910228691
292.3382365248383
292.37137220840384
292.40738468792136
292.4460603483263
292.48718645255633
292.53057359323003
292.5759568176495
292.6230701545613
292.65597040560687
293.4032544136548
293.41270272146176
293.4224741302795
293.43253303613983
293.4428409945969
293.45339552673835
293.46415578857545
293.4749757935968
293.48580977594406
293.4966548066602
293.5074138696472
293.51811925653277
293.5286412986536
293.5389554533714
293.5490351948585
293.5588529514415
293.56835697699614
293.5774640708263
293.5861611986818
293.5943937437205
293.6021353450895
293.60931088010454
293.6159232365679
293.62190273258096
293.62722196040113
293.6319013678768
293.63596797631516
293.6395720263689
293.64274160038644
293.6455842392724
293.6480463882448
293.650167446944
293.6520537068347
293.65375970625655
293.65533211837874
293.65681943018643
293.65813910035286
293.6583390871892
293.65773339422185
293.65654496063337
293.6549665037297
293.6530317886327
293.65081509402864
293.64836435991884
293.64562900401666
293.64272023478645
293.6395744245196
293.63623699527074
293.6327298551187
293.629059772272
293.6252531958788
293.6213249963424
293.6173137198033
293.6131887340984
293.6090208070356
293.60476012539357
293.6004313705886
293.5960173794079
293.59152377334425
293.58696784704756
293.58230379666867
293.577540255281
293.572627007242
293.56759434172693
293.56243183678674
293.5571155916985
293.55164458903107
293.5459917927886
293.5401615874065
293.53418557374636
293.5279911346825
293.521609550573
293.515022642735
293.508240777409
293.50130664814895
293.4942696511474
293.48721443485636
293.4801116988686
293.47300621391486
293.46601765683624
293.45909916363644
293.45234426525116
293.4459777385145
293.4401684293038
293.4349680363177
293.43008596947544
293.42532748590895
293.4204358495323
293.4152770106584
293.40976479477155
293.40394101618017
293.39786874924215
293.39164502788674
293.3853257335159
293.37903596381693
293.37289413031596
293.3671445973423
293.36188488040995
293.35721172155684
293.35320835768204
293.3499491474263
293.347464257457
293.3457605566017
293.34488515118676
293.3448326594883
293.3455838100319
293.34709075613785
293.3493271157554
293.3523160977847
293.35601522187335
293.36041438454384
293.36546803280254
293.3711445027833
293.37743895469134
293.38431955359044
293.3917054281365
293.3995427826786
293.4078533471969
293.41373301016307
302.0752328011982
302.0968802637257
302.1200373722378
302.1446912176089
302.170808472488
302.1983637248871
302.2272440887292
302.25730243384976
302.28846571048047
302.3206060351569
302.3536917714193
302.387604311555
302.42211199577514
302.45708239620967
302.49244940653443
302.52804591988155
302.56366915090183
302.59916529946946
302.6343870524648
302.6692247392127
302.7035399404987
302.7371722242913
302.7698941514025
302.8015691453217
302.83205892134987
302.86122244958267
302.88898414209643
302.91524977777436
302.9398978690768
302.96282629284974
302.98402252591035
303.00358316987695
303.02169254793927
303.03834948171226
303.0536737899739
303.0676466067961
303.08024133687553
303.0910942101528
303.1002015291774
303.10754382177277
303.113209641117
303.1172386736441
303.1196872123009
303.1205458208552
303.11994701436356
303.1178885485063
303.1144560336179
303.1096206817493
303.10353337489533
303.0962388515694
303.0878031593359
303.0782013027282
303.0675490475045
303.0558419941641
303.0431175192747
303.02940204482843
303.0147429574122
302.999166308159
302.9827161514191
302.9654142318167
302.94724876273915
302.9283055633257
302.90860072705533
302.88815859398613
302.8669625379201
302.8450698439754
302.82249945938565
302.7992866345639
302.7754388147166
302.7509375983177
302.7257995804544
302.7000160949456
302.6736663569244
302.64675181541503
302.6192572459093
302.59126797575743
302.562815506195
302.5339716155832
302.5048260044238
302.4753706557292
302.4456615419555
302.41573068874794
302.3857051063993
302.3557050127586
302.32583296385246
302.2962262555978
302.2668392068633
302.2376531039649
302.2086995894939
302.17996094672674
302.151665903013
302.1239836956579
302.0970118041722
302.0708373837915
302.0456573491192
302.02165654967826
301.99898525203986
301.9777995865506
301.95815745199064
301.9400823974035
301.9236711351131
301.9089800405172
301.89606458529465
301.8849477795338
301.87574312863967
301.8684057336139
301.8630309247903
301.85962133617977
301.85822851322655
301.8588430296748
301.8614778543798
301.86606887019195
301.872683860043
301.88132451310867
301.891987239575
301.9045951162874
301.9190614574533
301.9354017370728
301.94752427579533
296.35505325778735
296.37798271540646
296.40224185986295
296.427743247317
296.45441126019733
296.48217238018157
296.51089379603087
296.54038720764754
296.570536854957
296.60127674366663
296.6325104275582
296.66406787607826
296.6957719661589
296.72750583969344
296.75909816656514
296.79053247999644
296.82153727089
296.8520372957531
296.8818637519944
296.91091496110414
296.93909672771275
296.966230674352
296.992226124772
297.01697811572893
297.0403399738526
297.0622274752269
297.0825953401221
297.10139927245234
297.11858287638864
297.1340945029719
297.14792118525946
297.16021622293033
297.17118649861146
297.18097349074924
297.18970086789056
297.19750978846366
297.2043339808565
297.20971172167117
297.2137865092212
297.2165831053737
297.21815697312303
297.21854591168534
297.21778012676094
297.2158514831647
297.2127945908181
297.20864740348634
297.20345438372254
297.19726271573904
297.1900907950775
297.1820269750216
297.17308204795455
297.16326822444694
297.15266906448323
297.14127137545984
297.12913096328
297.1162683989611
297.1026974068414
297.08846456505677
297.0735667625882
297.05804541266326
297.0419107213599
297.02517370198996
297.00787390848353
296.9899793388011
296.9715478622295
296.9525699294843
296.93302783876504
296.91297714615814
296.8924256445741
296.87134702132016
296.84973490739236
296.82765487325975
296.80508375267266
296.7820233505064
296.75850595090856
296.7345383780074
296.710175657204
296.685461274526
296.6603881036188
296.6350162142839
296.60940474253493
296.5836209862025
296.55777177500846
296.532080364837
296.5066215564038
296.48145077363154
296.45646178422044
296.43162376408105
296.4068127220018
296.38205825142927
296.35746678279173
296.3332240511607
296.30941328280835
296.2861987944691
296.2637006948684
296.2421431407448
296.221740641266
296.20257701682124
296.1848394566543
296.16864076291745
296.15409329884534
296.1412634738904
296.13020134681165
296.1210043347546
296.11369791304924
296.1083549631997
296.1050166677406
296.1037729202918
296.1046369750398
296.1076217487246
296.11262913527287
296.1196991817799
296.1287431190134
296.1398382977569
296.15284683512044
296.16772423259886
296.18437563037014
296.2027254901289
296.21615925619557
304.4847200180174
304.5038493644168
304.5252039830019
304.5486923694569
304.5741878409864
304.60160956043154
304.6308406865777
304.66175475832233
304.6942563043437
304.72822999836325
304.76351949600877
304.8000024517528
304.8375648975015
304.87610547228087
304.9153846891041
304.95530159025265
304.9957552078993
305.0365552463685
305.0775821374159
305.1186335899194
305.15964214515674
305.2004357766266
305.24083442439144
305.2807236162653
305.31993456449163
305.35832724561163
305.3957562717968
305.43207934220857
305.4671594031554
305.5008931607191
305.5331494575207
305.5638344046036
305.5929801842803
305.62049513840185
305.64647701864914
305.670967403364
305.6939693562042
305.7154434354932
305.7352519527318
305.753291645695
305.7694294190819
305.7837046903137
305.7959938881204
305.8063332732503
305.81471825071765
305.82116044990613
305.82569253370093
305.82838484423337
305.8291811448853
305.8282155892074
305.8255106076143
305.8211119451073
305.8150925218573
305.80754419179834
305.7984940310383
305.78799458071796
305.77615572165394
305.7630092148487
305.7486031131443
305.7330205221834
305.7162556141334
305.69841746765616
305.67951765302655
305.65959362077274
305.6387022096957
305.61687393355345
305.59415205062277
305.57054973720506
305.5461378786378
305.52089909723475
305.4949050654451
305.4681784082631
305.44068530760984
305.412533176713
305.38369640322514
305.3542219948148
305.324117764791
305.2934483385218
305.262227653207
305.23047145656597
305.19824664257135
305.1655590349388
305.13244450779587
305.0989708142726
305.06517776446304
305.03120330506874
304.99702212679534
304.96279472298943
304.92851791880327
304.89424912281913
304.86000340383725
304.82590640614046
304.79201370670967
304.75846678456566
304.72531922784765
304.6927293150122
304.66087994718924
304.6299068367187
304.6000180149557
304.57137117309605
304.544187703609
304.5186609296671
304.4949374960323
304.4731523995989
304.4535152183695
304.4361231369125
304.42109724598356
304.40853661885023
304.39854064889147
304.3911461833334
304.3864332574672
304.3844101976746
304.3850781716964
304.38839869754344
304.39442899756307
304.403033777152
304.414228203036
304.4279233827614
304.4385930409727
300.68997871010765
300.71303862502396
300.7382706185864
300.7656243643008
300.7949700052871
300.8262393581591
300.85928560213097
300.8940275645846
300.9303387177675
300.9681036889487
301.0071773760403
301.04742872188007
301.08875287325185
301.1308868137536
301.173747823552
301.21716605180865
301.26097632310706
301.30501999055974
301.3491115623921
301.39312094961645
301.4368101794166
301.4801078827483
301.5227950038668
301.5647424755396
301.6057739815259
301.64576653218927
301.68457203867064
301.72203543434057
301.7580420517227
301.7924675671053
301.8252127003874
301.85624774213346
301.88548425700793
301.9130351871172
301.9389190264046
301.96310914058836
301.9857037572084
302.00642741088785
302.0250544149406
302.041422928247
302.055477515615
302.06715814888025
302.0765039350276
302.08354742394613
302.08835446619463
302.0909643440296
302.0915013781465
302.0899743419867
302.0865202015054
302.08118815108327
302.07405557093756
302.06520420879497
302.05473413082615
302.0427055023791
302.02922376549475
302.0143597114444
301.9981727312811
301.98073311090474
301.96207399500935
301.9423211741509
301.92148271240455
301.8995955517137
301.87676403345876
301.85298316475473
301.8283361861788
301.80285520819217
301.7765879142738
301.7495440727001
301.72179223956846
301.69337535225964
301.66429571318577
301.63460976233364
301.60436068267927
301.5735531819255
301.5422338722256
301.5104127868433
301.4781567594318
301.44546090512125
301.412382502094
301.3789395829172
301.3451437569613
301.31106089514935
301.27669342492266
301.24203692151286
301.20722242398693
301.1721968187547
301.1370123280041
301.1017879123443
301.0664430276637
301.0311862342056
300.9960110043576
300.9610765188833
300.92654441181713
300.89258546176393
300.859353825687
300.8270021158068
300.7957655211648
300.765850037513
300.737353423587
300.71054644901216
300.68557473455934
300.66256236933987
300.6416545785574
300.62298343751166
300.6067014766385
300.59285225293496
300.5815079227765
300.5727854531507
300.5667181606606
300.5633913930259
300.5627790780673
300.56491481079314
300.5698023392983
300.5773783015502
300.58764483648895
300.6005271948877
300.615981006301
300.63389655332674
300.647452088583
307.6229091689569
307.6384309019234
307.65596907237546
307.675424239418
307.69670016725223
307.7197318588721
307.7444510425323
307.77076174999416
307.7986005773368
307.827868861287
307.858483579478
307.8903600691784
307.92338914202327
307.9574981115185
307.9925420808781
308.02843812167595
308.06506182362205
308.10229749129803
308.1400531165708
308.1781585704806
308.21654281024206
308.2550325628319
308.29354801491127
308.33188783951096
308.3699662990306
308.4075918011721
308.4447003497097
308.48107118132083
308.51665642105394
308.55125823278735
308.584794632405
308.6171672360197
308.64836867478346
308.67834777793763
308.7071561930749
308.73482496776035
308.7614357461703
308.7867477712855
308.81057272257937
308.83272281804136
308.85301593379046
308.8713047565184
308.8875351121784
308.9016747102087
308.9136944219795
308.9235499270466
308.9313596700138
308.9371030981437
308.940807465192
308.94258745049035
308.94246494220874
308.94055109307897
308.93689223582294
308.93157322653065
308.9247077023107
308.91633846007335
308.90654758823604
308.8953912702302
308.8829256603677
308.8692405910396
308.85436616923477
308.8383815253467
308.8213160712778
308.80319223104476
308.7841060770138
308.7640391990054
308.7430815730742
308.72120956141515
308.69852393499184
308.6749840866896
308.6506612752828
308.6255477723024
308.59972893240115
308.5731594454593
308.54592172363425
308.51799751798575
308.48944477299176
308.4602837280585
308.43057511763624
308.40026553499405
308.36950056821445
308.33824478112376
308.30657664712885
308.2744835942311
308.242048992154
308.2093184137236
308.17632410822637
308.14312963441375
308.10976869855796
308.0762443694856
308.04267407751513
308.00909549668324
307.9756203967554
307.94237837799136
307.90951426873227
307.8771641080319
307.84552515516526
307.81474282230124
307.7850532520987
307.75664818450184
307.72966336095294
307.70432793924533
307.680743760707
307.6590451357538
307.6394380945977
307.6219760689882
307.6067786679259
307.59388858308694
307.5834074604069
307.575364975497
307.56978872332894
307.5666732697727
307.56601487428446
307.5677979991767
307.57198397431955
307.5785142594492
307.58730726802384
307.59833105383416
307.607006417988
305.08566700007094
305.0990009127944
305.1143887342034
305.13169800945826
305.1509448188415
305.17201399120626
305.194830304541
305.2193159027076
305.2453985208487
305.27299513108574
305.3019924153484
305.3323607502598
305.3639226845869
305.3965930462855
305.43026367050084
305.46482961317633
305.50013084759456
305.53606071435695
305.57252422177885
305.6093740721028
305.6464630209065
305.6836990347315
305.72094103965065
305.75808749553977
305.79502596959753
305.8316105601522
305.86769946798506
305.9032097494607
305.9380529838539
305.9720711672125
306.0051458935605
306.03721916901463
306.068233693313
306.09816825843063
306.12696752297177
306.1546169608454
306.18119258556396
306.206476508231
306.230338372375
306.2525680523636
306.27307724170413
306.2917500310721
306.3085295097297
306.3233934484717
306.33625018024
306.34712947851574
306.3560591860166
306.36306810693236
306.3681407823461
306.37134907077194
306.3727101841718
306.372258229863
306.37014252876565
306.3663484713851
306.36093996296876
306.35400554576063
306.34562513294566
306.33579865950315
306.32462923122563
306.3121811215097
306.2985057731284
306.2836104889306
306.2675964402432
306.2505223099667
306.2323880876003
306.21327494695754
306.1931945539396
306.1722221421993
306.15038454144747
306.12771613570095
306.1042584369857
306.0800156960246
306.05505986393814
306.0294117564914
306.0031040892767
305.976147549825
305.9486035876422
305.92044850602986
305.8917787334272
305.86261374692543
305.8329250120895
305.8028063392333
305.7722942251436
305.74137396169215
305.7100580989892
305.6784610677399
305.64658319568935
305.6144590897654
305.5821551455642
305.5496927430024
305.517166925031
305.48465595286774
305.4522912239553
305.42019268241074
305.38843295756345
305.35719851289764
305.32661819749563
305.29684734603796
305.268046577857
305.240364784752
305.2139512459882
305.1889600215182
305.1655553394348
305.14381777067916
305.1238943871424
305.10590290651373
305.0899246593401
305.07605042378117
305.06434921892134
305.0549013680928
305.0477044056351
305.0428550013118
305.0402922963691
305.0400363953936
305.042118172508
305.046459499601
305.0530798826878
305.06185468625364
305.0690895437067
297.99891902499087
298.05024842449217
298.1008353723487
298.15056368076756
298.19936222865
298.2471400988753
298.29365371373126
298.3382871862827
298.38089683156375
298.42140465455594
298.45977232307627
298.4957225007597
298.5287073731717
298.55862955578453
298.5856706068155
298.6098013387635
298.6308749422084
298.6486330497152
298.66304200258236
298.67414169899394
298.6819751413405
298.6864115847578
298.68741770482393
298.68496470008836
298.67903814553915
298.6696237657641
298.6568432820283
298.640932835373
298.6220565405154
298.6004463771001
298.5764391568996
298.5512684781686
298.52612101976405
298.501690198861
298.4782789641302
298.4561503000823
298.43541677496665
298.4152732062538
298.39487233807836
298.373897262202
298.352277723153
298.33008098464336
298.30738785930686
298.2842569934561
298.26059503011436
298.2364552942078
298.2118673450431
298.18677822031174
298.16126429352653
298.13539982310596
298.1092282485959
298.0827855497171
298.0561702873758
298.02941453939513
298.002598858545
297.97580735603793
297.94904786490997
297.92233685548746
297.89572774207755
297.8691762147582
297.8426404031124
297.8161614194823
297.7896452760745
297.76307089703676
297.7364011316291
297.7096169716734
297.6827081295542
297.65562592879746
297.62832425491507
297.6007873426035
297.5730086910419
297.5449488227781
297.51658862678846
297.48788487035586
297.4588994230613
297.4296353442418
297.4002031608286
297.3707387508446
297.34135403656086
297.3121759543124
297.2833425473757
297.2550392971812
297.2273980509025
297.2027295019531
297.18473464110906
297.1729083305538
297.16437190449716
297.1572876469366
297.15084281519216
297.14473574101913
297.1388792410351
297.1330975861397
297.1279155752876
297.1238158577159
297.1215873625755
297.1225054457311
297.1275774688392
297.13711985582756
297.1510836886484
297.1692069464235
297.1913615870762
297.21735636962865
297.2469057131496
297.2798767286269
297.3157772221749
297.3541184867443
297.3945566267507
297.4369356465141
297.48114050801644
297.5270103766112
297.574122783281
297.62218999662207
297.67104333702883
297.72066287440197
297.7707593140472
297.8208182524373
297.8707153023515
297.92041360911213
297.95410972001457
