294.62128950832323
294.9125976268764
295.1894425349347
295.4524396835636
295.70148948048825
295.9357272181718
296.14953968717293
296.34572576545196
296.5246061213325
296.6864434903862
296.83058204305087
296.9543882514425
297.05924943752603
297.1452821866165
297.212750463224
297.26003584741886
297.2828328830564
297.28435162956697
297.2649208796968
297.22489992930355
297.1627943248379
297.0774757122988
296.97173030466223
296.84614918884535
296.70115039611596
296.53912510687013
296.36268809213874
296.1710652518978
295.9648935090691
295.74454422363243
295.52412205515014
295.3098458160599
295.0949630531068
294.8797680644203
294.66462756943986
294.4528533058808
294.24408855835594
294.0370361009047
293.83173234999947
293.62758195996093
293.42273698200404
293.2209983482284
293.02704476918314
292.8320343802713
292.63881051128664
292.4437971143035
292.2530299163254
292.0641827003424
291.87725771804526
291.69220768058256
291.50861033494374
291.3268064030983
291.1468552121568
290.9687247101398
290.7924437356458
290.6180197048258
290.44543829803257
290.2746261380609
290.1055573130236
289.9382176981236
289.77228375453706
289.60797606186367
289.4452851427921
289.28415212579256
289.12463234226215
288.9667883818545
288.81049916504656
288.6558029625727
288.50265691986203
288.3509829138955
288.2006924128264
288.05184804262694
287.90434308692096
287.76083916272137
287.62291095695434
287.4820609152735
287.3426765886834
287.1875401222655
287.0507733137337
286.93153855313375
286.8311575664052
286.77140437239274
286.8348805916151
286.94666135206074
286.9966739438331
287.0573483732083
287.1256308801165
287.1998022231055
287.27851583928725
287.36544693822464
287.46090942287526
287.5617554463013
287.6676324758454
287.7784009568045
287.90671115129663
288.0512105712247
288.2099858278085
288.3837544294143
288.5732079922932
288.7758794366604
288.9942683174426
289.22901466875487
289.48042135873226
289.7486322904164
290.0297391386393
290.32516577844814
290.63484030765613
290.95857911891517
291.2956812204391
291.6327501212861
291.97438133748904
292.320570150751
292.6708332428131
293.0234783133229
293.36443427702767
293.69897691731256
294.02708174434264
294.3483936957929
294.56291013737405
294.4769557631157
294.7621449839254
295.03007961603566
295.2815142986917
295.51728817976374
295.7380137577786
295.94351943178106
296.1333239795014
296.3070832277942
296.4646802516288
296.6061107059784
296.72989142189925
296.8348078263718
296.92104450131654
296.9890300168301
297.0390088170758
297.06896508084003
297.07809698004513
297.06681984025346
297.0356772124401
296.98512187110015
296.9147945355524
296.8251849979301
296.71666939077085
296.58969258334906
296.44489165143153
296.28548260399293
296.1130918705027
295.9277686137337
295.7294514230668
295.520472513924
295.3113543305031
295.10483151604467
294.90067787967945
294.69866102607887
294.4991361382983
294.303230098743
294.1077142280818
293.91142524828234
293.71342183008016
293.5151121465672
293.31643144517375
293.1211029605325
292.9300629364787
292.7412602558786
292.5536248540028
292.36577106353815
292.1801246583048
291.99662946230313
291.81519919937193
291.63581529537055
291.45828230093474
291.2826445544099
291.1088758662438
290.9369338003401
290.76677817342437
290.59832154624377
290.43156900654674
290.2665044757708
290.1030736403206
289.9413008374724
289.78110466757846
289.6225329765268
289.46551079702914
289.31006507505407
289.15628166943475
289.00406663801397
288.85339076995496
288.70423066409023
288.5565230403597
288.4101370811604
288.26501681448013
288.1212019037846
287.9786803390902
287.841923989975
287.7087416728585
287.5749422897492
287.43647650195993
287.29181594306465
287.15758637860904
287.0304326767311
286.95865245675157
286.94541225061045
287.0775638820498
287.2451447232417
287.38059150321016
287.49278782022384
287.5918862278098
287.6827827129952
287.76648576504704
287.8418045897952
287.91471147701515
287.9884650428553
288.06443258584085
288.1460244009347
288.24321546056507
288.35973163895744
288.49534216312503
288.6493872887979
288.8218618479847
289.0136183353259
289.224203831922
289.4531321690165
289.6997946150257
289.96451363974865
290.24728097619163
290.5463211677309
290.86026570324157
291.18808129995216
291.52572796909857
291.86817181651384
292.21427244429964
292.56319667754656
292.914523750981
293.2593562337002
293.5906151344329
293.9097965173346
294.21814857130016
294.4221127763437
294.48586703216625
294.59872642915775
294.7088994195317
294.8161489780898
294.92040821521886
295.0215602623344
295.11955832825595
295.21436810249025
295.3057976631075
295.3938231826648
295.47830607601907
295.5591413743459
295.63618625758676
295.70934631512733
295.77839563261966
295.8431827032274
295.9031223787429
295.9577650215604
296.00696619004776
296.05060372953136
296.08853319678565
296.1201829534646
296.14539665458625
296.1641597596288
296.17631803012426
296.18187067237886
296.1806646678415
296.1727439500056
296.1581318254451
296.13687631991485
296.10971501348695
296.07981559397484
296.047786259504
296.0138979034186
295.97831813999
295.9412259897379
295.9026844535322
295.8590512698427
295.81029406363916
295.75624287482214
295.69906446693426
295.6391201596614
295.5775579121476
295.5147994293999
295.45076368112444
295.3853053353992
295.31807394362863
295.249741135397
295.1804327384202
295.1102676555549
295.0392783553047
294.9675862210611
294.8952588495248
294.82234598445865
294.7488841765381
294.6749573762198
294.6006077853236
294.5258448741013
294.45074714694124
294.37533946736556
294.2996094309222
294.2236107639905
294.1473904869476
294.07094651450177
293.9943063458117
293.91750336419614
293.84054555557924
293.7634570316287
293.6862587090794
293.60897201548727
293.53156810520176
293.4541430797548
293.37663218916254
293.29909014070574
293.22269925505907
293.1464233366764
293.07026035408927
292.9932003043219
292.9153278100846
292.8384553506803
292.7623444265015
292.69691296173505
292.6337734062344
292.57770868686623
292.52020952979257
292.4660368162995
292.4161958192546
292.3708528592863
292.3300776347962
292.2942223966821
292.26486072600005
292.2424356883541
292.22717632007567
292.2191954837227
292.22014169899785
292.23332420583984
292.25888516595927
292.2966892782892
292.34667685260297
292.4077966350435
292.4782007900454
292.55765775002124
292.64599323251025
292.7430725076469
292.84685300684816
292.954704980619
293.06642274125824
293.18188061761805
293.3009557638854
293.42217063337125
293.5439117845743
293.6658961859247
293.7879697866736
293.909979474666
294.03118072408313
294.15087085508515
294.2689050401792
294.38516340476895
294.4631050645445
296.8545660471267
296.9991617171986
297.1364434572048
297.2663225950321
297.3893731049339
297.506237102987
297.6157849277122
297.7160554509512
297.8071123487259
297.88955111771696
297.96390437002145
298.0289133472159
298.08296406303407
298.1263672130683
298.1597001684775
298.1835084667715
298.1968571721888
298.19878354683794
298.18940016544457
298.16890962841205
298.1375848968794
298.09465161536247
298.03930021972894
297.9715788770905
297.8917464829822
297.80017454301634
297.697605617772
297.5851614268046
297.4637836178782
297.3337164975844
297.19560608100323
297.05500722630217
296.91747343349067
296.78568519189196
296.6608816726859
296.5437620843629
296.4346109216291
296.3301246881304
296.22755352601075
296.1260982497918
296.0254828454001
295.9254062705412
295.8265806829195
295.73063869386135
295.6370573933136
295.5449302301272
295.4521288094599
295.35950223797147
295.26771800036283
295.17699805421756
295.0874743306117
294.99917911302265
294.91200899805415
294.82598132042693
294.741022991821
294.65705324310534
294.5740419197623
294.49186456604735
294.41051788637174
294.32994436643475
294.25010494862624
294.17097057179177
294.0924071314514
294.0144726517221
293.9370599465883
293.86018288468824
293.7837977042478
293.7078407271599
293.6323457091899
293.55724093190986
293.48255139672045
293.4082082824056
293.33421468422245
293.26056257255175
293.1883916588167
293.11842721859256
293.0498724986324
292.9814092503829
292.9112778319636
292.84027814854505
292.76938465090564
292.70677030842484
292.66095686197576
292.6516109925789
292.6745118664658
292.7145574775342
292.7596491411994
292.800586128864
292.8317842381334
292.8517685738669
292.87145171950215
292.900538782123
292.9433155415859
293.00136770859706
293.07473892369273
293.16316497128616
293.2662581325847
293.3833134473407
293.51332616670214
293.65478172887634
293.8054487061788
293.96364406580915
294.12842470612577
294.2991785259753
294.47461870499814
294.6522791563965
294.8311483521085
295.01103511978874
295.19206868407537
295.3734604667824
295.5528989499483
295.72982612871067
295.9045097267819
296.0773300074656
296.2469597938693
296.41082130896774
296.56902056541475
296.7223551789323
296.82417252126675
297.94342178134303
298.06128698993155
298.17305425837236
298.2785265441199
298.3782209497652
298.472718049932
298.56166656773553
298.6434659282709
298.7178162785719
298.78511061617166
298.84585032589314
298.89928528487167
298.9439697943546
298.97985044835286
299.00739982300047
299.0271270881136
299.03887983657063
299.0418064232783
299.0358080242606
299.021060951374
298.9977675284339
298.96557131261017
298.92379679627703
298.8724465806947
298.8115855614109
298.7415902088891
298.66319383152256
298.5774922371535
298.48555850333736
298.3881796706135
298.28622601817915
298.1856131557653
298.09317306307173
298.01315321191305
297.94802044678863
297.89873469461537
297.86248794362547
297.81451581783676
297.7500515632547
297.6745674847392
297.592475831503
297.5069492793283
297.42018246929297
297.3335289159323
297.2480290906693
297.164151565654
297.08219767638957
297.00213522524257
296.9239961439912
296.8476419967939
296.77304123162946
296.70003119825344
296.6285676499363
296.5585299693139
296.4897978459773
296.42225269955037
296.3558322192378
296.2904673548477
296.226010753694
296.16240943914516
296.09961670833496
296.0375754465652
295.97623515728714
295.9154583889266
295.8552610324321
295.7955855128115
295.736380388723
295.6776920923691
295.61939164483323
295.5614386554369
295.50381175600177
295.4464574426995
295.38925257557804
295.3322122004933
295.27589473464354
295.2209812968269
295.1673147876342
295.1142198520297
295.06037523265616
295.0058263649837
294.950824830139
294.9008983775229
294.8628939466385
294.8505346309606
294.8662078061857
294.9001777107544
294.9388382861393
294.971116187874
294.9907086816601
294.9961875310925
294.99547831244786
294.99699851392285
295.0057150683904
295.0244532543044
295.05477160458906
295.0980508127138
295.1554562778832
295.22751745648395
295.31401815713605
295.4139242975512
295.524993268194
295.6450106268137
295.77240421719085
295.9060895909182
296.0449755787882
296.186937688393
296.33073461679663
296.4757189049018
296.621784122214
296.76848192631337
296.9140220841901
297.05764006633626
297.19928964453425
297.33929585153123
297.4769866822321
297.6103618910408
297.7390291620413
297.86333497404127
297.94567941072444
295.9770883102608
296.0719962894085
296.16843558470384
296.26590887006785
296.36403175123166
296.4623635495281
296.56055578489304
296.658267448467
296.75507566063493
296.8505414638213
296.9443631637691
297.03611216510274
297.12558897172295
297.2122906019607
297.29585679637023
297.37593043965074
297.4522667504875
297.52447160750614
297.59223406261594
297.6552331208729
297.7131276773919
297.76573948033325
297.81280402521105
297.85410622711726
297.88943078053535
297.918581856089
297.94141058142685
297.95786300835005
297.96792195588637
297.97170523074846
297.969337683503
297.96105716816
297.94726615960957
297.9285802547067
297.90580012298227
297.8796244636684
297.8507516928709
297.819713529885
297.7868078864466
297.75201220381246
297.7153226942298
297.6767458743949
297.6364433542515
297.59442688301135
297.55096047738095
297.5061976451774
297.460279173366
297.4131929060636
297.36501439392646
297.31578313972005
297.2656166088579
297.2145535291823
297.16265214708835
297.11002136600615
297.0566695579397
297.00268455310527
296.94807603170256
296.89296348167875
296.83735611196084
296.78133512960375
296.72494706143925
296.6682024084357
296.61113262261443
296.5537698286667
296.49611824186246
296.4381994380758
296.3800581320452
296.3216961020409
296.26314219780517
296.204430318878
296.14558701342366
296.0866123629118
296.0274893574251
295.9682110899373
295.90879719947435
295.84927402493497
295.78975313484534
295.730273939618
295.6708463654515
295.61138420803
295.55183206289036
295.4922390281648
295.43299593674067
295.3750869889925
295.32034238463103
295.270388599862
295.2259106268964
295.18662083858015
295.1517048356263
295.12009720646
295.09076718638255
295.06321680094106
295.0373309839395
295.01342656350454
294.99188187574623
294.97330405440516
294.9582116938037
294.9472439898059
294.94101475403085
294.9401096631111
294.9449266807447
294.95579278336754
294.972870844194
294.99627038952866
295.0260366292914
295.06215918738576
295.10441386364516
295.1526421609422
295.20646936904626
295.26570821402885
295.3300838759275
295.3992981394504
295.47303786339
295.55093056961516
295.6327638066911
295.7181499366518
295.8066351979779
295.8977761851644
295.96102171236157
296.81629774452756
296.83420295698727
296.85254567694795
296.87130364392806
296.890394170615
296.9097864571398
296.9294067016733
296.94913352333475
296.96896304224015
296.98878754005574
297.0085441501249
297.0281532428699
297.04752635089244
297.0665430954486
297.08521353720903
297.10338938025086
297.12106417315124
297.1381436421694
297.15455471599523
297.1701940022561
297.18505929099024
297.1990353589602
297.21202984725437
297.2239684823338
297.23480160453244
297.2444673951724
297.25312730424463
297.2610130223842
297.2681484263526
297.27468263748585
297.28059171253517
297.28596220292565
297.2909208008063
297.2956005606938
297.30014932745416
297.3046348307642
297.30906530387733
297.31157795183935
297.3122916649214
297.31169729656887
297.3100662568958
297.3074386823329
297.3040373775279
297.299895362429
297.29509285998256
297.2896842292625
297.2837686526511
297.277220148366
297.27016790081154
297.262631144555
297.25461397067386
297.2461038794528
297.23723303941216
297.2278834722526
297.2181515209274
297.2080456249442
297.1975430532626
297.18667200611503
297.17546245537204
297.163880576108
297.1519212100395
297.1396760268615
297.1271146184796
297.11424340043686
297.1010314527898
297.08755039925376
297.0737612163334
297.05966732523257
297.04530135675105
297.03067679648814
297.0157419095873
297.0005500628117
296.98507999403836
296.9693102779639
296.95334773713506
296.937195812744
296.92090200221793
296.9044308190412
296.8876650676747
296.87060769802594
296.85328631477097
296.83597215943746
296.8192646860246
296.80401280038217
296.7905706380562
296.77860891950513
296.767452659036
296.7566860875739
296.7458761001689
296.73485233768423
296.7237772652655
296.71275944778523
296.7020364995978
296.69168429620134
296.6819043233973
296.67287806545636
296.6649112772469
296.6581996243738
296.65290655534716
296.6490600738791
296.6466965648934
296.64583060750857
296.6464722340182
296.64859490307674
296.65212018443947
296.6570052740274
296.6631250232724
296.6704719237554
296.67904027502465
296.68876106671485
296.6995506911367
296.71135152666346
296.7241517521519
296.7378687642357
296.7525499577337
296.76800496066267
296.78414283248185
296.80095399155636
296.81275425958256
303.03039000360974
303.06551065708817
303.10387622810805
303.14540605178104
303.19000541656055
303.23769979079907
303.2882689560553
303.34145131232145
303.3970356205464
303.4548708060158
303.514856578417
303.5767707095313
303.64026494980067
303.70507037876837
303.77094065447
303.8376912220162
303.90489719814656
303.9722038102949
304.03935914817527
304.10609620668936
304.1722057643185
304.23725481731674
304.3007914915605
304.36260550921173
304.4223351188152
304.4798001996717
304.53469249192693
304.5868239987545
304.635959095371
304.6818571349032
304.72439225022185
304.76395313194087
304.8008429876935
304.8351722554146
304.8670160613534
304.8964836002774
304.92348308066613
304.9467739270986
304.9662912334259
304.9822733742719
304.9948227061585
305.0040984273414
305.0102510083472
305.01346329365737
305.0138984436356
305.011582987227
305.00674355073176
304.99940493115724
304.9897170608835
304.9778214988977
304.96377089615646
304.9476926088368
304.92967938888165
304.90981148556045
304.8881452547924
304.8648221925604
304.83987174882355
304.8133687942248
304.7853608708353
304.75595222685394
304.7251694081753
304.69306534547667
304.65971261721256
304.6251635317925
304.5894349418711
304.5525827063815
304.5146782636077
304.47573498925306
304.4357798935005
304.3948617505296
304.3530334479804
304.3103206608369
304.26673829383213
304.2223171802344
304.17710802154124
304.1311464277993
304.0844540102318
304.0370179445787
303.9888876600564
303.9400961625928
303.8906619408849
303.8406362218382
303.79005591083865
303.73913667356175
303.6883320519629
303.6379722835634
303.58805105288786
303.5386129970025
303.489584721191
303.4410514288475
303.3933598655469
303.34685517942984
303.3017100293317
303.25811610234274
303.21630839451416
303.17654987931763
303.13914066822423
303.1041718704087
303.0718591781081
303.0423959577122
303.01584874089446
302.9923241669893
302.97187474457354
302.9545400208735
302.94038048389115
302.9294411758948
302.92171804170346
302.917223061041
302.9160717557622
302.91823495839446
302.92375896993593
302.9325575144018
302.94476080088236
302.96039812484554
302.97945523368463
303.0018522889011
303.0275848191399
303.05668327779847
303.07836295364956
298.5852214145108
298.62765366226506
298.6727456769237
298.7202634916346
298.7701253515287
298.82210859061587
298.87613459907897
298.9318730173071
298.98914407695474
299.04781639085286
299.10761643876486
299.1683500572967
299.22971813459225
299.29142423432893
299.35324139447795
299.41504825517853
299.47648965951157
299.5372647286572
299.5970806264516
299.6557345206403
299.7130196552785
299.76866041755113
299.8224232134977
299.8739967004869
299.9232842165462
299.9699847526059
300.01399969441314
300.05517056687756
300.09335721903
300.12849274405824
300.1604655188632
300.18961772006855
300.2163373319153
300.24098843141144
300.2638242146771
300.2851752076803
300.30495385717626
300.3213787318958
300.334577710439
300.34464671603973
300.3517828615323
300.35613248194574
300.3578441924233
300.3570629076873
300.35391713697146
300.3485549008178
300.3410655656859
300.33151288439626
300.3200078569621
300.30667208556866
300.2915193040655
300.2746909336379
300.2562124155404
300.2362144057509
300.21467885285534
300.1917282590245
300.16739478157064
300.1417432599988
300.11478324148305
300.08662387110917
300.0573204098545
300.02683786760156
299.99530534406136
299.96268509092056
299.92905093652587
299.89443226307577
299.8588469387439
299.8223594873645
299.7850175657006
299.7467541707438
299.7076774830264
299.66780639817966
299.62714939751237
299.58575458859536
299.54361760961865
299.50077252191386
299.45729757850955
299.4131564067328
299.3683564584101
299.3229594307936
299.2769443296358
299.23045404644324
299.1835637947212
299.13657832751875
299.08995571962964
299.0439289245518
298.9984312089772
298.9533742970545
298.90869054375764
298.86429124404475
298.820473349241
298.7774851232047
298.7356109140181
298.69506333746926
298.6560924610485
298.61905340596115
298.58426971381107
298.5519142428133
298.52230666124
298.49567877068665
298.47218296149487
298.4519625621919
298.43513522027973
298.4218709954777
298.4122453318729
298.40629944302617
298.40406830059044
298.4056586865201
298.4110770913258
298.420306729164
298.4333184024501
298.45003647311626
298.47039475411674
298.4943833518324
298.52192242774936
298.55273282507585
298.58672440231703
298.6237877418559
298.65064183536657
305.5402262360692
305.5776191049849
305.61852424679745
305.66279077840153
305.7101349978809
305.7604285549915
305.8134312511298
305.86895585120067
305.9268036622534
305.9868262529685
306.04880002692425
306.1125597740245
306.1779221780845
306.2446955925886
306.3126637697802
306.38163234751227
306.45142701506995
306.52180494461777
306.5926169078359
306.66356925915926
306.73445374664266
306.80504088841826
306.8751182270352
306.94440797992604
307.012667967786
307.0796647224396
307.1451480396974
307.20887577425134
307.2705694042622
307.3300120667877
307.3869856941207
307.44130645583533
307.4929377307019
307.54186612061227
307.5881204697505
307.6318426430432
307.673172537119
307.71168523806483
307.74700893165215
307.7786074054563
307.80615740436235
307.8294799728476
307.84851942233956
307.86327894166175
307.8738446733126
307.8803749987416
307.8830225706428
307.88197506333967
307.8774097301118
307.86946900222887
307.85839298149193
307.84427986842155
307.82737299387895
307.80779830168916
307.785738178296
307.7613245877714
307.73468222064855
307.7059776106716
307.6752820824834
307.6427676439726
307.60849486497335
307.57258526311216
307.53511306532613
307.4961919808262
307.4559031542805
307.41428148391935
307.3714469500275
307.3274252005537
307.2822900721846
307.2361322838476
307.18897346287577
307.1408668290099
307.0918517656311
307.04199245501803
306.9913273728086
306.93989973220346
306.8877354620526
306.834912579351
306.7814415188411
306.72733757979915
306.6726966809077
306.61746115495
306.5617537486637
306.50558887504053
306.44907740834657
306.3923791354758
306.33560403486325
306.2789246967574
306.22243056919075
306.1662070260008
306.1103108696919
306.05487846389315
306.000072668917
305.9461196261742
305.89312207392027
305.84140514108253
305.79119944215626
305.7428229372274
305.6966345762059
305.65290599056914
305.6120389889345
305.57426690155893
305.5399151933943
305.5092758178038
305.4825850016754
305.46004447730616
305.4417735651459
305.4279657683868
305.41867937702557
305.4140195397677
305.4140163573855
305.41861084990444
305.4278270771985
305.44154334769087
305.45974089382963
305.4822526393979
305.5089620139217
305.53967940173135
305.5627427761122
301.39573507945437
301.44323061693206
301.4946016620579
301.5496923755763
301.6082524824221
301.6701097582878
301.7349717486788
301.8027296096285
301.87311088927174
301.9458975942788
302.0208785096926
302.09783130864275
302.1765022000123
302.2565639061238
302.3378054891925
302.4198994087593
302.50259477925476
302.5855661978986
302.6684963134132
302.751102797021
302.83301819190376
302.91399745961803
302.9936641009559
303.0717913322959
303.1480360419788
303.2221348133673
303.2938670224061
303.36291171915747
303.42898398005246
303.49190312407006
303.5514206981333
303.60742683097396
303.6598845983225
303.708874761274
303.75441015055833
303.79658039926886
303.8354319479336
303.87045921787995
303.90089328569235
303.92628637736414
303.9464222038451
303.9612842582643
303.97092999671156
303.9755937949338
303.97544371489477
303.97077138522826
303.9619117954173
303.9490341489948
303.9324213231202
303.91232926623104
303.88904804537515
303.86274913804755
303.8337103458021
303.8020854773899
303.76812720824563
303.7319732361583
303.69385660277095
303.6538589616782
303.6121745765436
303.5689270553114
303.52423985570226
303.47820809393716
303.43097162226843
303.3826085109966
303.3332091753269
303.2828383803046
303.23164122331394
303.1795822104682
303.1267903895587
303.0733285482925
303.0192444640878
302.964554908134
302.90935823003474
302.853644903932
302.7974807027885
302.7409244908508
302.6839849110107
302.6266812118186
302.5690389018577
302.5110922734686
302.4528886215708
302.3944888442718
302.33579731262756
302.27693627703877
302.21789328729153
302.1586967372612
302.0993876431299
302.04001553210355
301.98065410249546
301.9213867136591
301.8623217603437
301.8037782709577
301.74597899633983
301.6892836604998
301.63398781906545
301.58040575539013
301.5290264162198
301.4801189638566
301.43406337750383
301.39124425598595
301.3519702688779
301.316452219222
301.28500101546325
301.2578528685869
301.23518715169115
301.21718212664535
301.2039540980497
301.1955302924133
301.19208012368836
301.19362294958086
301.20019761842065
301.21175213771227
301.22829409428124
301.2497421568905
301.2760196316331
301.3070063762695
301.3425674922663
301.38252786957605
301.41212969536844
304.67637585290544
304.70836055136476
304.74352142583905
304.78161493348193
304.82255396079034
304.8661341849709
304.91225659899857
304.960754440793
305.0115099958864
305.0644051196025
305.1193295414649
305.1761726918694
305.234818469489
305.2951090526007
305.3569588169649
305.42022112522784
305.48479663996017
305.5504355999343
305.61704904288933
305.68438179404336
305.7522439538861
305.8204424401413
305.8887161815813
305.95687306012775
306.02466504996136
306.0918244058716
306.1581027129015
306.2232491843963
306.28703074623854
306.3491331946593
306.4093084514274
306.46739694082066
306.5233512528191
306.57709767235633
306.62868644448224
306.67813742204646
306.72556128123176
306.77049588705574
306.81226489303253
306.8502185583616
306.88390747069946
306.9129692433018
306.9372782851683
306.9568353281369
306.9718032181643
306.98227260285836
306.98846260342896
306.9905848560471
306.98880926374676
306.9834117789306
306.97455097147787
306.9624497254934
306.9473451423738
306.92940790838276
306.90881489710745
306.885740163234
306.860337736904
306.83277457786215
306.80319685181075
306.77169102380304
306.738433936465
306.703480438378
306.6669795526528
306.6289769194421
306.58964333230654
306.54895430531315
306.5070527120724
306.4639791512915
306.4198126287473
306.37461249790573
306.3284330292989
306.28131523380824
306.23333853488015
306.1844993759682
306.1349177863121
306.08459077070273
306.0335337793609
305.98183241077317
305.9295325877541
305.8766457598337
305.8232235711629
305.76927721467376
305.7148264174487
305.6599811906396
305.604767166541
305.5492916076552
305.4936652887915
305.43791996797404
305.38214256932184
305.32639807504535
305.27080499408714
305.21547145491934
305.1605743003302
305.1063565831027
305.05303563892414
305.0009201951393
304.9502877275326
304.90148191537634
304.8548241285496
304.8106047650361
304.76920560035774
304.73090191783757
304.6959741274116
304.6646153023949
304.63710546683245
304.6136116048363
304.59428958627717
304.5791603081085
304.56839035359485
304.5619504493173
304.55984831145025
304.56205619388595
304.56851655418126
304.5791187334564
304.59381738223976
304.6124118981491
304.6347262772121
304.6607037885107
304.6803461182177
305.0193733218662
305.05044657496575
305.0849262728536
305.12264560723486
305.16351244491887
305.20735715494
305.2539846992748
305.303305335004
305.3550851222698
305.40924129117116
305.4656268667371
305.52404576703464
305.58439565399885
305.6464079571833
305.7099555901673
305.7747983649068
305.840804050784
305.907711307933
305.975349028711
306.04347022680975
306.11180928419225
306.18022320662004
306.2484839582144
306.31633836111894
306.3835894373915
306.450047998834
306.5154484548823
306.5796173111811
306.6423057123485
306.70331054804694
306.7624358669956
306.8194550703341
306.8743252971086
306.92692425403084
306.97727387729805
307.02537514381214
307.07116545102184
307.11441685642677
307.1544730868373
307.19087076111884
307.22321116804164
307.2512811718559
307.2749365433145
307.29419926774654
307.30915471648217
307.3198415095857
307.32654674292985
307.32926409661997
307.32827161522397
307.3236779019758
307.3157158853287
307.30455568347
307.2903617118606
307.2733027145018
307.25352839003136
307.2312632085822
307.2066295193964
307.1797216344782
307.1507243592564
307.11978130025665
307.0869498266139
307.05243393312236
307.01627941817986
306.97859263376995
306.93949144440774
306.8990714876658
306.8573579084647
306.81448860102444
306.77052916929995
306.72552754511383
306.67959233122275
306.6326941544679
306.58500392855234
306.5364889715969
306.4872440701258
306.4372827700901
306.3866952307001
306.3354855521937
306.2837119107621
306.2314052099967
306.1786148711008
306.12536099168716
306.0716538032166
306.01761799688984
305.9631826991501
305.90843015785384
305.8534182891026
305.79821150703424
305.7428943161309
305.68752290457184
305.632252325573
305.5772304793245
305.5226702187836
305.4688264407453
305.41593901901484
305.36428137405886
305.3141179158636
305.26577437174984
305.2195190699571
305.17567124378684
305.13446169703565
305.0962482414752
305.06119649508247
305.0295638540084
305.0015294071565
304.9773106612383
304.9569501672243
304.94067210930353
304.9284783862582
304.9204770606515
304.91668599646795
304.9170606710138
304.9216770637082
304.9304071003078
304.9432355398155
304.9600838307435
304.98085761631137
305.0054009505756
305.0242078859443
302.65457409877564
302.72947929437305
302.8030465960569
302.87516903041075
302.9458281190273
303.0150914760236
303.0824424868686
303.14690653824243
303.2082828698962
303.266592298106
303.32193218140935
303.37386668255925
303.42167527928495
303.4653385964136
303.50500931152067
303.54076561960625
303.5723862674374
303.59956592235807
303.62225825184436
303.64044460568323
303.65426741445856
303.6632435466591
303.6671678468149
303.66603196782535
303.65960188919723
303.6478504146299
303.63086927328885
303.6089058460381
303.5822905593008
303.55142503362845
303.5170022943089
303.4812380278897
303.44631920797764
303.41333746353496
303.38270145644174
303.35470970678017
303.32964873694254
303.3050041996563
303.2783527633315
303.24917467624994
303.21735927938465
303.18300307196677
303.14639158538483
303.1077625586989
303.06753706513945
303.02609156368356
302.98368367621873
302.94047602394244
302.89674278808644
302.852483852061
302.80783969228395
302.76291806075926
302.7177831403444
302.67237427480194
302.62683425012085
302.58107801939656
302.5350980098818
302.48899550165953
302.44270507424704
302.39621663814876
302.34956980198433
302.3027517186422
302.25580540977546
302.2086530097829
302.1613193605241
302.1138181409303
302.06612156248775
302.01820300620255
301.9700980661512
301.92175902988305
301.87328674131595
301.8246286922224
301.7757797203707
301.72671281453887
301.6775262188463
301.6281072152599
301.5785997563801
301.529138799821
301.4796773342781
301.4301770417482
301.38062950804806
301.3310028540761
301.28199852918203
301.2378360261787
301.20395602961764
301.1823261983684
301.17054270004905
301.1652870582124
301.16391383891505
301.16460544195456
301.165946907878
301.1670397372743
301.1687329016657
301.17259808787384
301.1802319372478
301.1939109566786
301.2149340132126
301.24357331517547
301.279370906233
301.3218148603833
301.3704413459819
301.4247106931921
301.48390855123955
301.54750270374285
301.6146929466991
301.68434252088406
301.7559991757451
301.8293556071221
301.904320537348
301.9805253513474
302.05734705385345
302.1345318811245
302.2121716661386
302.29028761542577
302.36856600772325
302.4465303449912
302.52394117639136
302.6008548205427
302.65289741586287
