-0.0029886989657864783
-0.0024333575372746208
6.269999678279692e-05
0.0016148403317842782
0.0020370038824734124
0.001602149117071126
0.002724609785500477
0.003652087241628748
0.003964202040388639
0.0035800524736172633
0.002736136092076681
0.0026569914779576266
0.0024789052642822103
0.00224073082611577
0.0019396876360748
0.0015277934907098525
0.0006679449858761768
-0.0002848935591419241
-0.0012686321378733232
-0.0022809731386919524
-0.0030448748057081833
-0.003509357981640397
-0.003798668736756153
-0.003875757223412868
-0.0037081071691049215
-0.0037317315290183724
-0.004148962207489701
-0.004541156450947014
-0.004865001289022031
-0.005152261193857197
-0.006014536832491145
-0.00742303323635799
-0.00897355811097866
-0.010528423911459556
-0.012084698711703163
-0.01430729874578334
-0.017109334511993972
-0.020862902281064882
-0.024670902370664737
-0.0289805571344062
-0.024596649664447936
-0.02346140360459007
-0.018343526172866085
-0.017774055895168835
-0.01780113605860082
-0.011743068494891038
-0.009845007320566913
-0.008032045035903672
-0.006225885472713112
-0.004440664417961607
-0.002703248556538447
-0.0009847057858962172
0.000687458466813646
0.0022741150407441964
0.0038054842327874226
0.005312155998905104
0.006732793680034245
0.008082897597190416
0.009342088677075531
0.010555327215777118
0.011794193018612916
0.012997299546888743
0.014151056148733998
0.015273236761461698
0.016322543742754412
0.017220355720150956
0.01799543482152216
0.01867006188482612
0.01924924639218859
0.01976936433078339
0.02025271356045948
0.02071958997698897
0.02114951026149883
0.01704615611043304
0.005613627603206348
0.0012020541540862216
-0.003542007388661307
-0.030604874708236696
-0.05951835675928296
-0.12838228976773447
-0.14251691837587493
-0.1226640437212931
-0.07992237830287192
-0.08294444352410797
-0.06631294225919747
-0.04024350428151051
-0.012129500359242892
0.01737997718906661
0.04809295674567098
0.06555458106501286
0.06928524720582538
0.0682449120784061
0.06298624154608805
0.05381820513209065
0.04271715232608073
0.029700867095438153
0.015528599787003338
0.0005788915527109622
-0.014822880503407887
-0.02487599957749381
-0.032115319509327715
-0.03842301242841502
-0.04384331678236301
-0.0483863775165031
-0.050495033843063065
-0.050997164189017334
-0.049884998459479885
-0.047159450772800586
-0.04296071613758933
-0.04016859813980312
-0.03662002231064935
-0.03188933088926113
-0.02608808594223481
-0.01957992315068236
-0.015012246181392077
-0.010643341252674007
-0.006546717116287324
-0.0027678326646803247
-0.00040236811847500775
0.03828449359131316
0.04617483536770067
0.052521590231022056
0.057503884025738236
0.06118951658989664
0.06364557985980919
0.06510148821632367
0.06535846112565419
0.06435462785769074
0.06218336179132078
0.058870614139538875
0.055157980567710894
0.05181140342886415
0.04874525422464518
0.04586397572596759
0.043092817048450985
0.0404256964871531
0.03773199146246905
0.03501159750208107
0.03225915719720122
0.029558274557444492
0.02717843747946786
0.02524573185009617
0.02373500783211988
0.022606372862913938
0.021790974137579983
0.020974604820945243
0.020144215410667764
0.019357691498822868
0.018680043118917567
0.017951846968606074
0.01690298340552314
0.015638739671721816
0.01429332300628613
0.01291689764635985
0.011467649764388821
0.009581716613816698
0.00726929972515701
0.003620368609924713
-0.0020808792687647074
-0.007604633146745857
-0.009109412213565824
-0.008678362826942648
-0.006220094377568929
-0.004329919173235439
-0.0016819507334690637
0.004204627839729481
0.009309972749517177
0.013837814855873477
0.017934622340643795
0.021732885759344723
0.02522347793931537
0.028444633935378754
0.031461081361921286
0.034283351611011856
0.03689783576740958
0.03930364761968875
0.04152291345196063
0.04360641180372822
0.04554753058750606
0.04742227021626484
0.04925013780398518
0.05101446125338794
0.05272307390489579
0.054341165905389975
0.05580131200103805
0.05712684078164724
0.0583339324195416
0.05943745841311246
0.0604346626453525
0.06139695378069013
0.062266857183520985
0.06305357459977388
0.06374096785179446
0.056566570375832945
0.04518658369569679
0.036798439945504205
0.02283982988485433
-0.0006167058260203865
-0.0447473318279878
-0.09200669161579549
-0.1042427492491463
-0.07606112432501241
-0.053158702983819174
-0.044165480626896396
-0.03541836268064971
-0.02631109143850375
-0.01723502764800629
-0.008104749022247577
-0.00030107369395702147
0.0029089704169654577
0.003089618438950277
0.0006126441923871481
-0.004650124565837173
-0.011436327659597675
-0.016981050427032407
-0.021706515972926575
-0.025831800552422624
-0.029468713168223058
-0.032889635303309454
-0.03687596020121394
-0.04135948003964934
-0.04590894825791756
-0.05031297585036333
-0.05404963607931493
-0.056392980878585554
-0.05713344572273425
-0.056252999263866836
-0.053855195398437986
-0.05012259428754895
-0.04452197530731111
-0.03711809170837458
-0.028110097460893976
-0.017712290941677887
-0.005668650756265587
0.006403606100551796
0.01784617304740364
0.028724714185812548
0.035832436211494324
-0.014906163675120057
-0.013039729640244389
-0.011162956393651696
-0.009303839461017493
-0.007462959521908396
-0.005704528247970041
-0.0041044841951395185
-0.0028248389623711416
-0.0018441279831374236
-0.001191559918222242
-0.0008365995736964797
-0.0006671931301513094
-0.0005257348103920326
-0.00044085807922848496
-0.00038222784959878635
-0.00033879902823758006
-0.00032205775548589205
-0.00026613550826751854
-0.00021888310350214152
-0.00015009892157079416
-3.524459166588454e-05
0.00017107175973058068
0.0005041423981984374
0.0009569168801737912
0.0015586137079558694
0.0022826803971653844
0.003062727034262061
0.0038488298675128435
0.004642877914642934
0.005447873807261911
0.006210606637781497
0.0069480492031414685
0.007677222839895497
0.008386599572007268
0.00903240169529533
0.009689791717096836
0.010459504832993316
0.01152120306369474
0.011366552023192797
0.009648499697513004
0.007443310424578499
0.005634085280127208
0.004225836719600775
0.0033597946164406157
0.002530060382068573
0.0021536548536962023
0.002901134629853235
0.003856415788200344
0.00498343682340818
0.006184579783663285
0.007480246794390392
0.008826411551688871
0.010233000395643115
0.01165929968908975
0.013122093314448052
0.014589083318426725
0.016036174399254113
0.0174885246191767
0.018904252221791124
0.020308327249139578
0.021696083892563608
0.023104258738102335
0.024512638174235747
0.025922357873242857
0.027333128705869673
0.028719972895276228
0.03009422526676889
0.03142769620758862
0.03270905262752479
0.03397827914274576
0.035241086026605924
0.03650968943843101
0.03775037800687475
0.038989561823833195
0.03813893181085388
0.037064405698653664
0.0358169324828517
0.033134783632909066
0.029062830557178482
0.022004864954329354
0.01419679397044272
0.011375003797339495
0.009621993677599553
0.00619631670821541
0.0018797107073763827
-0.0017556304953856572
-0.0044794188234789315
-0.00628597938390824
-0.007169613826469221
-0.007617152632815855
-0.009075880934755243
-0.01159592747877137
-0.015104987426877914
-0.01962538789892669
-0.024593123417367694
-0.028745371392042755
-0.032027096829881155
-0.034458822595289026
-0.036038703626451986
-0.03688568175626002
-0.037255209657169754
-0.03713916399824175
-0.03655258897501227
-0.03549280177212004
-0.034156013280585096
-0.03276650372254232
-0.031372212711537395
-0.029991978479949017
-0.028579318100845137
-0.027141712948848106
-0.025692444052932056
-0.02427794079720691
-0.022878116748823566
-0.021504229422950178
-0.0200782722094522
-0.01860746659515198
-0.017084976233375383
-0.015500153668735386
-0.014399753257370992
-0.01828382558861751
-0.019310066100282873
-0.020204103091047396
-0.020955295473868523
-0.021595460270738272
-0.022167376452617495
-0.022653392437561162
-0.02309435111439095
-0.023425420335919593
-0.02362035305001135
-0.0236984381222161
-0.023581799186991357
-0.02322332869156796
-0.0226560667328898
-0.02188859062314756
-0.020980783973361145
-0.019920494362427536
-0.018796608055961457
-0.017642009652867312
-0.01650188954232539
-0.01534302257779634
-0.01417037710050976
-0.012908606026315907
-0.011535250617398336
-0.010055195522535131
-0.008435697465164682
-0.00674311946845035
-0.005098856256943323
-0.00360088323179462
-0.0025262604576955275
-0.0019574980110179338
-0.0019573247094690567
-0.0025898280785161196
-0.003877282825647244
-0.005834729986254676
-0.008513740641816672
-0.012292173084751688
-0.01692040426094667
-0.022484147975109847
-0.029706350699289154
-0.038742983775340356
-0.04822283286403252
-0.05679562455897488
-0.06293777494595336
-0.06798349310193053
-0.07201704223649501
-0.07187593217357117
-0.06948161569997849
-0.0661719215967132
-0.06254432029183357
-0.05888039840810094
-0.055329646571335704
-0.051952072005822
-0.04875194584080021
-0.04574343429198665
-0.04292521294857291
-0.04027704033839802
-0.037802023800696145
-0.03545879230393866
-0.033248004941502915
-0.031145259367537006
-0.029125766986014146
-0.027146816217549687
-0.02520024754186539
-0.023300285295095594
-0.021425645688470708
-0.019523509917773286
-0.017600123110545304
-0.015644322957773165
-0.0136799564096338
-0.011676504300497062
-0.009675317888069544
-0.007664780462657716
-0.005649180561790616
-0.0056774885156642306
-0.009029727858223889
-0.014262090341269969
-0.020651292328001312
-0.029022327573064277
-0.03999363222489899
-0.053160316046859654
-0.06280160635472833
-0.06230684318345937
-0.05490081166027015
-0.04645000725396912
-0.039267296493752005
-0.03384986544185628
-0.029714621606416625
-0.026286971239637313
-0.023220011153187194
-0.020366638433171463
-0.017658718925758335
-0.015157248367561823
-0.012988589857663123
-0.011232452920242502
-0.009814485589244372
-0.008639908543905745
-0.007597027931197713
-0.006608915705014549
-0.005684125070008526
-0.004800161235002831
-0.0039576112399081435
-0.003251899409403911
-0.002687220825859799
-0.00228596373073027
-0.0022230232078909516
-0.00251559233634691
-0.00314291009060496
-0.00405388120425491
-0.0051415498380221
-0.006222766160198426
-0.00731365019592968
-0.008399719900826124
-0.009464473840662645
-0.010433408894447454
-0.011285448223236596
-0.012035929772012682
-0.012710163067616045
-0.013125544741082186
-0.030581644923195702
-0.032526171100126226
-0.034204259465721004
-0.036075120040339546
-0.038116642727165424
-0.040257123816012874
-0.042303167076526364
-0.04405053855967811
-0.04556345751395895
-0.04686814659546763
-0.048003214869396856
-0.04898435083887815
-0.049878999403024975
-0.05063030882682791
-0.051213648791781766
-0.05159370050246885
-0.05173567510765778
-0.051616242530260745
-0.051224755401363696
-0.050624822698300966
-0.049814421280144475
-0.048810672226772954
-0.047602077489316476
-0.04621299288664791
-0.044671369721072045
-0.04297374070592422
-0.04124883249645464
-0.039669543576851075
-0.038317276880831676
-0.0372725590876454
-0.03684748910412283
-0.03738247595700116
-0.0390483600131409
-0.04186940086484522
-0.045758037075403137
-0.050656382402215275
-0.056016249606960576
-0.05667809932770404
-0.05357696720856486
-0.04922056577207119
-0.04484412507035193
-0.0409016173628053
-0.037462672554733775
-0.034498032262539426
-0.03192505973982703
-0.029628278908049394
-0.027512158007756957
-0.025442473809466553
-0.0233019472973764
-0.021144575081560413
-0.018886030198958216
-0.016557580999817665
-0.014223019747137033
-0.011888270708709299
-0.009625888051326826
-0.0074455998036302064
-0.0053861280469181426
-0.0034743972246106696
-0.0016922709494784163
-5.0296572612238774e-05
0.0014461615771994847
0.002768302396073272
0.003974673701887171
0.005095144437911401
0.006119574614934526
0.007092226268978425
0.00805223683459775
0.009015345076952223
0.009978820432483021
0.010966213895566951
0.011964687935827995
0.01294640442046199
0.013966144934731084
0.014940475294944838
0.014778056216971284
0.012318646460306547
0.007797170761135611
0.0015561875725988274
-0.006689303383589186
-0.017128447723481016
-0.029370251719882196
-0.039433478672031466
-0.0419561711402347
-0.03725469375103003
-0.029264698746933826
-0.02093718054502187
-0.013855431573071763
-0.008343345554748693
-0.004272309525537364
-0.0012985532078648237
0.0009195606455275829
0.0025097665667072064
0.003544644375907705
0.004035164011464602
0.004047122063917974
0.003570410244724647
0.002701302994411509
0.0015953458501035006
0.00040538338078982306
-0.0007600972099523972
-0.0017896590823782694
-0.002712685395228202
-0.0035836305266419366
-0.0045294706788392616
-0.005645461594423601
-0.007019739017551919
-0.008666497242712741
-0.010616279413085596
-0.012828797432263846
-0.015334331660314119
-0.018079284961783907
-0.021004565783938306
-0.024052421472714466
-0.027168130069144637
-0.03027393027359524
-0.033283201905114454
-0.036224921168793
-0.03911305456809945
-0.04107941743820501
0.023443351771413743
0.022655831868802667
0.021759505863924014
0.02077586218012169
0.019731232044125562
0.018645446083005272
0.01751781206758371
0.016393270839381562
0.015271494361924424
0.014182872506273961
0.0131527015374533
0.012170915189423709
0.011253574337029856
0.01041255663039984
0.009680771524483087
0.00904587463286552
0.008519862384419917
0.008108371778696673
0.007822880937713439
0.00761346301328563
0.007516113053197467
0.007542127817835668
0.0076550020643340365
0.007874686065338577
0.008202514919637548
0.008629947869489195
0.00917632407052414
0.009829301355475701
0.010582119238347492
0.011369732735329869
0.012190867908792114
0.013009255933995382
0.01375718357531031
0.014429752380870168
0.014963005507965074
0.015381453565078043
0.015622867966188333
0.015696796098185778
0.015609657922475744
0.015410690180099922
0.015036768870642063
0.014441203566486318
0.01353065233648391
0.012333695355071261
0.01085281535009218
0.009177153656291811
0.007380746346822681
0.005645495587328111
0.004198868961230902
0.0030720982697291454
0.002268902273739754
0.0017528868781607914
0.0015023476337997345
0.0014379293501283366
0.001588519723625655
0.0018589884830566357
0.0022495060763890085
0.002753512764926931
0.0033322242266167123
0.004004025387713321
0.004744383908767605
0.005534942008187285
0.006389404981935277
0.007235898182220155
0.008141961462413557
0.009057188464509354
0.009969196716145696
0.010899944108124556
0.011854942915475784
0.012836729796303008
0.013824299321066102
0.014845193305011323
0.01590122941816791
0.016990208057768488
0.018128705604312862
0.019215341549718414
0.020125541667439916
0.020727411843619814
0.020896625759334264
0.02057593111134217
0.019672613677892484
0.01813478041846868
0.016160083750626362
0.014184119794033154
0.012488616386988196
0.011218571433818499
0.010374341643844072
0.009892763599542703
0.0097620263982014
0.009942783951779737
0.010361984295915732
0.011025945853086945
0.01184011765238187
0.01276988400830393
0.013754810588710132
0.014739706529363766
0.015721025565152143
0.016635083914171477
0.01750462484073027
0.018322446924723783
0.019065831899360168
0.019753567784346053
0.020382318047370663
0.020941572763876388
0.021437744467267383
0.0218520446325741
0.022204319411826087
0.02247716425835977
0.022672990040363956
0.022823734564632155
0.02288247974764111
0.02287005729173075
0.022786354966351847
0.022620751705256226
0.022390405513921
0.022073976608148915
0.021677785231495394
0.02118816002720954
0.020804998497691903
0.01993035081140656
0.02014517563775158
0.02038327215685187
0.020627115806142172
0.020888617930113755
0.021164762220839094
0.021432485321675125
0.021716407309682505
0.02197316124077117
0.022252702758944868
0.022504570814160053
0.02276862305892214
0.02303150115172466
0.023293064932952814
0.02355950935059466
0.023842120117996024
0.024120757224406333
0.024390876970725894
0.024682394189076796
0.0249549922124687
0.025237353317068046
0.025527952638769908
0.025815468502943372
0.02609394785767247
0.02635596704558149
0.026612701261228916
0.026825791450162124
0.02694034962324004
0.026890607615392362
0.02667655582377283
0.026301483893018396
0.025757165416091753
0.02509049988574024
0.024355171515067487
0.023572863496281737
0.022752128003779355
0.021954517562551467
0.021606554621240042
0.02144995459447224
0.021368291376405165
0.021291089424034355
0.021165765429139144
0.02100470224247372
0.020799603580528542
0.020552729076299864
0.0202600687678243
0.019965893331579856
0.019713495156082603
0.019456591974298647
0.01923177155573779
0.01902356516437372
0.01884282675658878
0.018654160945885106
0.018513608202838615
0.018356655767071527
0.01822971076608973
0.018102478789899738
0.017983605132026292
0.01788151446673178
0.01776496580829125
0.017666372861945254
0.017561765394344415
0.017479435141852878
0.0173800407970198
0.017310255840558366
0.017243157547421988
0.017171143457572965
0.017122156824476667
0.017076935736172222
0.017016700388774526
0.016995094042509682
0.016959508128046957
0.01695110592074582
0.01694485513386709
0.01690152206797988
0.016671131065533334
0.01628793993797309
0.01573011002949628
0.01500312476325002
0.014043018508780852
0.012838749725909114
0.011571613170427682
0.01062592563800782
0.010204069871042607
0.010139778158357813
0.010262825599956426
0.010403249316565517
0.010477026743138225
0.010467338519500692
0.01039903874403058
0.010286608736158586
0.010207088149491466
0.010170906118158235
0.010183868333823717
0.010268143633411171
0.010385398425429912
0.010564764470238706
0.0107674469243619
0.011031530666843594
0.011333049420689153
0.011691853767790627
0.012059096599134483
0.012455761695089168
0.012867707369096558
0.013297014605536029
0.013695511697905782
0.014112869247402767
0.014524889801026883
0.014917842999753649
0.01531406213642334
0.015713016350745727
0.0160711586605458
0.01645013506565095
0.01681417081110095
0.017172476273586815
0.017530618795074154
0.017860894482064228
0.018184627940384807
0.018387363372997522
0.013968423559792104
0.012682028290306794
0.01143974638308992
0.010283944259420252
0.00915274577572658
0.00810380288221731
0.007085725594260442
0.005977806014120284
0.004847077402951376
0.003646429118122635
0.0024344041530464646
0.0011671632824598566
-0.00011549756718876034
-0.001419678940178357
-0.002733487440031709
-0.004041338701800018
-0.0053176967445695035
-0.006542410032189099
-0.007721828025790531
-0.008887008313169848
-0.009969030291277478
-0.011015748265982107
-0.01200760181627891
-0.012939452912392988
-0.013832266843470255
-0.014685526983956056
-0.015496344748398205
-0.01629656555564108
-0.01706976950287047
-0.017786761106027327
-0.01844435304727083
-0.019073300877028836
-0.01969146990315276
-0.02031815045722692
-0.020903965471938298
-0.021514479653206756
-0.022064550159021746
-0.0224276632004117
-0.022767349647974156
-0.023090805060727058
-0.023421584635578554
-0.023734885382631566
-0.023997690252487672
-0.024220408273954486
-0.024367583320106474
-0.024460617512368894
-0.024497547649183705
-0.024463153086975505
-0.024280368810140812
-0.0239550353845965
-0.02345805225568938
-0.02280120873612636
-0.022026933346860674
-0.0211265148902951
-0.02012143689714438
-0.019031873123676858
-0.01783753128786026
-0.01659324031658445
-0.015267396154949835
-0.013876190767099804
-0.012429174175206514
-0.010933464319093198
-0.009391067514695945
-0.007823514780869822
-0.006207486968297069
-0.004561520839083384
-0.0028892120054081673
-0.0011641115494315402
0.0005761144926665972
0.0022646031845006717
0.003850962395792643
0.00535847115011244
0.0067678001713994355
0.008107530267971902
0.009381113479126721
0.010582333174572495
0.011720262342407849
0.012820214037273611
0.013887493235272226
0.014973563687150538
0.01604961602931188
0.01706037103416005
0.018028147368126742
0.01895537126739825
0.019818727131226333
0.020610753263128924
0.021325337759297677
0.021978297246545098
0.02257989517727936
0.023129776766720983
0.023595526168616182
0.024010284367089824
0.024336871722582566
0.024561401212237193
0.024680747696152392
0.024715568841745493
0.024622578722259616
0.024423454291300155
0.02408235017798071
0.023580530792836226
0.02288166125573283
0.0219864699584743
0.020937462464260738
0.019725592812512866
0.01838440697034934
0.016887772698389654
0.0152997375403105
0.013687102315269007
0.012012441690988411
0.01026146858673074
0.00847971819513718
0.006652875412202923
0.004801170861948746
0.002905592691047229
0.0010147813922797239
-0.0009015571067566707
-0.0027785521556319133
-0.004656005870665211
-0.00592574342173541
0.030556011769990656
0.03076401486441148
0.030963305779498327
0.03116218401164289
0.03135525706230288
0.0315609291534123
0.0317175918862881
0.03167151463037954
0.03148824389994749
0.031156457285444465
0.0307208775916627
0.030169404656143706
0.029540707198573626
0.028872798434631638
0.028144149027733316
0.027384491242633775
0.02659726683481645
0.025833560786088523
0.02507865009977563
0.02433546554706278
0.023642784232854347
0.02297666830584518
0.022351258495653933
0.021753708792720334
0.021180344427539726
0.020665579028209976
0.020175679372800372
0.019683112567818437
0.019206181332853258
0.01871269142211179
0.01821269324946036
0.01769237566976018
0.017097611418701038
0.016463792772421423
0.015738825264372022
0.01494970050605073
0.014145855436479374
0.01364376315129841
0.013138496633034418
0.012626993068723872
0.012035531957203168
0.011366691714526462
0.01069182728548873
0.010025014362705774
0.00936143031784562
0.008717868692107616
0.00809687130625887
0.007542121227040537
0.007029752334087403
0.0065893166279685856
0.006219576136277619
0.005940445816937295
0.00570498396442171
0.005527188449412589
0.00538910517714621
0.005300039300748019
0.005232051068992324
0.005207177868886183
0.0052036572181805634
0.005230933484877773
0.005279455926658389
0.005341609848329738
0.005453291525993545
0.005572271114140911
0.005735062064724056
0.005902715991878361
0.006095793389223675
0.006330108914133102
0.006581511882482242
0.006817553933967247
0.007045090984112789
0.007245816845938352
0.007408336482960124
0.007546362108031034
0.007677270648947292
0.007740827643913838
0.007764819474382469
0.007731637225097407
0.007597239696218299
0.007373085423968287
0.007021595481664429
0.0065179372751019045
0.005861742344429031
0.005141735075358552
0.0043513560593161065
0.0035084896258935514
0.002594602876093026
0.0016893043404746292
0.0007508453752358075
-0.0001978585833879949
-0.0011298831758122451
-0.002091229403661413
-0.0031051705660572666
-0.004137094782029387
-0.0052202040268567885
-0.006374463809134742
-0.007588943781065901
-0.008858130109293646
-0.01019678766076322
-0.011579195356941773
-0.012999613821407168
-0.014508407868949113
-0.015988539881521643
-0.017433541689766286
-0.018887286007268148
-0.020322063127000554
-0.021717512834498773
-0.02294522378370527
-0.02407671978911754
-0.025132183983628507
-0.02612028995078174
-0.02705037790045546
-0.027933356450317033
-0.028765746520442725
-0.029573502724820053
-0.030331719637032635
-0.031101896721151715
-0.03181769403024729
-0.03230967165406683
0.01574914854132621
0.018088907844710574
0.02035845672589504
0.022555332074677838
0.024693444051270413
0.026730366699522543
0.028681240045585123
0.030524429844856007
0.03223744446994676
0.033839822214765836
0.03529601599943406
0.03661620699666834
0.03777689765946056
0.03877182465074098
0.03963018263774173
0.040339247549897615
0.040900167168798275
0.04133745331270375
0.04161275314703395
0.041752788294426885
0.04175661607397892
0.04163212590931752
0.041355280992246855
0.04095719584171816
0.040442717704242355
0.039816103675280635
0.03908700249418876
0.038241136700574704
0.03731469125783292
0.036254120915551115
0.035100028086592926
0.033845004684828414
0.032497549566400545
0.031038902140942282
0.029488660857833655
0.027892505387402317
0.026232822809662406
0.02459705230498768
0.023018585271048175
0.02141247875705539
0.019738419638662307
0.017946457079418377
0.015988785229608664
0.013867473571694447
0.011609623520682328
0.009208787899209302
0.006710410697193591
0.0041417437642998125
0.001561264978830722
-0.0010128430335118446
-0.0035510584402448056
-0.006005837179444395
-0.008396826089416892
-0.010666881802702045
-0.01282751359950808
-0.014887825260644777
-0.016815137402683117
-0.018618485463452194
-0.020300966757989983
-0.02185062365557838
-0.02329373952227902
-0.024606716278333517
-0.025795250139732932
-0.026885704555452975
-0.027857981034885237
-0.028718686871285745
-0.029494630873838617
-0.030151190085936575
-0.030718053341844114
-0.03118492503455135
-0.03156721650803882
-0.031856157932893946
-0.03205826077000361
-0.032179255767994006
-0.03223718277960133
-0.032191941527462554
-0.03212056850163907
-0.03197831242245639
-0.03181867012069327
-0.031644006825242446
-0.03145901230684374
-0.03127855390358961
-0.031120359820042482
-0.030961713698206036
-0.030788271982380853
-0.030618328948984714
-0.030403368153678556
-0.030185293141823704
-0.029920629646934347
-0.029629076434570564
-0.029316560514562242
-0.02897248403617671
-0.028612538691693754
-0.028204718612568166
-0.02777029599485296
-0.02730933920836909
-0.02678088986744478
-0.026199916061031184
-0.025562020072738882
-0.0248666821972413
-0.024085231665103356
-0.023241481137680712
-0.02232107724014836
-0.021322392033235618
-0.020249378978144942
-0.01911236939685879
-0.01788325918262536
-0.016591230725046247
-0.015230596037830382
-0.01379749946929519
-0.012298836140182645
-0.010745099234281772
-0.009133406406533328
-0.007481456605279476
-0.005796291357707226
-0.004085058921383275
-0.002359586247308071
-0.0006360518407425502
0.0005409623295938831
0.020058618282922498
0.022361195396690875
0.02462890044257022
0.026864698445003395
0.02905504628097666
0.031188201219721295
0.03321008753869518
0.0351765053867181
0.03698403151301031
0.03868141560719312
0.04022571427672924
0.04160496078023954
0.0428150512280722
0.04386645514472453
0.04473673387580558
0.04545581989142732
0.04596954902790587
0.04634504720340411
0.046545436057965114
0.04656917113415461
0.04641945448243309
0.04608543157525647
0.04556352796599551
0.04487434345948234
0.044009815495328564
0.04298433230235448
0.041816289365778435
0.040456728562356284
0.03896458766645405
0.03729489606408774
0.035486607709719606
0.0335513570205428
0.03149812292503499
0.029366983218705945
0.02716218800434983
0.024907636081241823
0.02260339101176237
0.020373740628751507
0.01819721222844541
0.016035294862065726
0.013802948864579041
0.011452445453809714
0.008979918752148082
0.006407494270048819
0.0037549963438139734
0.001072449188649905
-0.0016382004043590532
-0.004328650486826903
-0.0069547937337350665
-0.009489305715557467
-0.011917745196736723
-0.0142139773971746
-0.016359032282917664
-0.018364051125682034
-0.02021868662665857
-0.021921206888057713
-0.02348614801908135
-0.024877121634496752
-0.026123102517553336
-0.027210966231674603
-0.028165155770739626
-0.029012017302843147
-0.02970692426662378
-0.030292423113540263
-0.03077974119699515
-0.03115206989242843
-0.0314246517647588
-0.03161712861200919
-0.03170783386683887
-0.03170587568341551
-0.031651565779975105
-0.031484650940226636
-0.031296691006150526
-0.031019966618971415
-0.030697494700906047
-0.030300354651095013
-0.029880546573426283
-0.029404288712634095
-0.02889896632294192
-0.028352986851149353
-0.027812888151880474
-0.0272522561736841
-0.02667777931275892
-0.0261167926434746
-0.025571436239328352
-0.025028436108150955
-0.024521275122879202
-0.024031830604954264
-0.023592880640061563
-0.023214460620818684
-0.022893648623684183
-0.02262935034095138
-0.022384844097305248
-0.02219178109196869
-0.021994367194054933
-0.021786369140844045
-0.021532893755050863
-0.021222380211220908
-0.02083746666809301
-0.020331558071891857
-0.019747067255993227
-0.01903792516931994
-0.018216483729578136
-0.017280847888033576
-0.016245180774331902
-0.015106414842272823
-0.013897877956906337
-0.012593575024945465
-0.011244582341246138
-0.00982477680679125
-0.00833534589852052
-0.006821110902415861
-0.0052459259145363
-0.003611540469076965
-0.0019356034126955819
-0.00022311448457317795
0.0015318997450341348
0.0033252219133557454
0.004544973193568135
0.019672351739972282
0.0207440666776473
0.021733972491921563
0.022664170028454236
0.023532187478785094
0.024332552202019526
0.02505342725939333
0.025734059023709708
0.02630830037390418
0.026841793757387277
0.02728037782466556
0.027659280914098503
0.027940437128834466
0.02813367047784336
0.028273327630778177
0.028335588867743202
0.028310341103943173
0.02824520718184557
0.02807651929280918
0.02784783431011941
0.027529377727489417
0.0271274261650943
0.02665099323236846
0.026078845262084063
0.025464135637333775
0.024774289897721027
0.02404206021432182
0.023258836671535114
0.022394344264368524
0.021466555596480204
0.020462224416437597
0.019422599165092078
0.018291893935392604
0.01711125477697596
0.01587710865953246
0.01462125247359075
0.013358167282909197
0.012137821523429532
0.01100077707018585
0.009867217778088962
0.008621531010283161
0.007190034323534417
0.0055643905558289295
0.003712440669900465
0.0017142950160907008
-0.0004352776779969348
-0.0026794791028674062
-0.004945685281034488
-0.007207019890008425
-0.009383606120180387
-0.011474361448430517
-0.013408853647171615
-0.01522401653209295
-0.016867666956301933
-0.018361427732897152
-0.01967994256029335
-0.020852170308593595
-0.021861671494770703
-0.022716824695720925
-0.023416628701457592
-0.023999721698149384
-0.024420886133691228
-0.024735586202903656
-0.02493569527437395
-0.025008599245328132
-0.024994477587437038
-0.024851754615731792
-0.024639894702033198
-0.024333281709315875
-0.023948266651286347
-0.023492361444681056
-0.022970287210027866
-0.022353613902832217
-0.021690830396139612
-0.02095442742998761
-0.020161339870257956
-0.01933652332991884
-0.018492322959898597
-0.017639804061950835
-0.016794545065250095
-0.015963907553159393
-0.01517422405510766
-0.014424819806469445
-0.013700830422595362
-0.013004991752801212
-0.012320543563933938
-0.011651795729048026
-0.01100893771673548
-0.010356070410220202
-0.009703509642716714
-0.009098648182054837
-0.008475549418869742
-0.007850620521404108
-0.0072238998407690444
-0.006617002506180948
-0.005964969247032981
-0.0053113444097308135
-0.004627040735349944
-0.003906129932802274
-0.003165478050515034
-0.002363282433481985
-0.0015246002718904477
-0.0006605569507960715
0.00023642529005748233
0.0011358443486599648
0.0020943392230775015
0.0030718813952290854
0.004038078784199624
0.005029921313861652
0.006013380686090317
0.006989886700861854
0.007947905436127828
0.008884831993085655
0.009795861821407445
0.010682028477326735
0.011527803710618118
0.01232745157530485
0.013111737464314556
0.013604243003371866
0.003115414073492997
0.004605845489991074
0.0061538832915102246
0.007689315725150163
0.009266847946461612
0.010822984921690747
0.012361596722947147
0.013903800095010573
0.015380269552065777
0.016812485734750998
0.018165288669302067
0.019431416774519674
0.020620157376400418
0.021713355144026995
0.02267258895240533
0.02355352301927621
0.024310740257643428
0.02496261160398877
0.025526942900890814
0.025960805388884275
0.026286670572763172
0.026499717962262165
0.026586341288368422
0.02658866802267879
0.026454404053387275
0.026243785890071238
0.02593255660226895
0.02554428086038876
0.02503921925504078
0.024464356402741208
0.02379509254699299
0.023034942983723286
0.022203526615437032
0.021278836065208563
0.020306008881284913
0.019273156116180596
0.01817919752063744
0.017118108720115818
0.016094843910905827
0.015069916158532643
0.014003273373766499
0.012832337946154435
0.01154002507260715
0.0101359132765304
0.008625349451904827
0.007017829111748615
0.00535705762095854
0.003638151541089863
0.0019194155553322852
0.00023078008983717894
-0.001427018447369453
-0.003011078424312929
-0.004518664732028275
-0.0059459652649327096
-0.0072934196044476185
-0.008550342626326054
-0.009713629227024893
-0.010780154925219344
-0.011746756420926856
-0.012649728007577651
-0.013437408916647443
-0.01415710687414746
-0.014792666340631476
-0.015349455932093107
-0.01584352235691271
-0.016266187344807
-0.016609018164760164
-0.016909984403581428
-0.017133068786191964
-0.01731949790103626
-0.017434116836726462
-0.017499250492960403
-0.017520963331567295
-0.017496845482007282
-0.0174209615462996
-0.017299782464890782
-0.017151646998757902
-0.01697744214691265
-0.01675543714587407
-0.016531396103662756
-0.016287827841327936
-0.01605924986165733
-0.015796128352967523
-0.015556985051155329
-0.015334532284833743
-0.015129806138081247
-0.014943902324387331
-0.01477271278699023
-0.014621265770989206
-0.01453659695358746
-0.014479762670345852
-0.014464515967919674
-0.014487182441234177
-0.014531092734741013
-0.014578060261910587
-0.01462250755777234
-0.014629437835024975
-0.014604863874152026
-0.014541795612340824
-0.014427245741568102
-0.014240660077358221
-0.013989751794130907
-0.01368929764314123
-0.013315927272291982
-0.012903508496543337
-0.01241479795765235
-0.011885702724263305
-0.01130840923195855
-0.010690120440720806
-0.010029930241465571
-0.009326934485463349
-0.008576816958870904
-0.007776566544892009
-0.006917860955533718
-0.006020677127497699
-0.005064146116247263
-0.004040523727618459
-0.0029631022924703296
-0.0022052803965362093
0.009278264702665209
0.00860663508543317
0.008012285394984211
0.007472899069825417
0.00694643572308668
0.006421625726994797
0.00591724163560503
0.005373517897408361
0.004827101358175885
0.0042581352103574065
0.0036944568451931685
0.0032016856941236593
0.002916804979058359
0.0027742616831043384
0.0027942175540367395
0.002900203409776464
0.0030648464511415187
0.003215799347388807
0.003382381823353178
0.003550371870817817
0.0037065251864085735
0.0038271747401077477
0.003868136241942292
0.003816539476486198
0.003654762955226262
0.003417359841639653
0.0031486118205947076
0.0028062866667164115
0.0023619447961932775
0.0017442308698591626
0.0008889873371987154
-0.00018642719436518483
-0.0014653224564071957
-0.002866286021905382
-0.004393496743684685
-0.005977196574561098
-0.007642438753747455
-0.008863972470344764
-0.009484319173205196
-0.009736169153619797
-0.009745940061524504
-0.009698613651313416
-0.009679071338110716
-0.009779485811759508
-0.009983784386588007
-0.010280532219806194
-0.010645770969806782
-0.010983182107134488
-0.011258241881001768
-0.011396132299524173
-0.011387272703704725
-0.011214913849697932
-0.010909663238531006
-0.010490677552018051
-0.009995669348667337
-0.009444782980694712
-0.0088783707609584
-0.00828194392838174
-0.007652604054553129
-0.007000307186782262
-0.0062862171699783675
-0.005531395579260726
-0.0047314751930646205
-0.0039001518684349365
-0.0030431950540600046
-0.002139716188432267
-0.0012276243465103446
-0.0002552018639280637
0.0007384991417511593
0.0017796828500157608
0.002854328131034913
0.003931533333351131
0.00504878010346342
0.006177321839313825
0.007302985074882095
0.008368741140161258
0.009233728482862925
0.009740220765602313
0.009847499223793871
0.009450021801608328
0.008533837005173017
0.007123625274554791
0.005578776136528365
0.0037115798941675404
0.0008324442862486479
-0.0030266845302145047
-0.006885278763151939
-0.009975734788523498
-0.011959655628626205
-0.012925608258792591
-0.01286980703870158
-0.011891202760155806
-0.010330440269887001
-0.00845280846740295
-0.006349496295183507
-0.004174186130612892
-0.0020360907490225297
0.00010572610501234505
0.0023101420387659924
0.004579398985150044
0.0069797936914996654
0.009382636943363616
0.011684080485477092
0.013753774709216298
0.015574473995644711
0.016991613496590993
0.0180422514142551
0.0187705187842736
0.01918518434131621
0.019359769971859283
0.019369432391269134
0.019239237944856696
0.01900255222255322
0.018685642011313893
0.018300778112667473
0.017897497382428636
0.017495390956874825
0.017068882074642647
0.0167998442477062
