0.0029307791413692484
0.00396264132563819
0.004808629404716978
0.005573421650044537
0.006271304511722048
0.006882559480798158
0.007147493277614705
0.007264198573683959
0.007285228287218915
0.007219374826862219
0.0071042805290664505
0.007028349698575429
0.006922140398068644
0.006789290215581108
0.006633602950478008
0.006422978176010998
0.006109628984404414
0.005760608799401087
0.005377939090839275
0.004963091781326392
0.004533140362440671
0.004109298001946683
0.0036755039309240172
0.0032277952748385325
0.002767773937196419
0.002339092571857238
0.0019738137341669447
0.0016083252850182612
0.001238614052922675
0.0008615144787401231
0.0005853739386759274
0.0005091224217142453
0.0004691442870774932
0.0004408842657065362
0.00041742703397151413
0.0004570326242840742
0.0005718807008465331
0.0007133261489380706
0.0008848994247443856
0.0010835358774576663
-0.00022321576421698684
-0.0010606692737758177
-0.0012791600379443756
-0.0015915751840018463
-0.0018967950342227832
-0.003043592352369005
-0.0036990095964623848
-0.004386889400195907
-0.00511136578454192
-0.0058702682177264745
-0.006650607484202744
-0.0074595814439942145
-0.00829779702884251
-0.009164247317862036
-0.0100613137761908
-0.01098699114963797
-0.01193672035944854
-0.012911262244326737
-0.013907864820185325
-0.014928740369635497
-0.01598864860857684
-0.017070749329203643
-0.018173663027270505
-0.019296717298353017
-0.02043839854852758
-0.021604223836844755
-0.022784466458577558
-0.023981845515557446
-0.025194884919625453
-0.026414656211173154
-0.027625883926948352
-0.02883754988983808
-0.03004480942180556
-0.03066885408448124
-0.030350069414401073
-0.030947880023159135
-0.031498137221445066
-0.03279041738591291
-0.03091463573324481
-0.0222532861997448
-0.02073017776845883
-0.01844052538787655
-0.01664663870161189
-0.01537195739150008
-0.015093140915007755
-0.016131147612860074
-0.017520179348287934
-0.019172110518584487
-0.021060206973035074
-0.021993013740398606
-0.021941302686303045
-0.021837655612273094
-0.021750877056194197
-0.02170011581803862
-0.02144844266140371
-0.020980395759194553
-0.020431622178021486
-0.01980571230412076
-0.019104317557446533
-0.01876805458503468
-0.01853081622775144
-0.018235647375876657
-0.017883521301674705
-0.017481836878726602
-0.016791713146288877
-0.01595797223727238
-0.015039721456872384
-0.014042406916519388
-0.012947741447910556
-0.011428540310878069
-0.009835235162369562
-0.008172781490029023
-0.006431467750643397
-0.004624609453035472
-0.0029950934342029777
-0.0014152419802585007
0.00015147093738757252
0.0017229916326891605
0.0027937774775792516
-0.0005601965318805048
0.0008007776616891805
0.0019446091135180892
0.0029460263917664895
0.0038502056266145335
0.004676218215512649
0.005395135018821012
0.005963127563153641
0.006401182397200632
0.006728175621795182
0.006956724011897238
0.007132763007895847
0.007290923171495246
0.007431928909321566
0.00755190960399766
0.007646959701840684
0.0077133247721690185
0.007744443198066919
0.0077399865080381965
0.007701969202748413
0.007630543035410008
0.007554599462267467
0.007478720993769589
0.007397271972091587
0.007304570965194892
0.007199974748758146
0.00710061267813771
0.007009603764636094
0.006922168429922495
0.006826745250346803
0.006731677758511455
0.006683369414230054
0.006682566172330515
0.006719077923738346
0.006783295363117027
0.006879779390472256
0.007031129917299453
0.007242599491756575
0.007485780403951916
0.007762885210387584
0.007835909076374247
0.0071084303827536
0.006395502929558953
0.0058288322200951955
0.005308434241021845
0.004608132110098439
0.003412110751321983
0.00225769412738618
0.0011280943927051662
3.4568139114885265e-06
-0.0011173074437172987
-0.00223571500041306
-0.003365082775541162
-0.004507988651505147
-0.005664550326645995
-0.006842911123785772
-0.00804525249483156
-0.009271727417452963
-0.010517180900459371
-0.0117798006277802
-0.013048215889800761
-0.014327217710277972
-0.015614731822300266
-0.016916468454720678
-0.018229678890117305
-0.019564468452459467
-0.020914575665942053
-0.022272308870270048
-0.02363736191842198
-0.02500223163474654
-0.02634492711223969
-0.02765684516005214
-0.02893733743860654
-0.03019349710418956
-0.030422965606905716
-0.030099119283781093
-0.030147665679030603
-0.030561812278416933
-0.031262872906696874
-0.028276212239528455
-0.02417060340274395
-0.020920958243953142
-0.017556499060661764
-0.01505168449575494
-0.013453405469603831
-0.012372964816235755
-0.011734370536424094
-0.011464436222840617
-0.011511321931100963
-0.011907309881211608
-0.012859301631637982
-0.014200389067546558
-0.0158016849415822
-0.017603083396517703
-0.019356151995287414
-0.020504944467505722
-0.02116182101272872
-0.021476629858416807
-0.021541253039430445
-0.021458949540444784
-0.021323566452306007
-0.02109505115315975
-0.020763052514543814
-0.020332530922881863
-0.019755432662794625
-0.018975935949272132
-0.018044314724572998
-0.016991954041895463
-0.015837548676589572
-0.014518193408592462
-0.013016407842415187
-0.011398046054679648
-0.00970574744182078
-0.007947323029124827
-0.006272236477043318
-0.00469725838249897
-0.003164405459530894
-0.0016591996905342878
-0.0006466924893192654
0.009244748139944558
0.009676414473033587
0.010102794631119913
0.010525807128999887
0.010942986155803261
0.01135487005848746
0.011759347004201956
0.012152390712583089
0.012535255437351282
0.012904627428240742
0.013260450643441717
0.013600963205986713
0.013928625090573491
0.014236277675292817
0.014529005346184894
0.014803542760981735
0.01506207625603986
0.0153041615807731
0.015533259999650852
0.01574855688846706
0.015950323688008586
0.01614174307045767
0.01632915664394874
0.01650452056736474
0.01667068364247164
0.01682951727244946
0.01697770427868093
0.017114769575587833
0.017244764607180087
0.01736572572804724
0.01747773270122386
0.01758521902677103
0.01769194280222803
0.017798233799833828
0.01790644280123802
0.018014098201089703
0.01812797735525769
0.01826783058225161
0.018393041944339338
0.018515116864135303
0.018602661324910976
0.018532102209769863
0.0184309043893333
0.01832534680595867
0.01820079385955342
0.01800562126637339
0.017649281905113817
0.017250629801724454
0.0168158476322632
0.016351860203639164
0.01586406720393506
0.015352455599967691
0.014820407531973117
0.014269043467330352
0.013701986318693958
0.013118979068176112
0.012520757653326898
0.0119098508113931
0.011287369373754977
0.010653776666592356
0.01000866074399314
0.009354843228905292
0.008688741430783934
0.00801452160640639
0.0073318468549570005
0.006637701017758376
0.005936175169563375
0.005222410330169427
0.0045007371408736655
0.0037716907152304247
0.003028992741015964
0.002280670574549153
0.0015249017793603462
0.0007626908341031284
0.0002578171052976111
-0.00022077124725234588
-0.0006871634123619432
-0.0011825448079356116
-0.00169761073500559
-0.0017628119692992938
-0.0017207258509907434
-0.0016449132113852379
-0.0014870189144636284
-0.0013271944179977211
-0.001165505724569536
-0.0009920555113216451
-0.0007985959426247084
-0.0005875101171038976
-0.0003591941286132334
-0.00011906347619090589
0.00011644326306220953
0.0003489569588984231
0.0005763234121401359
0.0007970308553271848
0.0010157900769743248
0.0012473665366965984
0.0014933885788753483
0.0017533554401094153
0.002028199324208861
0.002317962476488922
0.002622262566940552
0.00293763892018281
0.003266795389884596
0.003611259856901292
0.003967947455808716
0.004327292427384457
0.004691885757023477
0.005061208773431551
0.0054344248030736095
0.005814544579613959
0.006195144796877072
0.006579476378312596
0.006964477278755778
0.007350373270327954
0.007744157929435969
0.00813954296690169
0.008537891834325474
0.008943217515636682
0.009218944703234568
0.009646057565728637
0.010187735382805128
0.010732424496140657
0.011258508447565537
0.011763097985238072
0.012253598594097742
0.012737946031768966
0.013227226259668497
0.013720826586818675
0.014218566478053746
0.014714926963282577
0.015197945403917765
0.0156570743724607
0.016089649972046812
0.016498656573839574
0.01688297902991208
0.017236596621679603
0.0175549823612603
0.017840167673827314
0.018088815096291
0.018311101098274826
0.018505230986241003
0.018672443446909378
0.018809933801269503
0.018913787677532767
0.01897774094348456
0.018996774356106954
0.01895860285351734
0.018856772225301504
0.01868096829168001
0.018434727116983515
0.0181068608271172
0.017704135765871418
0.017237849547178
0.016719636855956888
0.016168760683282102
0.01562855923555333
0.015184575282958409
0.014890419764528018
0.014759323870048446
0.014778224665705718
0.014720831851710562
0.014547229018481904
0.01437685310641284
0.01420983929072913
0.013952224440425227
0.013158518104199587
0.012061606177369504
0.01082137976357727
0.009515029905621966
0.008183804962888258
0.006858120572585338
0.005548005631790602
0.004263544646351987
0.00300165622170912
0.0017619155695917153
0.000552551056047632
-0.0006269921847568633
-0.0017734630690110277
-0.00289027187451045
-0.00397598778529007
-0.00501957711546809
-0.006023809343558681
-0.006983684285603761
-0.007906185181962682
-0.00878169348794072
-0.009605208620339
-0.010374301815502491
-0.011090747456223364
-0.011753605567350169
-0.012365844541891921
-0.012923839408284496
-0.013429893927786997
-0.013878259595129947
-0.014018659278716759
-0.013672367354116866
-0.013020562305107026
-0.012260739594720996
-0.01155154136505583
-0.01067123167138999
-0.009479248511382819
-0.008118351763463023
-0.006555440848233877
-0.005065550328943931
-0.0038364790956540887
-0.0028882933016257783
-0.002179809163974057
-0.0016483226870887871
-0.0012478874217872404
-0.0009452949063466421
-0.0006808789583136484
-0.0004235806868722999
-0.00014891532043773245
0.0001430387013468692
0.0004587810615511287
0.0007937584412515433
0.0011423257176096902
0.0015057633785610567
0.0018753611081495406
0.0022511379210050572
0.0026357681886990656
0.0030285535864479924
0.003436898350168654
0.003858460815284553
0.004292788119886512
0.004725935661002179
0.005155569007758266
0.005584985658853416
0.00601162293046686
0.006442929464361785
0.006882377826368991
0.007325511051431754
0.007776192009509891
0.008230357601975425
0.008677216910391064
0.009112665580497361
0.009536441051099943
0.009953645807953293
0.010236316545693269
0.031694365008450597
0.03203849704565426
0.032375338158101
0.032701443435020544
0.0330189425191628
0.03332870487410281
0.03361751320433787
0.033873157987580185
0.03409788131438075
0.03429496187015834
0.034464959802151744
0.03462824581977072
0.034789047697828146
0.034953981529348296
0.03511784537207673
0.03527993740517082
0.03543247827513648
0.035566735541660094
0.03567970892309184
0.035774937887452875
0.035853878636443355
0.03591373100767701
0.03596106850775458
0.035995603761280005
0.03601626452509609
0.03602472036078385
0.036006129656467406
0.03594809402169129
0.03584340721895051
0.03569226226631725
0.035482492868756633
0.03520827194702614
0.03486511519343114
0.03445028346833204
0.03396712791538273
0.03341935571670056
0.03284635431039827
0.032493107215315876
0.03233036971740765
0.0322675088619191
0.03225785657994321
0.03227890246399755
0.032293723808326597
0.032282357841099396
0.032233640780838006
0.03214205119954481
0.03200061759727768
0.031795945015249905
0.03152021472196037
0.031173173815663913
0.030757779300758042
0.030277157068616115
0.029740859009515036
0.029155223282166205
0.028528087756006473
0.027872040027619213
0.02718843709560159
0.02648945330230485
0.025781413478322888
0.02506308666522182
0.024341042589266414
0.023621857791398713
0.02291531319091029
0.022219503686594474
0.021542444807426887
0.020877734752005703
0.020230061065799033
0.019604411420552092
0.019001391620375792
0.018421527947869446
0.017867865218266388
0.01733830865974896
0.016834903778542187
0.016352894462608163
0.01604580425133475
0.016059261367829696
0.016369751139040656
0.016883116922210353
0.017459194978903688
0.018172798210301013
0.019091817710662543
0.020138602837953073
0.021331729112799236
0.022507549117203866
0.023500827375235015
0.024247547540470038
0.024751520860146523
0.02504589460316448
0.025169882471849578
0.02515056901684909
0.025053857176302926
0.024926873449283276
0.024803081141837692
0.02469742854456972
0.0246222037322186
0.024580571693479533
0.024577489800721785
0.024618022675391683
0.024704546676113735
0.024839570077178887
0.025019826547307198
0.02524180588652917
0.02549905739138639
0.02578786118138892
0.02609638190650958
0.026423488695677642
0.0267653893893792
0.02711420225516343
0.02746864200698813
0.027823363035548866
0.028164421820788908
0.02848445015364359
0.028773319056054243
0.02903254855204858
0.029257093073547343
0.029444609312450465
0.02958799720779171
0.029696342333530957
0.029753838295811557
-0.0006892049422559692
-0.00021781664337245583
0.00025692042306970546
0.0007351735893941684
0.0012128759832388798
0.001690170128798893
0.002168443992705924
0.002642155218225404
0.0031139086137887237
0.003583111862615088
0.0040487998802350164
0.004511594841202545
0.0049717920554838355
0.005424622021353027
0.0058687703787674
0.006303327471575009
0.006725124238233749
0.007134753379094189
0.007528356041832759
0.00790600763864193
0.008268018319817532
0.008611113130308315
0.00893448368093191
0.009237211540111416
0.009518807698179402
0.009776382958525833
0.010008111011973788
0.010214675143784756
0.010391627709690272
0.01053110099074483
0.010631526917273848
0.010689461277932242
0.010698560287345423
0.010664843218614597
0.010592731078212438
0.010484464594630798
0.010343114211985801
0.01018001938589638
0.010000311823391233
0.009816004447157469
0.009638444244189102
0.009478446296686541
0.009336063203914918
0.00921318853052573
0.009106857943720091
0.009018266130603352
0.008937390543087766
0.00883599657076412
0.008694525508619884
0.008500805545256876
0.008252179392255862
0.00795553194199388
0.007613124773253303
0.007230472902033369
0.006813483924744215
0.006364792163969116
0.0058907671024376615
0.005392198410967759
0.004871774933828918
0.004335009843836163
0.003783441159853892
0.003217991947931138
0.0026400030953222815
0.0020533831222680973
0.0014573397489318245
0.0008511704658818893
0.00023933915738988035
-0.00037345735907937214
-0.0009862824492982735
-0.001600475429312367
-0.002209996284432281
-0.0028156757887742565
-0.003416261596700854
-0.004005208892149849
-0.004584037593325691
-0.0051401814017486966
-0.005656005442719691
-0.006112498827852588
-0.006503989583870543
-0.006835917441746919
-0.00710662611307442
-0.007305037327690112
-0.007430319034835032
-0.007475373413657356
-0.007453904853943939
-0.007383410188339488
-0.007282288759122821
-0.007165095137100322
-0.007047439574273561
-0.006935211832588109
-0.006837942296686185
-0.006754391124680913
-0.006680220758381386
-0.006613870193641211
-0.006544993749923976
-0.006468495238570518
-0.006379755494314386
-0.006274564367809856
-0.006149644875391523
-0.0060043403891986025
-0.005837041995361894
-0.005645715384258748
-0.005431629037713689
-0.005196473888268345
-0.004937031300899485
-0.004656326350796181
-0.004351856971259107
-0.004028050010918077
-0.0036871131276240182
-0.003328826715198771
-0.0029541505048643014
-0.0025682636334105062
-0.0021684146318009124
-0.0017591203982968652
-0.001337863827319502
-0.0009113815573449618
-0.0004775282546985127
-3.82724679153686e-05
0.00026161678038667883
0.017361322393975764
0.01745532103758073
0.017550765418884152
0.01764803331903206
0.017744396170469797
0.01784212029929733
0.017941817459908586
0.01804022684691215
0.018139682404585952
0.018239355404248116
0.018339726794173467
0.018442054255821023
0.01854240120670841
0.018645924155698282
0.018747597394693897
0.018851390705563676
0.018954223206033474
0.019057937359047355
0.01915962725373714
0.019259641937191083
0.019358967576265616
0.019453770456783863
0.019548917263558827
0.019640079061406805
0.01972964330456641
0.01981333301708004
0.019890549388563255
0.01995994927081027
0.020020159601477468
0.02006501417439088
0.020095508954949822
0.020115786909281695
0.0201232697011764
0.020122978237022717
0.020115469350012002
0.02010045601613933
0.02008271885636801
0.02008022689095876
0.020087189302765346
0.020098016773315637
0.020112752597246618
0.020125528913236327
0.020136443592218948
0.020145307277967258
0.02015006486872584
0.020151667608482488
0.020146980070418045
0.02013210043687984
0.02010549755768187
0.02007178597170053
0.02002489929474445
0.019973229311197282
0.019908064304607394
0.019837015384707186
0.019753889611166368
0.019662128142911336
0.019561179923284485
0.01945311325102743
0.019337039537321608
0.019210602001860023
0.01908047901896652
0.018941359107116525
0.018799835015290544
0.018651283847931275
0.01850211083295718
0.018347803143490094
0.0181929877858564
0.018037210511946688
0.017878377482037265
0.017718373474893977
0.01756046318687324
0.01740058844436511
0.01724223651702477
0.017084030749134206
0.016937964582605904
0.016811538156344216
0.016711916003583037
0.01663467531304742
0.016563648969694904
0.01650620072183901
0.016469491738992845
0.016459441384856117
0.016472868079114515
0.016509300139573885
0.016553335665167694
0.016596937673497146
0.01662764003835583
0.016648182857702695
0.016657507536969676
0.016652027834238328
0.01664431958315437
0.01663266686460159
0.01662572160754715
0.016625035600276502
0.01662663049800073
0.01663621157352735
0.016653601375384765
0.01667545929118443
0.01670634069034715
0.016746153589171156
0.016788646270607898
0.016838969428104335
0.016893160829317785
0.016950566501412218
0.017012034545652945
0.017077075395152866
0.01714536431799962
0.01721488416842832
0.017286103788776687
0.017361760197476803
0.017436495216870622
0.017513698499247693
0.017590166524288003
0.01766825850598601
0.017749770233077767
0.017829237262235953
0.017909750781281025
0.017990317973003173
0.018045476930015507
-0.03418379459328619
-0.03370936112370494
-0.03323911672540436
-0.03277367207728564
-0.03231116846629484
-0.0318521649623262
-0.031397929656216586
-0.030954478974910212
-0.030524326956320423
-0.030101027488797016
-0.02968878865452541
-0.029287088583983913
-0.028899797454305043
-0.028527651104963418
-0.028170543342900135
-0.02783032343275616
-0.027505707876193178
-0.02719985813297772
-0.02691160664678385
-0.02664266082714957
-0.02639066069892826
-0.026160804461440295
-0.025952833626213968
-0.02576754095345451
-0.025608160205807192
-0.025474906618069174
-0.02536317376448403
-0.02527800070328068
-0.025219773132329454
-0.025187532944605292
-0.025179986756971823
-0.025194774751563846
-0.025227047673499602
-0.025276283882571346
-0.02533726237745736
-0.02541193595649335
-0.025496235814004575
-0.025587468654341274
-0.02568789132304434
-0.02579395467726406
-0.025906792725534672
-0.02603009610220741
-0.026166199449816668
-0.02631396265886132
-0.026471533525801012
-0.026637618607548087
-0.02681360327087294
-0.02700074048510744
-0.027194780739926698
-0.027391430143578054
-0.027590449983279867
-0.02779231748460883
-0.027995532369066465
-0.02819790600962062
-0.028403731986665567
-0.028609390685138646
-0.028818423207865727
-0.029026674037700075
-0.029237251827015538
-0.029448036889866382
-0.029660685019531518
-0.029873256445702667
-0.03008828031050174
-0.030301860083827063
-0.03051791556324921
-0.030734527467024642
-0.030950793297776974
-0.031170883684776145
-0.031390923974090455
-0.0316167632945052
-0.031853706192234085
-0.03209872910330566
-0.03235424445971602
-0.0326140940083233
-0.03288104600642389
-0.03315537380887823
-0.0334387494518984
-0.033730948317428316
-0.034035118465589265
-0.034346411544935784
-0.03466495641201224
-0.034985483571318234
-0.035302341808154204
-0.035610378620444146
-0.03591705971602444
-0.03621825789709539
-0.03651690452561318
-0.036809806745360024
-0.03709685847473087
-0.03738045727403227
-0.037654696392989816
-0.03791615930642756
-0.038164226724972314
-0.03839537543363409
-0.03861410034365898
-0.038811860622000885
-0.03899540326928836
-0.03916633376302417
-0.03931882791761941
-0.03944987630332413
-0.03956038153642462
-0.03964730629686679
-0.039717937658299875
-0.03977116334314744
-0.03980765279249941
-0.03982731049850554
-0.03982847667991308
-0.03980954495990014
-0.0397750758188275
-0.03972545342446927
-0.03966043721263307
-0.039586344496884224
-0.03950113448584568
-0.03940688881623108
-0.03930216814340414
-0.03919189937613435
-0.03907254238842139
-0.03893615536693276
-0.0388342232789479
0.04126363305609338
0.04186333901889506
0.04246318958989547
0.04306344555456368
0.04366775740217053
0.044263891387148015
0.04485861819931593
0.04543507102871274
0.045998628345114465
0.04654535487408259
0.04707562503951454
0.04759049493139974
0.04808709234036594
0.04856010649362379
0.04901082448253007
0.04944028435195605
0.04984413414305802
0.050222274343794795
0.050573631546735706
0.05089938128461501
0.05119751981671447
0.051464370716946824
0.051703719862592035
0.05190919341889963
0.05208293384446494
0.05222560113432886
0.05233253561430554
0.05240677557743835
0.05244967653872822
0.052458649240668974
0.05243386292467718
0.05238085217751257
0.05230003504278247
0.052204390238189145
0.0520873129156122
0.05195688149331811
0.05181676310484766
0.05166933997901223
0.051517630752721276
0.05135741025014496
0.05119047808528418
0.05101573368993732
0.05082569545115704
0.05061797794652794
0.05039857795729849
0.050164254408836574
0.04991481328375423
0.04965195370390031
0.049372985894490615
0.04908344407868884
0.04878338149224404
0.048475432997524694
0.04815526342806819
0.04783083245319092
0.047496674438960246
0.04715817626277033
0.04681515683896191
0.0464652982729183
0.04611335252174536
0.04575548023557728
0.04539086879410176
0.045025635913112344
0.0446527237266122
0.044275172855491436
0.043895390444872937
0.04350944367459429
0.04312226419302388
0.042727515326333454
0.04233050173896397
0.04192799790677037
0.041520411439041595
0.04110609987652302
0.040686850924895636
0.040263469601956
0.039838587329358084
0.03941376022291481
0.0389908434313385
0.03856822834263167
0.03814893127981982
0.03773268572924587
0.037325666416701916
0.03693271931918587
0.036567430599323755
0.036228405963510964
0.035908024561623494
0.03559790240640791
0.03530042801124457
0.035011196493483686
0.03472946379620268
0.03444974951308076
0.03417768968109745
0.03391410123156847
0.03366373395149654
0.033427929976207145
0.03321189494630007
0.033016353327434515
0.0328461854822548
0.03269979482406149
0.03258222386470623
0.0324948189133552
0.03244036030614049
0.03241569107868344
0.03241931475508289
0.032443560305903854
0.032493680135949825
0.03257147808439122
0.03267740000896353
0.03282220303584857
0.032996939158657444
0.03320121531351932
0.03343337001584863
0.03368973808087801
0.03396498855831422
0.03426227687537077
0.03457756772220532
0.03490933434144376
0.035253687702071546
0.03561398888694206
0.0358670382478485
-0.005297769426030774
-0.004934708085845989
-0.0045526917249088346
-0.004148754517412089
-0.0037278290507403995
-0.003288243924832483
-0.0028340939206808547
-0.002364031494870668
-0.0018821742841033634
-0.0013885777770611062
-0.0008819271400906483
-0.00037067222345052084
0.00014888723467683146
0.0006707456415669598
0.001196177076096713
0.0017216813308225296
0.002245838627820606
0.002768793730678845
0.0032830625870776007
0.0037920603832291514
0.004293707943298109
0.004786029549979967
0.005264833872082132
0.005731577467944746
0.0061798936621332195
0.006615414866625007
0.00702757463761524
0.0074218407579103
0.007791198899558879
0.008138164955252158
0.008462218069131262
0.008759122960430956
0.009032910420136932
0.009279354827809472
0.009503488306967851
0.009705346433135136
0.00988387283512531
0.010042911688407548
0.010183970238788203
0.01030445130868615
0.010410357400110384
0.010494972166009734
0.010564047681622585
0.010609178669507408
0.010637920685112903
0.010648013600744426
0.010636722195331762
0.0106044305292285
0.010548721013997956
0.010467532777288069
0.010361080353322017
0.0102302468671452
0.010070284781247581
0.009889915143493605
0.009684255800091118
0.009452457437773697
0.009203399790265758
0.008931542896046498
0.008642403266762048
0.0083341189576852
0.008008670676258864
0.0076689781273033535
0.00731371525214458
0.006945754288624325
0.006565669651088009
0.006175139182615066
0.005773664523837179
0.005360299318686983
0.004941119274373766
0.004510949323530022
0.004076494813295085
0.0036302564149685414
0.0031831304257760513
0.0027282602099224867
0.002267270978618946
0.0018035505324716131
0.0013364008223223339
0.000869988418943723
0.00040287811235022316
-6.0780056074970084e-05
-0.0005223582264757844
-0.0009801362027194237
-0.0014311877245530668
-0.001874986846056649
-0.0023125294475816556
-0.0027397907723388268
-0.0031575344710705316
-0.003565520785266879
-0.003963946093486474
-0.004351955001188008
-0.004729096838488843
-0.0050948163255712985
-0.005449977881669429
-0.005795992373824462
-0.006127046587414134
-0.006447568437346056
-0.006750743170776365
-0.007037940537261301
-0.0073077062235345006
-0.007556772652651756
-0.007783103185338717
-0.007984296046629704
-0.008160597146256894
-0.008309687110688094
-0.008429250881745074
-0.008520353746171836
-0.008580811687211237
-0.008612379544115024
-0.00861249912462863
-0.008583820733504055
-0.008523291633338927
-0.008432782842875151
-0.008312210045931204
-0.008163749916909935
-0.007985804675184404
-0.007781916640713882
-0.007549274183834243
-0.007290584332873247
-0.007101358108677662
-0.010176827941705449
-0.00972832343900462
-0.009266046674885705
-0.008790091272785088
-0.008303044589793248
-0.0078071104149282184
-0.0073019576185710325
-0.006790940786960715
-0.006276636715763128
-0.005754967874005709
-0.005234701187159958
-0.004716323293430089
-0.004198612652695729
-0.003690164534148906
-0.003189600268058566
-0.002700000240097849
-0.0022238325585949023
-0.0017628098926746902
-0.0013192210562207455
-0.0008934059467594993
-0.0004878510938815113
-0.0001022308103911601
0.0002606116319497244
0.0006013555151208321
0.0009166842215558829
0.0012049501570277293
0.001470635926146773
0.0017074463659311344
0.001918009300791818
0.002098743522398853
0.0022516442648543027
0.0023765980247827125
0.0024729643802027857
0.002544808247824638
0.0025909807688457008
0.002618465584349408
0.002625023877248623
0.0026156618212231503
0.0025898973921736684
0.002549085860090949
0.002494957018295129
0.002420799321695939
0.002328464333296841
0.002218976970830125
0.0020894978434839676
0.0019451870557364033
0.0017832705880796145
0.0016035328782512633
0.0014051124754521965
0.0011870471824692397
0.0009527682281264765
0.0006989234603267641
0.0004303753405299046
0.00014501530577306192
-0.00015140918420396133
-0.0004629976467923991
-0.0007803459935600041
-0.0011084552655135597
-0.001443452322965251
-0.0017854162124404942
-0.0021315116356909283
-0.0024823267894502382
-0.002833828621838605
-0.003188055217174736
-0.003544821179706621
-0.003901727759202342
-0.004258871788465933
-0.004617538593982395
-0.004974315268815586
-0.005332518664052825
-0.00568945050789164
-0.006045154367048819
-0.006399213823121442
-0.0067524121571221505
-0.007107160696081968
-0.007457127125041498
-0.0078099131354067
-0.008159372072788973
-0.008505917896508319
-0.008851759514929948
-0.009195676002724886
-0.009533820810173546
-0.009870764283391351
-0.010203374189759492
-0.010531980910872357
-0.010855067606823655
-0.01117279060013822
-0.011485979584955643
-0.011789927714461147
-0.012086814701210463
-0.012378691664363456
-0.012660003889206335
-0.012933550584264247
-0.013193531183726938
-0.013440959099609734
-0.013676288204022741
-0.013893566627519296
-0.014092514517369087
-0.014268681642254828
-0.014421188160094108
-0.014544767554463565
-0.014641293506689532
-0.014709624368300481
-0.014747627496825719
-0.014754001534481217
-0.014729647553190043
-0.01467288975906725
-0.014586396163986883
-0.01446859698497238
-0.014319459614912163
-0.014139848790221359
-0.01393118921485857
-0.013690404182637067
-0.013419900185153972
-0.013125132383158315
-0.012800972862313003
-0.012453119569558494
-0.012082996358651519
-0.011819827184564235
-0.0018305161451694918
-0.0015638744354814897
-0.001282189409971828
-0.0009848988661941536
-0.0006737044197195215
-0.00034865527734490834
-1.2589544353939582e-05
0.00033619516671976843
0.0006970184774533558
0.0010649698607641197
0.0014438448672428818
0.0018296069847992128
0.0022201137557615403
0.0026166828828540992
0.0030155010972298378
0.003414144248564805
0.0038171988500992934
0.004215152502100993
0.004611540521663487
0.005004044276881184
0.005390839532379794
0.005774164668793485
0.006149333612352269
0.0065145230103458565
0.006869567548454112
0.007211711124540229
0.007541170331038145
0.00785825417144514
0.008157324388135252
0.008442443429896218
0.008711579642656519
0.008963534563764515
0.009198985738677064
0.00941758739592835
0.00962396134303723
0.009813161586457014
0.009993094867732567
0.010162818618901606
0.01032414443504376
0.010478240697459068
0.010622278361712069
0.010758329502744414
0.010878398875962347
0.010986352802908092
0.011076290822912097
0.011151148715667554
0.011206264869719115
0.011240254766031974
0.011249562184213593
0.011229270724464757
0.011182345316414044
0.011107532559202422
0.011003501954780096
0.010873473152902508
0.010717069077576505
0.010535523995842913
0.010332704706552657
0.010106468753617905
0.009862249508988438
0.009600235105881014
0.009321992660370069
0.00902761073991744
0.008720334886411312
0.008401746687217129
0.008071511808238355
0.007732975725284835
0.007384823510034145
0.007028011689597791
0.006665482488632865
0.006299201662367215
0.005924735224110874
0.005544806478662381
0.00516134701690436
0.004776045559584518
0.004387232240401149
0.003999574291939186
0.003609427640697046
0.00322447552936674
0.0028403688832854043
0.002463010020362288
0.002090515745434291
0.0017259070265360295
0.0013682459602376276
0.001020616744924746
0.0006826250123388258
0.00035418432839692056
3.5545996118346926e-05
-0.0002717967874375317
-0.000571337454452611
-0.0008596200691511533
-0.0011386882360929003
-0.0014065187358243468
-0.0016671108999708054
-0.001914341725677833
-0.002152588938773704
-0.00237807649571956
-0.002589148599916295
-0.0027873460745472833
-0.0029678535925251256
-0.0031318776089016348
-0.003276666072157511
-0.00340421443756394
-0.00350923980182213
-0.0035937185743344976
-0.0036577523165620073
-0.0036995266616754534
-0.003719749754758518
-0.0037199344863426934
-0.0036978538094003914
-0.003654888113445083
-0.0035905799556712526
-0.00350536007911054
-0.003401550325106422
-0.0032746571691362166
-0.0031327331448659486
-0.002968835144541095
-0.0027866584039258195
-0.0025874050915522155
-0.002440864889750016
-0.00526605532757499
-0.0049554813954662495
-0.004624897667237984
-0.0042792516372216465
-0.0039141648556646706
-0.003536244266232357
-0.0031433825342243793
-0.0027385617469069304
-0.0023225919178944607
-0.001897670175077391
-0.0014626985054274958
-0.0010230807012807609
-0.0005775546366441685
-0.00012834358170456679
0.0003204284081889419
0.0007691937145984918
0.0012144479183899422
0.0016563817837706484
0.002091971500120699
0.0025186447951004907
0.002939026216618631
0.0033474218257324717
0.0037470926618235374
0.00413390823112184
0.004505573175417758
0.004865042564929747
0.005207944867395603
0.005535967899860719
0.0058439541786769085
0.006134176011904335
0.006405660258532094
0.00665657366852499
0.006887869767662313
0.0070992210385966035
0.007292972915034266
0.007468426574208974
0.007627365249839719
0.0077707231203013715
0.007900663142137292
0.008018256637145163
0.008117813543448763
0.00820401050897569
0.00826963971747793
0.008317790831962121
0.008347840583096773
0.008358768385008514
0.008350805877700661
0.008321014386968521
0.008269442032105171
0.008193234705433039
0.00809622399104388
0.007973364947931216
0.007828728545241729
0.007661071850061106
0.0074731430886183165
0.007266149012783208
0.007040409266691898
0.006798417410684514
0.006541506453448183
0.006270650001232782
0.00598745150095383
0.005693267415334476
0.00538870871804216
0.005077113153854167
0.004756462931448012
0.004430361786987753
0.004098220119529554
0.003758397136387549
0.003415190076452284
0.003068281108123451
0.002717045363760835
0.002364407892095178
0.002006440168165685
0.0016475033032520756
0.0012875363216091253
0.0009255220710454659
0.000562671191827873
0.0002011281131969111
-0.00016140795129690575
-0.0005216580218405074
-0.0008808924966185801
-0.0012364502427849795
-0.0015906862083588985
-0.001939595012066301
-0.002285374499252052
-0.002625062754769739
-0.0029600525146287458
-0.003286267048652022
-0.0036106186951089013
-0.003925832109014171
-0.004233606046645692
-0.004535133891380813
-0.0048278986523901815
-0.005110737816620146
-0.005382401454151627
-0.0056432079294425055
-0.005891596571696025
-0.006123304954743184
-0.006340924830042738
-0.006538660054695313
-0.006715982904625848
-0.006873294963357001
-0.00700786322507633
-0.0071194336720485476
-0.007206596887614781
-0.007270621863384762
-0.007309862757625642
-0.007321128598977065
-0.007308888103881236
-0.0072712252020178175
-0.007205064939336113
-0.007115184274131743
-0.007000053819983145
-0.006858544411124794
-0.0066893942830087575
-0.006498866374433013
-0.00628256373378331
-0.0060448379719179116
-0.005869476408107727
-0.058518749715435116
-0.058129241456676244
-0.05774684944391529
-0.05738034975423885
-0.0570220843612647
-0.05667871634256281
-0.056341686432669645
-0.056019271248114864
-0.055707515249334816
-0.05540846246868352
-0.055122817457666465
-0.054845237126951704
-0.05458199647048184
-0.05433107195297543
-0.054092838731486854
-0.05387111245600853
-0.05366166236580088
-0.053470379329959856
-0.053294819645738574
-0.053137872223698694
-0.05299910795056849
-0.052881018465059396
-0.05279516151215077
-0.05273749545760134
-0.05271117843107189
-0.052710635554302256
-0.05273505184020368
-0.052781058543327715
-0.05285415359163301
-0.05295596546351912
-0.05309308138710193
-0.05325462901325944
-0.053439346123504185
-0.05364204963198739
-0.05386158655801732
-0.05409002444159788
-0.05432739448361207
-0.05456216055330258
-0.05477907238690203
-0.054964609296861845
-0.05511529176925334
-0.05522841294040473
-0.05531853487221485
-0.05539752332470026
-0.05546371538451621
-0.05552363970346968
-0.05557709934828513
-0.055632110897204295
-0.05569445525319066
-0.05577537954501323
-0.055871985114305786
-0.055983301420930866
-0.056118243907300934
-0.05626839877445483
-0.05643791187634477
-0.05662374833987072
-0.056821750745769416
-0.05703297724788249
-0.05725610703532141
-0.05748643076726689
-0.057725327342337096
-0.057972547564405605
-0.0582261591153829
-0.05848543073939568
-0.058748008291784136
-0.059014447680990914
-0.059277943867023584
-0.05954169140008283
-0.05980362330225451
-0.06006233719462059
-0.06031957381174388
-0.060573785178950706
-0.06082418566772759
-0.06107177699233695
-0.06131366317060387
-0.06154155514935534
-0.061733478193906066
-0.061877062173065024
-0.06196662226739471
-0.062002371986053656
-0.06199303774767602
-0.06193260692022842
-0.06181767596117393
-0.06169696005799346
-0.06163757559047523
-0.061647707992132636
-0.06169220427915533
-0.06175035377355269
-0.061815969579372076
-0.061895894010395004
-0.0619695872227619
-0.062026913401561856
-0.062077127084812146
-0.062129431844576005
-0.06218002914283871
-0.06223362518538435
-0.062284592672084624
-0.062319904731733454
-0.06232665686247276
-0.062304679815388606
-0.06224710499183213
-0.062160667468469204
-0.062037178823003684
-0.061883891712210565
-0.061704833860803054
-0.06150506086363491
-0.061293374175786355
-0.061072400652349396
-0.060846860828001614
-0.06061575383716444
-0.06038188945114296
-0.06014236017078228
-0.05990394453434376
-0.059661834939163286
-0.05942290359359966
-0.05919286565486124
-0.05897136108072631
-0.0587617310310895
-0.05862166371794828
