293.1566262099349
293.3801699366488
293.59019127155096
293.78776328580403
293.9732497806737
294.1460987062798
294.29922388970346
294.4367508929826
294.5599990174337
294.6694118946282
294.7646663003702
294.84321523567587
294.9064843675227
294.954875020408
294.98858063025193
295.00638126553014
295.0043727997052
294.9858823947185
294.9511270816158
294.9003427529516
294.83264639748523
294.7469649388179
294.64550246810734
294.52876743405113
294.3969288553438
294.25237879913436
294.0977135989935
293.93133861534153
293.753658741035
293.56482471288973
293.3784008263666
293.20218922948413
293.0264875013087
292.8509225946048
292.67559081826823
292.5040266161659
292.33656136460513
292.17039647965066
292.0063360707228
291.84402641389033
291.6507294598987
291.4704385201902
291.30127881829367
291.13465615069265
290.97021491607535
290.81481077932716
290.65799179370674
290.50332323941547
290.3508606648902
290.200572678202
290.0525834299338
289.90676570272774
289.76302344391223
289.62130295250813
289.48157232516775
289.3438648178696
289.2080903505321
289.0742185316802
288.94218879046684
288.8119423231277
288.6830961652806
288.5560633708761
288.4307649392236
288.3071050412319
288.1851861525882
288.0649958173619
287.94637145800635
287.8293116915385
287.71378412190376
287.5997043172455
287.4868981915984
287.37542702360486
287.26518068705377
287.15185274151094
287.0327219225233
286.92130486721845
286.8106620808504
286.6989658968115
286.6494036378847
286.7531092233109
286.72499155460906
286.68571042927834
286.7725790687897
286.8769631425201
286.9163183697652
286.9383157268784
286.9601312846145
286.9824952892769
287.0051231606755
287.05640076215843
287.1393782563593
287.23103609004045
287.3294063860239
287.43377782648486
287.55005020144796
287.6797009172382
287.8204464729058
287.97260313216503
288.13655243049396
288.3066702800631
288.48726052663153
288.68093679937573
288.8879373444929
289.108197561546
289.3438235802978
289.59197131476776
289.85140986577323
290.12189803305546
290.40308890465843
290.6873855664939
290.97434386600565
291.2640881415458
291.55652719621696
291.85063953177826
292.13242574058
292.40730624791905
292.6764044301497
292.93985324771955
293.11578248511194
293.20299194854493
293.4281493648276
293.6362420214393
293.82876201695365
294.0072630674737
294.1727633438204
294.32479294234867
294.462005458912
294.5846845339605
294.6933687433135
294.78840411026823
294.86890826261606
294.9347890122354
294.9862949113268
295.02371841053025
295.04724640123254
295.0554136451746
295.04752385707576
295.0238941765681
294.9849005618188
294.9309005474178
294.8620460094692
294.77882650095466
294.6814964758168
294.5702017641909
294.4453812402117
294.30993387057225
294.16493293450577
294.01018538614153
293.8454444659911
293.67266686365946
293.50176820255206
293.3346598797312
293.17072806458185
293.00937922883213
292.8509046496263
292.6963703188076
292.54311595188375
292.3899252597016
292.2379255210046
292.08259914722686
291.9115114114313
291.7416547545206
291.57554048688485
291.4126917804076
291.2542345151328
291.1023346072396
290.9528655804981
290.80584459726106
290.661231351888
290.5189570351325
290.37884178362003
290.24081657341856
290.1048345559906
289.97085679098416
289.8388955154067
289.70890676711167
289.5808338328227
289.45460091756456
289.3301277550851
289.20733422217495
289.08618095161853
288.9667620353636
288.8490189728934
288.7328911902841
288.61831950725264
288.5051480636862
288.3933172727081
288.2828440554606
288.1736479624616
288.065586199968
287.95861239296346
287.8527213290549
287.7478467573559
287.6365470132771
287.5221649444138
287.4115368049639
287.3022994678549
287.19492841796966
287.17149482748727
287.1741850289507
287.16973526387943
287.2061037858918
287.3431612124692
287.4909811352568
287.6079984293166
287.70129439505246
287.77948607791194
287.84710327067864
287.9060822483956
287.95327992854516
287.9928789880059
288.02974307193864
288.0663936153666
288.1093954639181
288.17473745586636
288.2630055844774
288.3710413938601
288.4967743519653
288.6377171020304
288.792539493578
288.96229736463965
289.1470789114821
289.3464441725502
289.560770618176
289.7907867486618
290.03483751900325
290.2915113772734
290.5597230274889
290.8357217776595
291.11354266307757
291.3925375950667
291.67255680974523
291.953433878774
292.22926889787266
292.49472886342807
292.75034994782794
292.997099420052
293.1602697643286
294.99600969781386
295.08744376245767
295.17681089791176
295.2638656955004
295.34860107105544
295.4309080169432
295.510585057916
295.5874174353183
295.66124933933503
295.7320389653932
295.79968586665603
295.8642453875762
295.92572111988216
295.9840272839513
296.0389853599249
296.09052087156795
296.13812838526866
296.1815140787913
296.22046017849544
296.2549760178597
296.2848973892066
296.30972462458084
296.3292316749459
296.3434009220478
296.35216309536014
296.3554822102222
296.35336187533625
296.3459020474052
296.33304702358697
296.31488765283706
296.291888638184
296.26640511539944
296.23898988205417
296.2098801541909
296.1792019503896
296.14705620960837
296.11372517181013
296.0770378367815
296.0361306034201
295.9920969095979
295.9451973930952
295.8932756942731
295.8391629205949
295.78341010345986
295.7263286237461
295.6685418511923
295.6107831767256
295.5524251472137
295.49346117370413
295.4339573122212
295.3739372835025
295.3135479372657
295.25282944689934
295.1917839951087
295.1304844172199
295.0688976195116
295.00714314315564
294.94521130047315
294.88310794112743
294.8208771841679
294.75854808563656
294.6961230715447
294.6336841668387
294.57117380985056
294.5086111115776
294.446029627848
294.3834492813884
294.320876034896
294.25831078195205
294.19579183555976
294.1332818511376
294.0709160213394
294.008609475165
293.9463755909621
293.8822466077399
293.818011588485
293.75376391995763
293.68937079731904
293.6250193013167
293.570646142677
293.51933407408245
293.47110792297497
293.4273159929266
293.3894553931756
293.3505929036325
293.313498476628
293.2789329238519
293.24705861588217
293.2179492050832
293.19223692993836
293.17231428211966
293.1586747467306
293.1514611881277
293.15076151538494
293.1572834442395
293.17275855468796
293.1973681414752
293.23094659280235
293.27349912061874
293.324372866722
293.38221050860767
293.4468464161649
293.5181802706033
293.5961220850395
293.6793149587887
293.76577455694303
293.85528384618686
293.94775581994014
294.0431332280521
294.1403110107018
294.2380250763401
294.33604341518827
294.4342107936234
294.53244333310687
294.63015693714146
294.72677465772773
294.82212685301744
294.9161189718624
294.97919164328056
293.6905943984616
293.8027813269203
293.9092494753894
294.0095222893641
294.1041700091614
294.1937917997664
294.27787300097145
294.3549851011229
294.425140910543
294.48873220916033
294.5460959583883
294.59627888750646
294.6379785640898
294.6714503301881
294.6969959428611
294.7150545789439
294.7248308551912
294.7254957700878
294.71721980762635
294.70019934184927
294.67463081460454
294.6402062906669
294.59632942604594
294.54310367783665
294.48074745097665
294.40965078979804
294.3303178203471
294.2434325535211
294.1497414835731
294.0494846647401
293.943316093676
293.8358401072024
293.73187699561475
293.6337038724436
293.5423499013078
293.458236111555
293.38146001300237
293.3098703974613
293.2412656926235
293.17482790881655
293.11032909350104
293.0439453800391
292.9752507638961
292.90621413725967
292.83794192996976
292.77137438340026
292.7100702589286
292.6522371810742
292.59669578862747
292.542795779301
292.4901931089451
292.43855179259606
292.38764194796016
292.3374054908462
292.28777087028476
292.23865840918864
292.1899542922583
292.14146297180747
292.0932341082857
292.0451341038534
291.9971621090618
291.9490060049033
291.9005534617167
291.8518169893282
291.8028166232304
291.75342857213144
291.7035117545853
291.6529525736589
291.6018602779354
291.55020457594037
291.4979909682781
291.4450347691684
291.3913251796614
291.33692813679284
291.2798997282952
291.218913188738
291.15540825107007
291.0905056515319
291.02492330153666
290.9647473487697
290.913105942773
290.86897680349347
290.8369434436497
290.8266184427278
290.8343411816897
290.85110897905486
290.8694138606473
290.8833798523089
290.8894406838813
290.88678304478117
290.88384033054103
290.88823047864463
290.9034033687349
290.93058109667635
290.9697913775145
291.02098498734443
291.08398067389487
291.15823057747986
291.24295402620027
291.3371390444906
291.4391096852314
291.54768465443334
291.6622373543868
291.7823267465665
291.9069228570102
292.0339127943812
292.16248301578213
292.2925296228578
292.42406184502465
292.55666912933077
292.68878470990825
292.819966864437
292.950290691086
293.08004716156984
293.20810029698487
293.33227264101487
293.45258463001073
293.5694869408608
293.6473110364288
294.5453330754125
294.63437747687385
294.71850321402655
294.79733138463524
294.8713016435578
294.9409440792937
295.0061169972046
295.06573014455546
295.11958327082766
295.16801840169626
295.2113392601825
295.2491883818658
295.28044267409143
295.3050555816854
295.3232707460136
295.33545495373716
295.3414265776334
295.3404825754879
295.3325909561968
295.3179385927229
295.29670772444405
295.2688018769512
295.2338137276013
295.1917932518492
295.1428386363361
295.08726655383305
295.0255874900245
294.9584119151675
294.88642070377284
294.8102740246544
294.73050081131026
294.6513227945868
294.5776928784462
294.5126875453977
294.45801632096305
294.41432901891983
294.37943421642535
294.3380229199538
294.28771975340544
294.23174801131705
294.17301110908636
294.11344881346736
294.054018191442
293.9952025860235
293.93740564104615
293.88080889267735
293.82556309675215
293.7718573944388
293.71970712857285
293.66915102510677
293.62018935529227
293.5726973588518
293.5266857102555
293.4821400536768
293.4390284056281
293.3972028176639
293.35668261600364
293.31733957463774
293.2790362024787
293.2416736427922
293.20521889852773
293.1694493213876
293.1342070690946
293.09923167349336
293.0644258739855
293.02965686247103
292.9948341953684
292.9598737997571
292.92461745271504
292.88912492985185
292.8532878591902
292.81706054786144
292.78036929595567
292.74322865797143
292.7045131557098
292.66308874658085
292.6190746606302
292.572973258887
292.52550677043655
292.48093122192796
292.44234627802626
292.4102113976886
292.38785493724913
292.38256194610045
292.39461810716887
292.4168329235474
292.43988651228455
292.4563933301306
292.462322840434
292.457165123088
292.44692713498654
292.438231971738
292.4348458140256
292.4389625081697
292.4517016467116
292.474064064703
292.50689147817053
292.5505714516239
292.60489370989825
292.6692088061243
292.742080493107
292.82213326943037
292.9083251437993
293.0000218510647
293.0964546718746
293.1960282106314
293.2977141029298
293.4009925975123
293.5056979040967
293.6112581312968
293.7162723836414
293.82028014728803
293.9232280198404
294.02548248308017
294.12689277451256
294.2261683378918
294.3228408385618
294.41707602058375
294.479907182139
293.16741558276505
293.2370690840776
293.3079966053291
293.3798454169348
293.452283202895
293.52491694382746
293.597508209958
293.66974391548064
293.74139989679446
293.8121316329782
293.8816968605137
293.9498077370555
294.0163081525161
294.08065927056685
294.14264405222144
294.2018579267209
294.25816769082616
294.31121688061444
294.36084158520885
294.4067042130705
294.4486140081232
294.48643383921757
294.5199323123335
294.5489678970255
294.573387745517
294.5930676029642
294.6078937856642
294.6178758243635
294.62303028463947
294.62347498723784
294.6193294971336
294.61079658196894
294.5982784767518
294.5821796421637
294.56316707835504
294.541729736746
294.5184209727849
294.4936161893278
294.4675913401808
294.44033983738444
294.4119636032852
294.38252002372354
294.35206715765696
294.3205314400814
294.287972514024
294.2544393567014
294.2201219651893
294.18520268256526
294.14999831052995
294.1146154262557
294.07917724827655
294.04364774361557
294.00806445821684
293.9724408406805
293.9367613159687
293.9010208730365
293.86515896786244
293.82925479177214
293.7932417215175
293.7571405287966
293.72095108656106
293.68466327675054
293.6482371608204
293.61165931081354
293.5749266727485
293.53795309094943
293.50086608967905
293.46348118210557
293.4258839075097
293.38799889357153
293.3498413841982
293.31141618266753
293.2726605491518
293.23357108651135
293.1941446800171
293.15423767998993
293.1137891559183
293.0725386408817
293.03044001812714
292.9875571523352
292.9441500982502
292.90079048822724
292.8580133739821
292.81657664589613
292.7776964180408
292.7422515403373
292.7105475557595
292.6822339410839
292.6565951307652
292.6327833284378
292.61010206702787
292.58814998870025
292.5667977674714
292.5463733576896
292.52717443913946
292.50971592414277
292.49440923062696
292.4817731784482
292.4724154374971
292.46681170885546
292.46533822469115
292.4682960447833
292.47589762845126
292.48825734871974
292.50546684591416
292.5275750866458
292.5544641073509
292.5860135325166
292.62195618141135
292.6622229692176
292.7065599128777
292.7547451597713
292.80659145634075
292.8617857334178
292.9201602081894
292.98142616831916
293.04524196493827
293.11124559692735
293.1571778738387
293.7841862683625
293.79657884414655
293.80933056084774
293.8224119116605
293.8357916340158
293.8494037483353
293.86323625919175
293.8771545284122
293.89114055313183
293.90517388479253
293.91910863962784
293.93296254830966
293.94661236033255
293.9600180222527
293.97314256303986
293.9859263130404
293.9982713049869
294.010182228512
294.02157520252973
294.0323808674783
294.04258484742496
294.0521237659451
294.06094676123655
294.06896531665865
294.07618090527995
294.08254212800927
294.0881487064078
294.09312386055035
294.0974691503642
294.1012757867234
294.10450614498586
294.10725806773183
294.10963194110826
294.111803147476
294.1138015283471
294.11577007578126
294.11763212925456
294.1184445308651
294.11822021216733
294.11717607104686
294.1155596912942
294.11337169044657
294.1106852556778
294.1075730363207
294.1040063923651
294.1000890228222
294.09590571793893
294.0914013972457
294.0867054689407
294.0817722804983
294.0766409223839
294.0712994368671
294.0658162927681
294.06013360880587
294.05429154305693
294.0483311389675
294.0421844682556
294.0359106286903
294.02950550004874
294.0229404294702
294.01617777685493
294.0092909113828
294.00224787052304
293.9949867559671
293.98753952865343
293.9799233595034
293.97208566378305
293.96403128341785
293.9557845306776
293.94733396872243
293.9386660395188
293.92975985716333
293.9206250168631
293.9112581493699
293.90158310647405
293.8914939511814
293.8809951143826
293.87008171581874
293.8588176872313
293.84746699641164
293.8362702787124
293.82538619140445
293.81507974609104
293.8058541934277
293.7977726760239
293.7905186611322
293.78364790350867
293.7768545187277
293.7698749598965
293.76257137199343
293.75506246952335
293.7473530391069
293.7396180473043
293.7318511450004
293.72426518588276
293.71699457939116
293.710307434983
293.70434064431686
293.6992356056185
293.69502125428994
293.6917757222569
293.68956324733966
293.68838174598153
293.6882503032685
293.68915462972797
293.6910528270206
293.6938391057244
293.69756541275706
293.702197016336
293.7077206174911
293.71406894721747
293.72124304629784
293.729183390447
293.7379012088344
293.7473458256247
293.75742483760814
293.7680780547847
293.77928039538784
293.7871755570712
298.1343795264235
298.16820253736046
298.204390699284
298.24289270269094
298.28361890098137
298.3266660457696
298.37182322646254
298.41897291331696
298.4678535221098
298.5183323835841
298.57035083811104
298.623640084613
298.6779504684374
298.73300960898075
298.7886093075929
298.8445622128087
298.9005997482427
298.9563814126637
299.01172565538025
299.06636893132594
299.1201551448684
299.1727681957288
299.22379452050245
299.2731080781707
299.3203556020081
299.36538979318135
299.4080257127768
299.4481025480128
299.4854575679741
299.5199045924757
299.5513720156638
299.5801578662533
299.60661085242765
299.6308704525108
299.6529500712109
299.6730526054224
299.6910443275818
299.7062137089467
299.7183657967747
299.72774034373595
299.73448385945443
299.7386450656054
299.7402522679251
299.73941449467065
299.7363250284835
299.73099338043164
299.7236070368511
299.71423341038803
299.7029698391751
299.68982915937175
299.6748930994675
299.65823792398646
299.6400014070921
299.6202367875736
299.5989739683017
299.57630542240304
299.55232009943006
299.52707176285753
299.500583807063
299.47296881956737
299.4442226036236
299.4144259687858
299.3835848458832
299.3518180625215
299.3190936468763
299.2854459866848
299.25096115083903
299.21564261394724
299.17953973662344
299.1426929241781
299.10525166964993
299.06718478966377
299.0284883912713
298.98926434483195
298.9494489044294
298.9090965214171
298.8682310752953
298.8268378879417
298.7849600414012
298.74255871738586
298.69973521406666
298.6565041331535
298.6129293904622
298.56921837157057
298.5257193863753
298.4826417547392
298.44000516732103
298.39782044255463
298.35608889002697
298.3148867470394
298.27450885925
298.23528644434555
298.19740113353384
298.16096067684856
298.12619910026984
298.09338401222686
298.0628271526679
298.03464705358715
298.0090125270848
297.98609147073745
297.96593688092383
297.9486012412178
297.9342333511274
297.92282455298783
297.91441500729843
297.90898039992584
297.90642512512704
297.9067897566187
297.9100338727898
297.91623582338957
297.92529667434
297.9371933303587
297.9519215157108
297.96955239917037
297.9900656703691
298.0133672233875
298.03942645808
298.06820345779875
298.08929993215617
294.7629065984701
294.80295039967274
294.84495877154336
294.88880595192427
294.93435225234145
294.98145541294895
295.02999988796523
295.07982589402746
295.13074355024963
295.18252595764653
295.2349967565414
295.2879411761994
295.3410382721759
295.39409754015554
295.44685239502337
295.4992036210494
295.55088467292944
295.6016418887447
295.65123651294215
295.6995055435721
295.7462896162958
295.79133407702085
295.8344537749555
295.87538618803336
295.91403927645746
295.95020330555946
295.9838088732605
296.01470526446764
296.04283296531173
296.06814808340727
296.0905308128483
296.1103559267905
296.1279407266275
296.143633801544
296.15770040615536
296.17043156523476
296.18181388237576
296.19077989281493
296.1973160472926
296.2015182863524
296.2035250452796
296.203370644026
296.2010496766083
296.1966542271102
296.1902739280139
296.18208522239553
296.17215258840383
296.1605548497033
296.1474200314018
296.13281021050807
296.1167712353394
296.09942733402715
296.08080420101527
296.06100775637645
296.04004481984896
296.01806084123444
295.9950554933281
295.97106635072475
295.94616128342415
295.9203567635105
295.89376259135935
295.8662977212413
295.8380557370602
295.809052654473
295.77926002089833
295.7487499573143
295.71753503517675
295.68560184880175
295.6530614030021
295.6198291947027
295.5860177391583
295.55166450607356
295.5167172801746
295.481221313687
295.44521421448115
295.40863525691105
295.3715262995191
295.333902187772
295.29572255257773
295.2571168985365
295.2182019552923
295.1790252987179
295.1396586303327
295.1004234995793
295.0616008191679
295.02329634286616
294.98543180702944
294.9478973295783
294.91062696617246
294.8735447549499
294.8369201298256
294.8010048039131
294.7660412991867
294.73226353499206
294.69991271571604
294.66932245239536
294.6408250511935
294.6146178674141
294.5909605750979
294.57002809667114
294.5520347532522
294.5370549191713
294.525262140852
294.5168429236081
294.5118042131173
294.5101966626306
294.5119444321695
294.5170212906488
294.52554054000024
294.53740638689317
294.55261965579234
294.5710363481244
294.5926477702081
294.61738777000767
294.6452077452476
294.6758348901423
294.7091538189416
294.7450130136657
294.7708163427352
300.98512209341044
301.01525354389577
301.04837117862166
301.084394170301
301.12308579038177
301.1643015910596
301.2078520577525
301.25363974023287
301.30138621823215
301.35103948704204
301.40236340322787
301.4552289988713
301.50946815628726
301.5649423204964
301.6213906740722
301.67873106839994
301.73679239319665
301.79535146555787
301.85428364571715
301.91330621458275
301.9722962352574
302.0310578438312
302.08933558650745
302.146948637809
302.2037173197602
302.2593354379123
302.3136729848285
302.3664972757097
302.41758083327346
302.4667487612928
302.5137932859514
302.5585654039992
302.60104968006635
302.64120589609075
302.6790449772768
302.71468919628126
302.74825716806123
302.77944585368056
302.8079952307003
302.8335980278515
302.8559958446153
302.8750940051424
302.8907257342745
302.9029343203797
302.9117288981315
302.9171954282569
302.9194768289372
302.91871044789724
302.9150768340603
302.9086839924425
302.89977448572546
302.88843451859975
302.8748225950838
302.8590864832268
302.8413522228836
302.82175333583456
302.8003578278628
302.77734380846204
302.7527666324847
302.726685480089
302.69921209747093
302.6704149506256
302.64036845012123
302.60912223956
302.57677001251847
302.54332383625024
302.50886340961506
302.4734435579521
302.4370858032652
302.39984809018625
302.36177409053715
302.32289149171464
302.2832349393362
302.2428451165832
302.2017297657182
302.15995073650345
302.1174881994539
302.0744112579161
302.0306921541271
301.9863466651534
301.9414536717086
301.8959911131887
301.85007741806874
301.8036752067513
301.7569145408296
301.7098918114058
301.6627580491987
301.61561492813
301.56851806157584
301.52157913421456
301.47481697596385
301.42838715923364
301.38236919809344
301.3369704342408
301.2922898244971
301.24855345595154
301.20601656418893
301.16486000597644
301.1254336070747
301.0879566268438
301.05276930059324
301.020095039889
300.99018087041964
300.9633039160955
300.9395952671109
300.9193333995874
300.9025888813236
300.88950788065756
300.88017565203216
300.87468512082614
300.8730767931381
300.87530082522994
300.8814384089011
300.89131054656804
300.90496627691925
300.9222854825774
300.94317716997506
300.9675118530985
300.98591341491203
299.3653886224481
299.405261124
299.44837681929295
299.4946246736468
299.5437576918257
299.5956339913647
299.64999066321593
299.7067149429153
299.7655906841936
299.82641493826094
299.8889953349801
299.9531219785197
300.0186022206955
300.0851270850559
300.15256022344164
300.2205797026537
300.28903509039145
300.35757632211767
300.4259951888641
300.49405919172324
300.5614383833046
300.62794001312375
300.6932730574894
300.7571477735798
300.81935598227926
300.8796370178936
300.9378025921299
300.993620010754
301.0468615912817
301.09736759915046
301.14495392580426
301.18953610628705
301.2310811474308
301.269696574551
301.30536325455944
301.33816432164883
301.36816735385213
301.3950320647195
301.41823357152606
301.437450645373
301.45257723158426
301.4635310965
301.47041739738285
301.4732966013189
301.47230273005067
301.46765934765574
301.45962421220526
301.44832367258755
301.43404905774634
301.4170060964289
301.3974385604157
301.37547643209217
301.3513428333806
301.3251700837639
301.29716902135374
301.2674574649902
301.2361792579187
301.2034447744368
301.16933987848245
301.1340147102288
301.09751607598986
301.059916049524
301.0213773106826
300.9818849984685
300.94157388539486
300.90042488471386
300.85861134350955
300.8160708528319
300.77288941936496
300.7291495815822
300.6848821088482
300.64009555296803
300.5948497317872
300.5491797459616
300.5031185074595
300.45668726156424
300.4099600844946
300.3629022347426
300.315541059294
300.2679118435289
300.2200840681002
300.1720457067822
300.12377791667586
300.07535373826005
300.0268139113589
299.978111654738
299.9293140326157
299.8804867225869
299.8316496837772
299.7828882533054
299.7343242766039
299.6861400907065
299.6385398138001
299.5918384392873
299.54625328563475
299.50203976538086
299.4596110791594
299.4192247416906
299.38117441974725
299.3457808699008
299.31332762801566
299.28399289944184
299.25800522916853
299.235561294736
299.2168317603131
299.2019631601247
299.1910483232681
299.18413374936284
299.1813526013748
299.182711250823
299.188249467777
299.1979405793248
299.2117875356562
299.2297249891502
299.2517212373177
299.2776822743512
299.3074649755198
299.34097595418416
299.3657974946915
304.745033602821
304.76963269612827
304.79691590313996
304.8267045122896
304.85892507947335
304.89338034225693
304.9299826919665
304.9686815225447
305.00929399962615
305.051720261771
305.0958731445875
305.14163119725595
305.1888955229971
305.2375285298607
305.287437393623
305.33855470888125
305.390696236301
305.4437395153673
305.49753671673557
305.55190971956887
305.60669588088786
305.66169868194237
305.71677549455046
305.7717093649467
305.8262861087075
305.8802748837232
305.93352500555915
305.9857558187603
306.03682559795493
306.0864807318027
306.13452663382384
306.1808450409939
306.22536315794673
306.2680293942111
306.3088929889218
306.34798697578157
306.3853893004746
306.4208254439426
306.45377254447175
306.4838041449809
306.5106727860034
306.53404842405655
306.55381187831506
306.56987002339673
306.58232069658794
306.59115518464495
306.59654983022205
306.59869741495385
306.5977674120824
306.5940029958258
306.58758891607806
306.57864611407683
306.56744057390654
306.5540550634545
306.5386568433441
306.521376222532
306.5023609861299
306.48165761407637
306.4594531970999
306.43576534544883
306.4107373115629
306.3843928093487
306.35683046593425
306.32805417853143
306.2982509409636
306.2673507365076
306.23548633763795
306.2026218496505
306.16889459299057
306.13426843499997
306.09883923370063
306.0625823688982
306.02562024779127
305.98785982486487
305.9494389338434
305.91032654472826
305.8705036231784
305.8301078109423
305.7890335612187
305.7473628474505
305.705124057356
305.66230892077465
305.61897575117627
305.5751623606794
305.5309385930338
305.48641303487835
305.44161987278477
305.3966214598371
305.3514910413967
305.3063022074117
305.2611126270889
305.2160373349612
305.1712058513263
305.1268464888484
305.083079612344
305.0401467015438
304.99835862613344
304.9579276795526
304.91910930653853
304.8822068365484
304.8474461538596
304.81512812040427
304.7854370960319
304.75853670094995
304.7346943438054
304.7140181466942
304.6966308497326
304.68262006008786
304.67207238815985
304.6650053852129
304.66142268123394
304.6613488855522
304.6647164738421
304.67148697901905
304.6815851666373
304.6949052381528
304.71134912900277
304.7308321202381
304.7457173579131
302.51466812522295
302.5410432334299
302.5703345477283
302.6024539698472
302.6372625936464
302.6746253096077
302.71435093404307
302.7563616343034
302.8005127002763
302.84661835403523
302.8946074963046
302.94428391039344
302.99552177454837
303.04811760191654
303.1019445893572
303.1568013179429
303.21254234811
303.26898315042274
303.32593726068916
303.3832329416729
303.44060188094653
303.49791840255176
303.5550228846011
303.6116957887738
303.6677074570597
303.72293756080563
303.77717534897624
303.83023760607716
303.8819460946114
303.93212026618323
303.9805926121615
304.0272071209707
304.0718823430763
304.1145697766562
304.1552645593745
304.19394767485005
304.2306499369819
304.26518654544736
304.29709907565996
304.32603833858684
304.3517811782962
304.3741537188637
304.3930188500927
304.40837091440886
304.4202195685817
304.4286161308894
304.4337363637647
304.4356348917673
304.4344777462552
304.4304055671774
304.4236100844873
304.41424356221063
304.4024532287707
304.38828968354386
304.371991917371
304.3536744841182
304.33345022305105
304.3113593081577
304.2875942714907
304.26226275449386
304.235375424523
304.2070984033361
304.1774872726667
304.14660681109336
304.1145245777064
304.08138697730453
304.0471405785734
304.0119219985112
303.97579792587203
303.93877073811484
303.9009776941085
303.86234232341246
303.8230096263338
303.78296482480795
303.7423206525957
303.70100820031234
303.6591768711906
303.61678057672583
303.57386630116304
303.5304507643299
303.4866013114572
303.4423345011578
303.3976541051746
303.35263731180373
303.3072404250757
303.2615690007418
303.21566212621843
303.16955845693076
303.12331520504625
303.0770044787854
303.03072946070944
302.9846241376604
302.9388383841776
302.8936233546604
302.8491551137942
302.80565692680904
302.76338185529096
302.7225746504979
302.68350327831826
302.6463979831777
302.61148843348997
302.5790629517663
302.54928825511905
302.52235403939363
302.49839273905894
302.47765086254344
302.4601560268204
302.44606543009354
302.43541058731427
302.4282937590352
302.42472934577944
302.4247371625436
302.4282868355236
302.43536769742786
302.445909408295
302.45994767048415
302.47735606124957
302.49797015452964
302.51385953356333
299.45215538753274
299.50582253776287
299.5586287234071
299.6104403954012
299.6612293541288
299.7110184348445
299.75947362202066
299.80592741509525
299.8502213192023
299.892375598295
299.93245712495155
299.9701300079196
300.0047317316878
300.03626850303027
300.064862838664
300.09054873210715
300.11324223002623
300.1327310691632
300.14898206357066
300.16197243962716
300.17180744878436
300.1781363069076
300.1807467480311
300.17965260027324
300.1747039971074
300.1660413370344
300.15373144369175
300.1380233499306
300.1191141905173
300.0973737259657
300.0731615569505
300.0481032130811
300.02372047221206
300.0008427901549
299.9797709338994
299.96071159944375
299.94386486281803
299.927688387837
299.9105490225015
299.8918290408186
299.87156739293863
299.84993290668524
299.8269323004925
299.8025601559258
299.77686062359624
299.7500695451133
299.7223271445849
299.6938314266772
299.6648978901476
299.6356609812142
299.60621001467916
299.5766731999456
299.5471336012495
299.51752587149974
299.488007776874
299.45847831457917
299.4290200343135
299.39960170411416
299.3701664443885
299.34069394288565
299.3111279778928
299.2814568625146
299.25166518038196
299.2216675273391
299.1914065619994
299.1609164967115
299.1301415965061
299.099030886423
299.0675607849794
299.0356866425308
299.0034539272706
298.97083590404657
298.9378277179797
298.90440914263837
298.87059606041163
298.8361956496098
298.80112490753606
298.76527252593695
298.7286052367914
298.69130497787944
298.65373626833764
298.6162339674923
298.57948744278394
298.54612801486763
298.5201510970856
298.50251914103956
298.4911418083025
298.483719518454
298.4785823636307
298.47465693815093
298.4710701294989
298.46725408640646
298.4638255194715
298.46189825368754
298.46243688504836
298.46708471087936
298.4767543302279
298.49174332075756
298.5117056576073
298.53621193490744
298.5650198272081
298.59782706376063
298.6342700589751
298.67390101048693
298.71621225079457
298.7605913624282
298.80670406485433
298.8542946730934
298.9033820733832
298.9535777959124
299.0045235223102
299.0560232157879
299.10816837929264
299.1610286935474
299.2143564300558
299.2678215268728
299.32117026152497
299.37442668437717
299.4106282407632
