294.9170567126377
295.23057732968
295.532412484739
295.82141872338553
296.0973426285552
296.3589642625979
296.59923919643006
296.82156112635784
297.02596196088973
297.2125731008279
297.38008878417975
297.5242429268012
297.64753467854
297.75000172411626
297.83188475227854
297.8917591743091
297.925524479496
297.9360137512914
297.9236020895654
297.88866809555145
297.82915506398354
297.74371891768226
297.6355939888517
297.50540075653004
297.35366121604443
297.18302546001985
296.9961883896511
296.7925397790165
296.572796363084
296.3373847998008
296.10110491577666
295.86966746944216
295.6370620728622
295.4038090932534
295.17035544502426
294.94032280470486
294.7130583760395
294.48783432109406
294.2640007272732
294.04126169271353
293.8276183421404
293.61380290812923
293.4094547106497
293.20124186125526
292.99460978432523
292.78803773219545
292.58462098771946
292.38319857720944
292.1838126479143
291.98641150624195
291.7903122963846
291.59607110505664
291.4037587930502
291.2133447439367
291.02488508652374
290.83856823431074
290.6542646207638
290.4718869878279
290.29142771170655
290.1127807896304
289.93524022852205
289.75933880562195
289.58507137606836
289.41235565671207
289.24131488724686
289.0723734352194
288.90499161710255
288.73925531920287
288.5751040666109
288.41238101433004
288.2508507007706
288.09084558112795
287.93226406898594
287.7764129168553
287.6241526735831
287.47130487540267
287.31986973563096
287.13860768589427
286.96733819267496
286.76958420013
286.6454803650894
286.5648394890006
286.574083595036
286.71590948321057
286.7631329091871
286.8317532633546
286.91128433627716
286.9992001077806
287.0938085475615
287.1903117000765
287.28840966694645
287.39213663676315
287.5017837566085
287.61736058536553
287.75336079667085
287.9074294803655
288.07724756896437
288.2635497266276
288.4670366739986
288.6875705702807
288.9259262818465
289.181792897022
289.4554429136702
289.74700924660027
290.04933226260925
290.3655993496599
290.69617717165875
291.04085632866645
291.3988654375514
291.7556441997801
292.1177540380386
292.48508322965506
292.85708628136155
293.23154968489223
293.59164837632323
293.94502046762045
294.29156490708493
294.6308634651804
294.8573568592341
294.68922568890133
294.9972946901993
295.28990996197433
295.5673257774696
295.830070622609
296.0785888792882
296.3119756985281
296.529322598125
296.730067874456
296.91393765861994
297.0808266091051
297.2285523350884
297.3552063980522
297.46083144113646
297.54586010541345
297.6106128157858
297.6532057914348
297.67281747720483
297.6698913936105
297.6449730336407
297.5985664637815
297.5299355562779
297.4394941035894
297.32775887010473
297.1952620761944
297.0427603266921
296.87354497609317
296.6894691714105
296.49078699414156
296.277595190964
296.0523014084496
295.8255231647265
295.6005472102121
295.37739756865363
295.15599987082913
294.93678069653726
294.7207008771964
294.5050896869975
294.2890918677665
294.0710038899022
293.8537009471165
293.64091106635965
293.432987713823
293.2306183140981
293.03016379892375
292.8309150224975
292.63225376074
292.4354715237988
292.24060018846404
292.04765730355496
291.85671858375207
291.66761994263226
291.4804065083718
291.295057726073
291.11151343881926
290.9297513385228
290.7496871483376
290.57141968275505
290.39492634024947
290.2201979862759
290.0472041561232
289.87579143276264
289.705964305514
289.5376571328395
289.37094771023186
289.2057182829144
289.04200014156237
288.87979038947293
288.7190857996377
288.5598602976785
288.4022224906084
288.24606862873543
288.09141659973
287.93817567387725
287.788487064814
287.6411522789867
287.4940723717701
287.33839828145994
287.1702221583294
286.9892146028663
286.81051536352913
286.6995241983221
286.6531836825381
286.7640161282443
286.92677679468227
287.0604128226009
287.17259316661017
287.2740105512056
287.36956750689404
287.4604067960919
287.54749170846077
287.63708186191815
287.73121518384136
287.8302971741003
287.9364724413477
288.05649283690144
288.19372321904035
288.34902797907364
288.5225093352984
288.7140178117064
288.923427006504
289.1507777925899
289.39620392691717
289.65960040340525
289.9407872610078
290.2390430282487
290.5529476124524
290.88142835793616
291.2236363191396
291.57571661739735
291.9328272959081
292.2939629912498
292.6584377239236
293.02576268362105
293.3885232342175
293.74010428764495
294.0808813342509
294.41142200414174
294.630588738497
293.63806675075625
293.7589817519032
293.8771745615716
293.9924684365639
294.10477969247285
294.21402329815794
294.3201183101272
294.42295797736267
294.52232456555004
294.61819580837914
294.71039951873104
294.7986303856276
294.8826183102765
294.9622020522048
295.03715311901647
295.10729933817044
295.1721181913876
295.2311725913902
295.28429527373635
295.3313589091265
295.372143275232
295.4059691953946
295.4326825022705
295.45224764684696
295.4644939105045
295.4694268129977
295.46689955935443
295.4569609831384
295.4396558467371
295.4150262364743
295.38391499814514
295.3499205373661
295.3136718432233
295.27550763917657
295.23556100326806
295.19403815730715
295.1507884024008
295.1022840014938
295.04848936986514
294.98881256671905
294.92590358121873
294.8609269730265
294.7947544784064
294.727822630142
294.6597066553681
294.59036482653715
294.5195942664462
294.44782012751796
294.37511430423007
294.30159556184134
294.2272999603574
294.15229648168355
294.07666804413583
294.00044075142984
293.92367100398127
293.8464278288434
293.7687826751565
293.6907134483648
293.61230337457465
293.5335853886947
293.4545396652874
293.3752394230076
293.29571058423215
293.21595629428685
293.13600985446095
293.0558735485118
292.9755484063227
292.8950455036993
292.81443082444173
292.7336866134875
292.6527678014303
292.57180785224847
292.49071893355637
292.4095586562325
292.32888159591556
292.2482380963783
292.16765854322335
292.0853411707409
292.00135723393674
291.91527654215827
291.82929532704617
291.7546419771479
291.6818634670647
291.61752139429484
291.5516086508703
291.48917971064407
291.43132187493734
291.37818545204817
291.32993466017047
291.2871383895574
291.25193158716905
291.2247410104227
291.20576499954507
291.1950667282538
291.1944406908126
291.20744680484313
291.2341629601271
291.27445895685446
291.32828771982724
291.3943562571428
291.47065349233435
291.55691603544346
291.65297012801193
291.7586535803775
291.8715396164044
291.9886223999447
292.10967360489343
292.2345532413172
292.3631339350343
292.4937968922072
292.6249672527966
292.7563346742635
292.8877172029766
293.01898025343183
293.1493196336104
293.27799902203765
293.40479121271267
293.52965036132514
293.613329278764
298.99902689362824
299.15932069639746
299.31107369654313
299.4543647592325
299.5898706436061
299.71840785191597
299.8387378273936
299.9486813139327
300.04834421923056
300.13841143658846
300.21945879952284
300.2900234769722
300.3482600292844
300.3945312124298
300.42957236215
300.45396311025445
300.46682785389976
300.4671141124725
300.4549941830163
300.4306635328577
300.39442119842937
300.34524221587264
300.28225576460807
300.2055364317573
300.1153689531987
300.0121667415332
299.89681203501436
299.7706973580698
299.63496420433466
299.49005957837767
299.3368263859707
299.1814041968836
299.02984061730405
298.88500357221125
298.74810959832877
298.61983094044587
298.50020858780096
298.3839149300147
298.2675865788449
298.150433901126
298.0325957772937
297.915324010423
297.8003953168554
297.6902845575519
297.58360308895004
297.4791874641678
297.37569202790223
297.273370273093
297.1724637465724
297.0730095703671
296.9750299030477
296.8784612037034
296.78319438949205
296.68923119178095
296.59642293609716
296.5047313025859
296.4140657151106
296.3242504789309
296.2353197062799
296.1472114967367
296.05985529616635
295.97323659998835
295.88722750832017
295.8018399960559
295.71698558400124
295.6326877815288
295.5488896481224
295.46550718601947
295.38255542197004
295.2999691901245
295.21781962831955
295.13591956785694
295.0543524583663
294.97309867618503
294.8927076775289
294.8134968989826
294.7351570019848
294.6563021479436
294.5744432960783
294.48914375067613
294.40120411471105
294.321341462352
294.26153973247415
294.2416033877514
294.25900214827965
294.2984481632451
294.3470008769879
294.39367384100507
294.4312899891449
294.4574313944345
294.4835888564752
294.52021833752315
294.5720889120609
294.6410313939985
294.7270426631202
294.82980068724305
294.94889183875625
295.0835272104729
295.2326330432354
295.394517963384
295.56664116513554
295.74706828052604
295.9347026747526
296.1287914776412
296.32799732446114
296.52963971767
296.7325409239001
296.9364045209056
297.1413503728307
297.34626822348594
297.54852194168365
297.74754665649675
297.9437047691719
298.13741312272793
298.3271317804667
298.50996830793184
298.68603144652116
298.8562328620032
298.9690162677024
300.39682358326934
300.53086324265786
300.6575669032278
300.77670291207914
300.8890635761585
300.9953748297544
301.0953407478622
301.18715139491934
301.2704250775605
301.3455776961349
301.41325317592816
301.4727317620317
301.5225759982217
301.5627082531941
301.59350876346764
301.61551509366757
301.628391806666
301.63106771272936
301.6235625421787
301.606139109248
301.5790691506808
301.54196551841625
301.4940421691662
301.4353573825978
301.36595294790715
301.28626979584465
301.1972488724018
301.10030217805786
300.9967336779924
300.8875311810092
300.7738704978145
300.66306776656893
300.56296366765184
300.47829740963226
300.41171165415665
300.3642064533791
300.33041307043345
300.27564381440476
300.20078064949087
300.1137313334366
300.0193099550824
299.9210016607264
299.82124848224015
299.7216647847735
299.6234285109828
299.52711226676615
299.4330656051801
299.34129883251444
299.2518727708944
299.1646000435321
299.0794713941264
298.9962931015681
298.9149917593743
298.8354268612365
298.7574654772088
298.6809495839749
298.60579089393616
298.53186152634885
298.45901543509075
298.3871799139196
298.31632395511616
298.2463738147183
298.1773462741384
298.1090525741637
298.0414966905222
297.9746267845162
297.90831937398985
297.84262089826575
297.777376807597
297.71250330157625
297.6479659884106
297.583688257336
297.51954447806713
297.4555180270465
297.3918448054237
297.3288067042186
297.26631195167784
297.20361275859926
297.13895894099903
297.0715868530121
297.0015078570999
296.93578836873485
296.88394575586955
296.86103619755534
296.87149688389985
296.90531301438324
296.9472781934818
296.984344909289
297.0087408115692
297.0182027517482
297.02096580253095
297.02613828054933
297.039292184998
297.06360992556927
297.10094080614095
297.152805919725
297.22048326834613
297.30455080958836
297.4047142718903
297.51981092172565
297.6473352936366
297.78481516268556
297.93048267736526
298.08309739300654
298.24142082860794
298.4030535334094
298.56660550205476
298.73143499410685
298.8974072463915
299.06405322377304
299.2293038831386
299.3923457621652
299.5530731770477
299.711817615909
299.8678567052651
300.0189995045191
300.1646710505111
300.30523170221585
300.39818018812366
298.04462101440083
298.1506696226879
298.25825246333414
298.36686990176105
298.4761305853101
298.58556113090145
298.6947843045539
298.8034746259773
298.91114585199455
299.01734306065066
299.12172067254625
299.2238107416296
299.32339170328555
299.41987633877045
299.512872615695
299.6019543643852
299.68685703676726
299.76711807642897
299.8424111594945
299.91235916933346
299.9765874847762
300.03490517325474
300.0870100716134
300.13266549617964
300.17166526883744
300.20377206378276
300.2288230958498
300.24679818710774
300.2577051980219
300.26172014688024
300.2589776599419
300.2498169787767
300.234675481304
300.2142258500675
300.1893577057601
300.1607732333247
300.1292583264143
300.0953400847316
300.0592505859086
300.02089050225914
299.98021772810336
299.9371977731922
299.89200288453037
299.84470875196655
299.79564943651945
299.7450736661367
299.6932095320951
299.6401093990327
299.5859305695576
299.53075590901824
299.4747430017724
299.4178916189285
299.36024242405045
299.3018805278678
299.2427895669361
299.18305560205795
299.1226441465124
299.0617320607357
299.00030392019966
298.93847558968224
298.87626270098593
298.81369961341704
298.75079061680356
298.68757732623527
298.62403633770737
298.5602008497761
298.49610933874527
298.4317799571532
298.3672346044548
298.3025085644365
298.2376193210196
298.1726135820993
298.107456113448
298.0420990559616
297.9765913054863
297.91091738271905
297.8451464103708
297.77934245122555
297.7134288288056
297.64724157807336
297.5806620708378
297.51357513301434
297.4463682764851
297.3802038399485
297.3172640139006
297.2595189783647
297.2079121172123
297.1622264138462
297.1216434148296
297.0849978979547
297.0511443817005
297.01950821549144
296.98997528508784
296.9628433404707
296.9385269367011
296.9176967167177
296.90089084274683
296.88877538092413
296.8820393167422
296.881337693385
296.88710430448094
296.89968340255786
296.91927226349645
296.9459649764348
296.97978368995774
297.02070781342366
297.06846429589814
297.122902315789
297.1835832315399
297.2502865768628
297.3227138791507
297.40052746958946
297.48337695736694
297.57085607827435
297.66268445666816
297.7584383774086
297.8575913704635
297.9595821304496
298.03027369220706
299.13185261489974
299.1523219718782
299.17324830021175
299.19458236628674
299.2163312772904
299.2383924170435
299.26073351394126
299.28318377292277
299.3057008185636
299.3281779853962
299.3505840110714
299.3727913737609
299.3947203800183
299.41619580687654
299.4372927117573
299.4578020052476
299.4777223382261
299.4969666480414
299.51546244688615
299.53307270503683
299.5498039411989
299.56552321836944
299.58012179141815
299.5935221613396
299.60566937233773
299.6165096053087
299.62620591727773
299.63511050986943
299.64325273472684
299.6508141850047
299.65776420882236
299.6642301529625
299.6703141344221
299.67616854779953
299.6819218250667
299.6876850606938
299.69329606070056
299.6963545798084
299.69729991425817
299.6966892368848
299.69486385498504
299.69187046107896
299.68795075889864
299.683204541267
299.6776828357212
299.67147700648434
299.6646923673305
299.6572095132362
299.64919620339856
299.6406487079622
299.63158140252074
299.6220032483319
299.6119994183785
299.6014898226042
299.59056961408334
299.5792406208015
299.56749115949486
299.55533784140226
299.54282258703836
299.5299174805813
299.51657316567344
299.50296016035793
299.4889608010714
299.47463201871005
299.4599310808896
299.444930268199
299.42957232394275
299.41387295700616
299.3978996805737
299.3816242215874
299.3649885771653
299.34806826411767
299.33081714919746
299.3132515970962
299.29541238610176
299.2772859363383
299.25894564389785
299.24033615770486
299.2212967924548
299.20179623184157
299.1817668887069
299.16153667855457
299.141877854808
299.12364100061154
299.1072097579478
299.0923154721221
299.0783612112231
299.06493471551187
299.0516493923767
299.03831176268534
299.0251006698923
299.0121111503942
298.9995973686169
298.9876436823331
298.97649348649327
298.96626810727656
298.9573510150116
298.9499034661154
298.9440789918926
298.93996469706485
298.93751236143436
298.93677189870175
298.9377249886021
298.9403568494432
298.9445702838628
298.9503308648759
298.95750015496117
298.9660449685497
298.97595310830883
298.9871857400411
298.9996402004049
299.0132470137676
299.0279862069429
299.04377211622455
299.0606513651898
299.07838741830375
299.0968915439709
299.1161615855854
299.12967525418395
306.0020419179468
306.0398335942964
306.0812504982553
306.12625744221896
306.1747804757082
306.2268306321505
306.28213660615336
306.34043852192764
306.4014826441456
306.46504438971266
306.53101428858895
306.59917631369376
306.6690751923438
306.7404421159999
306.8130154805234
306.88654610521536
306.96059467098314
307.0347599998541
307.10878828027035
307.18241081870553
307.2553848359394
307.3272158208124
307.3974170069697
307.4657595167291
307.53183779475506
307.5954472332579
307.6562867423254
307.71416042996395
307.7687661032958
307.8198779591978
307.86736045782465
307.91161529738457
307.9530260297604
307.991672413232
308.02769452547955
308.0611286809852
308.09188996616166
308.11847605989385
308.14090490424127
308.15933260108255
308.1738805257195
308.1847592206366
308.19217634833785
308.1963119083259
308.1973813752221
308.1954053310947
308.19064874153486
308.1831197152523
308.17297088135945
308.16030312948305
308.1451976838194
308.1277818276744
308.10815362884074
308.08644594789223
308.06271484574125
308.0370942833416
308.00963977198035
307.9804523235236
307.9495614741452
307.91708923013164
307.88306820091736
307.8475493772254
307.81065749128817
307.77240762981563
307.7328408330205
307.6919876833611
307.6499727561074
307.60678922858136
307.5624686009223
307.51710867860345
307.470821218082
307.42361386528637
307.3755218044277
307.32656635344415
307.2767445196268
307.22613060264405
307.17475341889497
307.1225172495839
307.0695080630589
307.01571519459185
306.961145723381
306.9058391956259
306.84986315684944
306.7934958751122
306.7372622343547
306.6815802992059
306.6264076897996
306.5717577161638
306.51758506320596
306.463937138436
306.4112228998017
306.3598054200168
306.3098845619926
306.26165685911775
306.2154328357193
306.17145805575944
306.1300105449342
306.091214604629
306.0552905134138
306.0224934458191
305.9928946895412
305.9666275329153
305.9437457409808
305.9242877909301
305.9083524383012
305.89594606823215
305.8870923352571
305.88169248060404
305.87994945790336
305.8818473698036
305.8874167683703
305.8966067937117
305.9095740546693
305.92635381412066
305.946911229401
305.971156765933
305.9990391853406
306.0305974188093
306.05410702719684
301.15343154098446
301.19809547420294
301.2457006191434
301.2960534761096
301.34904437305045
301.40447756266747
301.4622816073588
301.5221743658166
301.58392453886364
301.6473623268909
301.7122002920204
301.7781671043319
301.84488751548616
301.91205793436296
301.97938284418154
302.04677145832795
302.1137821848946
302.1801188777006
302.24546647093604
302.3096078650471
302.37230742197573
302.43326105051426
302.49220366867115
302.5488474617489
302.6030052323414
302.6544158570516
302.7029240403542
302.74840357696564
302.7906939348423
302.8297221789017
302.8653968627814
302.89805945470454
302.9281746283398
302.9561439614482
302.9821963174913
303.00675182818725
303.0294810542825
303.0482484630826
303.06342112888547
303.0751031476665
303.0834688883116
303.0887335961054
303.0910668228807
303.09068128870837
303.08772824616045
303.0823510300114
303.07465824214285
303.0647234233863
303.05265408067777
303.038573876581
303.0224849196154
303.00453495037266
302.9847805368449
302.96332248141397
302.9401992574468
302.915460262525
302.8892214396625
302.86150332634253
302.8323263903369
302.8018132172925
302.7700174533004
302.7369282968902
302.70266417275263
302.667197248297
302.63059952486987
302.59293062840504
302.55416836332546
302.51441214446606
302.47368260973246
302.4319740117526
302.3893566728382
302.34590994908064
302.3015932346519
302.25647401271186
302.2105453583416
302.16382130472834
302.11639710083057
302.06824000582606
302.0193304434679
301.96971990651747
301.9193505584739
301.86837132074146
301.8168571688197
301.76523869482656
301.7140797591333
301.66367644014156
301.6139132108001
301.56472832028476
301.5160245796222
301.46768163798964
301.4200559668427
301.37342058695737
301.3280115154986
301.2841021512829
301.24194966996953
301.2019013627223
301.16432153323194
301.12936013957665
301.09736731646507
301.0686010250114
301.04318510938197
301.0212957916289
301.0030812489371
300.98870332940464
300.9782439402914
300.97175441617924
300.96924116198545
300.97071780012254
300.9762818458985
300.98589401696614
300.9995544151793
301.0172110984434
301.03877557062214
301.0642871168048
301.09360955928116
301.12648776919593
301.1627947587489
301.20240898958673
301.2311514200721
307.36738664219627
307.409446307196
307.45526017658045
307.5047048284056
307.55745671970806
307.61340047905406
307.6722864352141
307.73393810265316
307.7981031372954
307.86467947848286
307.9333751885433
308.00401960513244
308.07643034925627
308.1504153079085
308.22566178571475
308.30198153812387
308.3791817133892
308.4569859005091
308.5352249864723
308.61356683640133
308.69177662262047
308.76964371511
308.84689428948985
308.9232537817249
308.9984011026675
309.0721352690611
309.1441501565892
309.21420799388756
309.2819410218084
309.34720133036814
309.409692799813
309.4692335453866
309.52582943044
309.57942805860085
309.63011907939966
309.6780713235557
309.7234279379287
309.7655558755713
309.8039447611862
309.8379575544369
309.8671922371312
309.89150090615243
309.9108322944983
309.9252466293095
309.934875334707
309.9399477556534
309.9406806901623
309.93732013279
309.93008722237164
309.91919700544065
309.90492013313576
309.88740269817487
309.8668742566979
309.8435440141157
309.81759769245946
309.78916173188856
309.75840550012344
309.72548394172065
309.6904780653032
309.65360019332957
309.6148867906973
309.5744769684671
309.5324381315236
309.4889097890313
309.4439315857893
309.3975997983103
309.3499958704479
309.3011430387154
309.2511348342021
309.200044202583
309.14791345743373
309.0947677557241
309.04064699541595
308.9856595294019
308.9297979325983
308.8731295192749
308.8156676929546
308.7574851992076
308.698612298448
308.63902436430743
308.57885039409786
308.5179830905321
308.45657722124275
308.3946292585064
308.3322539854633
308.2696690991916
308.2069492423679
308.14436573915384
308.0819766126172
308.0199232606949
307.95822986445535
307.89709646548334
307.83668460952794
307.7772832678041
307.71898680871936
307.66218838419906
307.60717214665345
307.5542533146792
307.50387112521497
307.45629466252564
307.4120072292742
307.3712690625668
307.3344058597792
307.30174299621757
307.27353386654113
307.2499960682358
307.2312244558284
307.2174678576202
307.2087441513402
307.2051545609331
307.20673228387966
307.2134097002591
307.22516339491204
307.2418430776479
307.2634395289268
307.2897095270169
307.32052313108284
307.3556934260913
307.38193517583267
302.86465851914693
302.918099412896
302.9757698596642
303.03749427113064
303.10303420880916
303.1722009383405
303.24470647880565
303.3204329697941
303.3990702710529
303.4804261518413
303.5642352611973
303.65029184850977
303.73826401375214
303.8277965472933
303.9186494625259
304.0104403364743
304.1028743794409
304.1956111712159
304.2882712967956
304.3805138758495
304.47194260042795
304.5622959587938
304.65113476015125
304.73821168903754
304.82315502980424
304.9056460748787
304.98549073107085
305.06228971054776
305.13572536465693
305.2056271896881
305.2716855048039
305.3338148137258
305.39195819891944
305.44621277565665
305.49662001090053
305.54325955483955
305.586213099877
305.62465860763916
305.65759536590264
305.6845487216636
305.7053019938716
305.7199023040624
305.72841282705747
305.7312092478219
305.7285316515864
305.72075127788565
305.7082814414526
305.6913693801393
305.67033968810006
305.64552829365
305.6172569235206
305.58574534525457
305.55129677866825
305.5141262973126
305.47446205229534
305.4325349131477
305.3885373387841
305.3425809886456
305.29486637599524
305.2455698884542
305.19477186101903
305.1425999392184
305.08919399390106
305.0346530883646
304.97905039077904
304.92249285699023
304.86508674918025
304.80679063718446
304.7477561786704
304.68806210913175
304.6277207307411
304.56675938248685
304.5052878337594
304.44329647376145
304.38085363795346
304.3180095270811
304.25476300884355
304.19115995866423
304.1272158011518
304.06295972153316
303.9984394464573
303.93371923113074
303.8686901137395
303.80346616932115
303.7380675946574
303.67249531443605
303.6067903455462
303.54107455844985
303.4753563358972
303.40979477964544
303.3445274104362
303.2798879610958
303.21618590083636
303.1537978763699
303.0930694325727
303.0343420869915
302.9781409352896
302.9247777092816
302.8746699213922
302.8282112151043
302.7857515114539
302.74748838878963
302.7137996264181
302.684875998865
302.6609747161301
302.6422425863181
302.6287999835479
302.62073051022116
302.61818717068905
302.6212166202286
302.62985010340424
302.6440253338783
302.66376635608424
302.6889125833908
302.7193926273193
302.7550706675397
302.79575899181214
302.84125725749004
302.87485767158796
306.0074926381346
306.0447039004258
306.08536275859143
306.12918378839174
306.17608093007703
306.22583579541964
306.2783763027741
306.33352930933444
306.39115903068557
306.45111976699656
306.51332814592104
306.57761249870975
306.64387618018947
306.71195091076186
306.7817045668516
306.8529577943974
306.92562464005556
306.9994204577692
307.0742496863386
307.14981875876725
307.2259468213864
307.30238556803243
307.37889209534194
307.45521316825585
307.5310751530624
307.6061796904412
307.68026170674
307.75302223007134
307.8242154650356
307.8934537408091
307.9604908467339
308.0251444173305
308.0873579036021
308.14703326245296
308.20427570715356
308.2591109719069
308.3116668270014
308.36123368483726
308.40692316681174
308.4480540908527
308.48405589023366
308.51458802789926
308.5395388105146
308.5589907978396
308.57313639938667
308.5821458978832
308.5863686176721
308.58598713120193
308.581303541581
308.5726358096484
308.56017977147377
308.5442090250719
308.52500648349377
308.50272814942457
308.47762561993085
308.44986207681853
308.41963906540633
308.3871237654833
308.35245593906797
308.31576613774047
308.27722874855345
308.23691796102736
308.19496108019143
308.15144011733133
308.1065502094828
308.0602144982844
308.0126157446203
307.963794619998
307.9138463728402
307.8628029952175
307.8107268118224
307.7576918383148
307.70375473147556
307.64890252457275
307.59329418460567
307.5369037057657
307.47973715987166
307.42189197256096
307.36342506032526
307.3043137578853
307.24464580568275
307.1843859984407
307.12359764241484
307.0623279828875
307.0006607898557
306.9387024579843
306.8765665100749
306.8143296379082
306.75207726875436
306.68989092350813
306.6279310121434
306.56631588297876
306.5052460820605
306.44504502149226
306.3859430757907
306.32827287507035
306.27239698549675
306.2186578131273
306.1674884164849
306.1191416775772
306.07409509264807
306.03262964767373
305.99505529115146
305.9615773254949
305.9325241296633
305.90803024112677
305.88828716704694
305.8733188498515
305.8632835341808
305.8581273923941
305.8578798804104
305.8624476730461
305.87179327518396
305.88572376891483
305.9041940287827
305.9269684537282
305.9538280515732
305.98466638773914
306.0077818918156
303.90885196988387
303.94476971837014
303.9845714341089
304.02805147667726
304.0751298449206
304.1256344174785
304.17937819302506
304.2361945740217
304.29590986993213
304.35838139583166
304.423479821687
304.490966736033
304.5606996299601
304.6324208089284
304.70591235040735
304.7809572699724
304.8573703684042
304.9347928432269
305.01310227191266
305.0919680270146
305.17108832255707
305.25028865369734
305.3293153656708
305.4078619224755
305.48571320034137
305.56264920392005
305.6383468274713
305.7126255381263
305.7852139856426
305.8558487893079
305.92430302797527
305.9903106474676
306.05383901994196
306.1147417863088
306.1730286733801
306.22867657611215
306.2816326615893
306.3315377005435
306.37755964317773
306.41915440419575
306.45588489851934
306.4875211861979
306.51395184336076
306.5352045344937
306.5513868710285
306.56257060178297
306.5691062797488
306.57104291041935
306.56866812026277
306.5621458466743
306.5517271995633
306.5376384878788
306.52009657639394
306.49925396108324
306.4753291544718
306.44854674887273
306.4190759960305
306.3870195675645
306.3525826961196
306.31595604482675
306.2772020896841
306.23653049027155
306.1940028321848
306.14980843505435
306.10397510956864
306.05668896735597
306.0079602830502
305.9579562542634
305.90676086971746
305.85439218250247
305.8009950197863
305.7465386621675
305.69122346010045
305.63501885498596
305.5780212030071
305.5202440053242
305.46180411026364
305.4026894572049
305.34296882687227
305.28270505985955
305.22191913524387
305.16062685818684
305.0988733391452
305.0367660024151
304.9742183349091
304.91137629642196
304.84823179558236
304.78492623069474
304.7215234603807
304.6580952610801
304.5948378548183
304.5319377107985
304.46960867842165
304.40814846431283
304.347824873839
304.2889501975885
304.23180218362006
304.17676903429157
304.1241545305366
304.0742947587514
304.02747138170884
303.98405582814877
303.94427862458815
303.9084148550672
303.87665404594844
303.8492603117751
303.8263014571619
303.80803220108334
303.79446122652735
303.7857299015807
303.7818428001539
303.7827752986609
303.7885710289705
303.7991003167769
303.81433979396337
303.8341603726369
303.85849229202506
303.88708436634477
303.9089674853274
305.12935782535976
305.2164640996872
305.30201975656166
305.38610156916775
305.46862500330104
305.549569024722
305.6283065885303
305.70351042614726
305.77484294395714
305.8422956273422
305.9059692424939
305.9652753136677
306.0193366916931
306.0682043170096
306.1121734407087
306.15143222799503
306.1857326539378
306.21479716916514
306.23858531077866
306.2571225213541
306.2705557733455
306.27843776465875
306.28055998012377
306.27686891785606
306.2671866343462
306.2514747888039
306.22966826583263
306.2020209597807
306.16891241414874
306.13087147307846
306.08877011747154
306.0453443744313
306.0032296577886
305.96371599410696
305.9272298676342
305.89411211706863
305.8646096414228
305.83504145648766
305.80263807092206
305.76705782357107
305.7283363350829
305.6867213870744
305.6425748890245
305.596247040896
305.5481950296593
305.4989013356977
305.4486501877599
305.39765763357417
305.3461993229511
305.2943317654437
305.2421724896501
305.189809298006
305.1373445028409
305.0846712842274
305.0319515257248
304.97911023764567
304.9261159759365
304.87309193316514
304.81995314165414
304.7667298149643
304.7134409510609
304.6601075627769
304.60671113329613
304.5531644882131
304.49951216871
304.44566177758946
304.39163596123916
304.3373889100217
304.2829631087677
304.2283256149194
304.17360076290737
304.11874140447827
304.06371128603854
304.0084711488419
303.95313038033834
303.89749669659284
303.84168672469735
303.78578388209706
303.7297142795568
303.67338061103584
303.6166889845787
303.5595434750232
303.5025601783865
303.45131870897507
303.4140643561155
303.3918321191865
303.37986692568023
303.3740040667484
303.37181085078726
303.3718833839479
303.3730644874692
303.3745984928871
303.37739738253117
303.38305543092866
303.3932661854535
303.4106658611727
303.43674934854386
303.471730654954
303.5149256337253
303.56562957669064
303.62327167409967
303.6872507868102
303.75678531409125
303.8312913163552
303.9098484992686
303.99127973860766
304.0750646363916
304.16089816116596
304.24872592771663
304.33813658079
304.42836877251557
304.51903578239774
304.61015887160005
304.70169573857686
304.7932235573596
304.88413498717586
304.9742021885933
305.0634542405299
305.12374286474665
