290.41526734398764
290.5853909659784
290.7457834234054
290.8969423529321
291.03924721081574
291.1721455999879
291.28843566064904
291.39257222954444
291.4858270013213
291.56861046049755
291.6404646355965
291.6986206656646
291.7450441750909
291.78016433952325
291.80414867297867
291.81613810918606
291.8131747017906
291.79798115712555
291.7707739924168
291.7316444194669
291.68095532767984
291.61853584518127
291.5448165591935
291.4601549079479
291.3645934850614
291.25950737915025
291.1466535499353
291.0250597561893
290.89492693398347
290.75633706478254
290.61956225264487
290.49076671338844
290.36194680763083
290.23268834735234
290.103032357154
289.9764926709784
289.8538367806516
289.7320674557981
289.61170902836636
289.4926575984908
289.3449381252583
289.209178342975
289.08314632227757
288.95953647794863
288.83782285686607
288.72275355014085
288.6077461441299
288.49465982499623
288.3835324498187
288.2743513284503
288.167657965635
288.0629943243048
287.9602129536634
287.85922180313094
287.7600532831965
287.66264219628295
287.56696811799674
287.47299373325586
287.38069825838716
287.29003031581885
287.20075987827886
287.11318415463097
287.02719859497205
286.9426945997531
286.85975749809666
286.77837900355587
286.6983058785561
286.61952776730874
286.5420357818654
286.4657618036814
286.3904235160048
286.3161438150875
286.24285045299865
286.1679994072517
286.08997913135886
286.01659210849823
285.9436976150844
285.8710606107441
285.8546139456185
285.9794189420063
285.97884046098045
285.98752489511355
286.05072904682334
286.0834972834833
286.10024659223336
286.09785431271126
286.0935870133588
286.0884901079418
286.08265471567165
286.0996923679597
286.1425942989412
286.1913689474414
286.2443935069484
286.30112006080327
286.3695333412969
286.4502781263992
286.54011816082954
286.63918887443566
286.74782047057096
286.8607415275936
286.98152202722025
287.1124676782464
287.2537133725646
287.40514127473824
287.5696419978376
287.74426082619647
287.92796287569695
288.1205014962638
288.3218997767688
288.53206358896966
288.7466079014354
288.9654523714578
289.18861398255706
289.41487411168134
289.6296388289756
289.8398914192614
290.0468099313342
290.25054491107454
290.38729175618397
290.71482319440656
290.88941847457903
291.0497812498537
291.1980932559684
291.3359167001589
291.4641220632302
291.58194777427553
291.68792718726206
291.7824242442639
291.8660251919869
291.93906263080754
292.0010369403893
292.0519454082111
292.0919325764874
292.12118133178535
292.1398195500824
292.14710122297174
292.14264017659326
292.1266000818964
292.0991551417263
292.060571952962
292.0115351123277
291.9525345625447
291.88364572817045
291.8048227571471
291.7163270767266
291.61999653837063
291.5164448840059
291.40546860886167
291.28692101739756
291.16219539249414
291.038622761459
290.9175409096961
290.79851466276534
290.68104116398
290.565479940286
290.4529487646607
290.342403933377
290.2329467675007
290.12458211338
290.0131072622571
289.887239365011
289.76253043985065
289.641116275135
289.522690353986
289.4078264842355
289.29779938065025
289.1901660860016
289.08484174490127
288.9817465581283
288.88089695776733
288.78217675340625
288.6854199446563
288.59055141586197
288.49750660158696
288.4062287574379
288.31670255833865
288.2288944281401
288.14276526153105
288.05821944844627
287.9751302407216
287.8934289939459
287.81322198754015
287.73447362046795
287.657109087833
287.58092892320445
287.50580538484854
287.43170027834213
287.3586192625351
287.2865117264957
287.2154101145504
287.14517236271314
287.07573464124886
287.00701666573934
286.93464511785777
286.8602807124836
286.78797209526584
286.7165959112607
286.6470978580049
286.65452979878694
286.68519512503826
286.71252376866715
286.7721574862272
286.8697235448585
286.9558192426128
287.01922571454395
287.06721086440706
287.1048796116962
287.1348481112879
287.1577853832712
287.1698231541956
287.1745819782478
287.17603793445204
287.1760881324827
287.1808218760812
287.2048959609416
287.2481916049327
287.30787882913
287.3820750039368
287.46815433537256
287.5641270876817
287.67128194864256
287.7899541961213
287.9198904546338
288.0618666766166
288.2172110102493
288.384462109764
288.56227877467194
288.7496661392575
288.9447117989481
289.1438975788998
289.34668531721087
289.5528059459758
289.7619599501812
289.9695904363511
290.1713382307686
290.3671574117445
290.5575735742869
290.6842872771142
294.8241579441664
294.89226105011807
294.95900338683856
295.02419401089674
295.08778750311996
295.14973757481147
295.2097468330189
295.2675763124794
295.3231050396624
295.3762969594772
295.42708116175726
295.47540863824184
295.52123171564
295.5644884274621
295.60505192997084
295.642883990449
295.6776118432051
295.7090701176029
295.73708859694347
295.7617298815538
295.7828534212558
295.8002261586668
295.8136645000742
295.823173547873
295.82869364305265
295.8302238848036
295.82775973267474
295.8213366985098
295.8109427060475
295.7966214795469
295.77868227105114
295.7587727342072
295.73729776593535
295.71439702693954
295.6901363399297
295.6646608647673
295.6383961999607
295.6103275130883
295.57930046138654
295.54575449689503
295.5099254843799
295.4698416525829
295.42803534788453
295.384962131908
295.3409176541795
295.2963463593455
295.2516680280895
295.2065885998067
295.16106584135355
295.11521398504345
295.0690475184809
295.02269176398136
294.97623161651046
294.92961789139633
294.8829585785097
294.8361861298894
294.78939693030475
294.74257872776906
294.695728125251
294.64889005010895
294.6020866106286
294.5553173124235
294.5086516704383
294.4620293802971
294.41546719230706
294.36901868189705
294.32266910872386
294.27646037534777
294.2303739464807
294.18442219698807
294.1385882173896
294.09294611400395
294.04744875008515
294.002088300186
293.9556945171001
293.9093559701051
293.86309378139555
293.8168881512729
293.77088231151276
293.7342083440062
293.7004082683727
293.67031398662346
293.6439350217877
293.6192868595105
293.59434090569755
293.5715457353384
293.55143456697505
293.5341430065197
293.51975362902925
293.5083214812938
293.5003844599837
293.49619048110077
293.49575705199055
293.49915562364527
293.50689677775904
293.5203236309939
293.53959719481895
293.5646177297543
293.5954038368241
293.63159273708317
293.6723285837349
293.7175356803948
293.76715714258563
293.8211476370098
293.87877608336004
293.9389321791476
294.0014474251851
294.06628184511544
294.1334196852727
294.20215764102943
294.27170353638314
294.34189653978603
294.41263407327716
294.48385323703263
294.5551364004504
294.6259913573425
294.6962823656574
294.7659769059825
294.8129555404964
289.7378581756241
289.8206021018452
289.8993073578556
289.97351272731936
290.04360044757476
290.10997357613434
290.17234904523053
290.2296976118263
290.28194671921096
290.3293252637492
290.3720236565446
290.40937751493584
290.44033847147836
290.4650583317553
290.48367523213653
290.4965602837387
290.5032140759971
290.50299573237834
290.49601318483656
290.4824068099391
290.4623212519676
290.4356006515027
290.4018986059805
290.3613182106521
290.3140825486649
290.26048907192234
290.20094674998825
290.1358433392369
290.06572983937286
289.99075087934887
289.91149729726936
289.8316297990383
289.75496363390096
289.6833251357789
289.61752795675574
289.55778302983
289.5044735297033
289.45738277473635
289.41540047912474
289.37753910616897
289.3433156730853
289.3087240840103
289.27286286610644
289.237148033883
289.2024605034055
289.1693704164187
289.1398699811271
289.1128364881949
289.0874854083663
289.0634365610921
289.0403776226943
289.0178919744014
288.9957595388722
288.97394318917173
288.9524085544549
288.9310496737751
288.90970716658506
288.8881284984899
288.8663469637209
288.84428943641734
288.82184356145194
288.7985878142883
288.77439203207825
288.7492184410584
288.7231969008254
288.69614026602255
288.66780513796436
288.63808477269026
288.607097289015
288.57488385926456
288.54140468393814
288.50642902686826
288.4699427370631
288.4320524550353
288.3916285941023
288.34787506631864
288.3016086168297
288.25346183017047
288.20401674089914
288.1587362070505
288.1204022104691
288.0884067755323
288.0680549426229
288.0611289379869
288.062031586963
288.06412139911464
288.0628444868774
288.0552680084551
288.03989310912834
288.01691159382653
287.9931550215756
287.9746834028196
287.9641628418777
287.96262581775466
287.97017982895517
287.98704392243377
288.01330185628785
288.04867304396237
288.0927598404063
288.14489624357674
288.20389800466097
288.268909050535
288.33943356536605
288.4150694503463
288.4950028783766
288.5776260028505
288.6623310597019
288.7490127370657
288.8376316390003
288.9278161849037
289.0183713968345
289.1089748703275
289.19964020169067
289.2906147322026
289.38125083817044
289.4699446508674
289.5565302232556
289.64114486565836
289.69771463156474
290.4766457838734
290.54452923554777
290.6092456136841
290.67030393379576
290.7277941208917
290.7819222688225
290.83241533576097
290.87827778703075
290.9193128805104
290.9557725656738
290.9879228258794
291.0156176246676
291.0380525140157
291.0552447153365
291.067314544552
291.07453275445664
291.0768588142463
291.07386678857955
291.0655318250567
291.05193020210373
291.03320103762843
291.0093153296528
290.98004097748526
290.9454759592618
290.90576501028494
290.8611590121656
290.8120065812332
290.7586870940006
290.7015878690862
290.6411489946749
290.57760045147324
290.5133603511528
290.45146072300446
290.39382018775837
290.3416309679876
290.2954844132643
290.2550950864478
290.2159463322774
290.1759130051222
290.1350572780846
290.0941184290633
290.0538537790487
290.0144586263276
289.97600454600513
289.93858092342447
289.9022391039965
289.8670207571134
289.83312131863846
289.80051249108107
289.7692530009748
289.7393673717189
289.7107542725303
289.68349272311866
289.6575848528921
289.63308492856885
289.6098892971004
289.58805569767225
289.5674241343964
289.54788054560794
289.5293509039837
289.5117584643664
289.49486128603513
289.47841313600117
289.4621210547842
289.4457936932352
289.42930700826594
289.4125452455537
289.3953800679697
289.3776571045236
289.359434365392
289.3405613555101
289.3208917151452
289.30036894511227
289.27898579980206
289.25609126310025
289.23090996673807
289.2034211772914
289.1738867262757
289.1428483711026
289.1140608794368
289.09009508466687
289.07148469164605
289.06212323528314
289.06458176519965
289.0764177492076
289.09164012555186
289.10399899355974
289.10913107149173
289.10484149833206
289.0912330502906
289.0730040988532
289.0551352881268
289.04040641174754
289.0305547010606
289.0264419993854
289.02898497522114
289.0390861571453
289.05732038634466
289.08380353317176
289.1183602957276
289.1602101563559
289.20851317798144
289.2626115741053
289.3219721791661
289.38599147685784
289.4534206519191
289.52338137582433
289.5954433149785
289.6693269136604
289.7445193265122
289.8199004621804
289.8951002584127
289.9699815354524
290.0447458331832
290.11934789135756
290.19278063599944
290.2645848761206
290.3348631731812
290.38186099554315
289.6051042929693
289.6495649586427
289.69510275086117
289.74148743725664
289.7884436641782
289.8357013147551
289.88308115934717
289.9303409041809
289.9773519574174
290.0238361907619
290.0696049336271
290.1144619516371
290.1582919711201
290.200693920901
290.2415036295547
290.28043097220444
290.31736900555444
290.3520452467864
290.3843381490754
290.41399084968106
290.4408649001773
290.4648761641267
290.4858200611249
290.5036311432903
290.5181953559135
290.5294475472655
290.53730718272305
290.54183919595886
290.54305483081265
290.54106817658754
290.53598915637275
290.527969192693
290.5172983422487
290.5042429751018
290.4892610573082
290.47265539537744
290.4548584308884
290.4361246092752
290.4168077838842
290.3970665895272
290.37709201311463
290.3570163483329
290.33688404452124
290.3166447048659
290.2962687205166
290.27575041701186
290.25519023197137
290.2346549981901
290.21433753098347
290.1942668856681
290.17451957834425
290.15507935885967
290.1359255883015
290.11703170773575
290.0984037965656
290.07999456602465
290.0617481670449
290.0436820450834
290.02571425000735
290.0078638571698
289.99008030491524
289.9723673236809
289.9546162375796
289.9368393282146
289.9189748710596
289.90093241154017
289.8827826906229
289.86433723348915
289.8456268292683
289.82653522658603
289.80705157848394
289.7871857963287
289.76685293078094
289.7460675448865
289.7248112595433
289.7029832823103
289.6804952074222
289.65717599359897
289.63297599258675
289.6078824926333
289.58215159504795
289.556262896834
289.5307255323964
289.50609335942124
289.4831121925103
289.462098705713
289.4430408565197
289.4255877250155
289.4091118779207
289.3930527526043
289.37691533938715
289.3604499947984
289.3435850858584
289.3265958785828
289.3097315309811
289.29342747562134
289.2780113855745
289.2639206669337
289.25168962596246
289.24172106984736
289.23431669841324
289.229795227237
289.228359398445
289.23012929499936
289.2352242995686
289.24371477220853
289.2556100479655
289.27083468172134
289.28929169229343
289.31095900142685
289.3356856171538
289.3632770526192
289.39362838427377
289.42647287438245
289.46168338917795
289.49905803292467
289.5384037806765
289.5794840301
289.60827438950906
289.93689899465363
289.9443003113492
289.95199265653474
289.95994913348846
289.9681590072985
289.97657565834453
289.98518248972243
289.99385772306135
290.0025617806168
290.0113247506533
290.0199723678
290.0285950159618
290.0370594429669
290.0453602187424
290.05345180692797
290.0613296140761
290.06887410414066
290.07611069878516
290.0829708021481
290.08942946460246
290.0954507249603
290.1009904204571
290.1060411682495
290.11053730545206
290.1144763646846
290.1178503603732
290.1206809256567
290.12301841785336
290.12485439535726
290.1262633393848
290.12718379205506
290.12767339332476
290.1278390306951
290.1277995051118
290.12756202780787
290.1272259446717
290.12678158754363
290.1259670523751
290.1247596417714
290.12317478781824
290.12139243996853
290.1193963550406
290.1171854894676
290.114859375676
290.11233380600066
290.1097126847433
290.1070242613164
290.1042920999042
290.10157681723206
290.0988129589193
290.09608220073943
290.0933677107105
290.0907204015135
290.08808998058163
290.08550970337706
290.08300096673383
290.0805144972992
290.07809646930457
290.07569251335696
290.0733327422439
290.0709458205876
290.06855716622493
290.066115513977
290.06357337535235
290.06098445825523
290.0582860251122
290.05547968771333
290.05252431343285
290.0494494994875
290.04623224418015
290.0428590125081
290.0393052091566
290.03555468636165
290.03162615978687
290.02743817953336
290.0229363454769
290.01812449328554
290.01299512096114
290.0075610593688
290.0020697469839
289.99671291236706
289.99166304736
289.9871762165511
289.98354976497916
289.980693947404
289.97820791751207
289.9757993226352
289.9731513569816
289.9701097290814
289.96657806240233
289.9625872885323
289.95811536867416
289.9532632433648
289.94800457920564
289.9425179094681
289.9369326725173
289.9314850577208
289.9262864386932
289.92147695820455
289.9171095512632
289.91330208381595
289.9101162872882
289.90757077902816
289.9057004732613
289.9045301305221
289.9040532287538
289.90417468186365
289.9049379312209
289.90635021344724
289.90838280567334
289.9110346440889
289.91427840199225
289.91808074312087
289.92247468554575
289.92738193161927
289.932770316186
289.9385893746055
289.94485478611847
289.94931125815646
295.2601497204491
295.2848669475935
295.3109679344324
295.3383991372941
295.36710200483645
295.39714657270315
295.4283935444182
295.46088201188473
295.49441855659836
295.52891113003255
295.5643458047629
295.60049157533524
295.63719725585247
295.6742498290967
295.7115457519671
295.74894918983324
295.78630082483016
295.82337406590085
295.86004833543996
295.89613290433863
295.9315507632389
295.96611869264797
295.9995662120033
296.03182726994595
296.0626597640811
296.09194600226414
296.11960015754505
296.14550996034006
296.169607019841
296.1917328701495
296.21190546103594
296.2302336459749
296.2469571706859
296.2621114405062
296.27575746307684
296.28799200685734
296.29875918504877
296.30794420671816
296.3153517698911
296.32106672760926
296.3251802665734
296.3276794578091
296.3285727935505
296.32786891331114
296.32573269455594
296.32214790269205
296.3172128690302
296.3109542682501
296.30346133198253
296.29470027842746
296.28474460016946
296.27359968510154
296.26139345795343
296.24811845942594
296.23379962337685
296.21848249195796
296.2022411889245
296.18511682579793
296.16710748996786
296.1482902399412
296.1286395581243
296.10825764766946
296.087109722967
296.0653009273442
296.04278298446945
296.0196035248779
295.9957949766715
295.9713744703067
295.9464037568929
295.92086042657036
295.8948633837786
295.86839400741155
295.8414606117499
295.81413265285823
295.7863462802305
295.75815834181844
295.72962386338133
295.70078894469896
295.671709205244
295.64234267142194
295.6127789370529
295.5830266692757
295.5531834054059
295.52333260092024
295.49361480496276
295.4641040438979
295.4347818125238
295.40567102216227
295.3767962165771
295.34821544765293
295.3201244227024
295.2927468938862
295.2662096683097
295.2405624010564
295.21601124932755
295.19276293261504
295.1710729229478
295.1510484111425
295.132753398069
295.1162832699254
295.1017042390931
295.0890691469836
295.0785295690751
295.0700751849433
295.0637927490904
295.05961353044967
295.0575158186552
295.05753857208526
295.05965044432605
295.0638892966789
295.07019816150216
295.07852483983777
295.0888375833265
295.10120042078006
295.1156022244142
295.1319607294755
295.15025784445714
295.1704645080658
295.1852643060192
291.36496833855074
291.3931689154709
291.4226256473168
291.45326665456923
291.48494772370594
291.51759054996813
291.5510523714309
291.58525955890315
291.6200470620773
291.65525541000704
291.69078261836466
291.72647186696474
291.76210996016937
291.79759026238196
291.8327089872404
291.8674061083461
291.90148965156334
291.93482360728876
291.9672251665505
291.9986055747144
292.0288668521589
292.05781344297526
292.08534620716114
292.11129236979133
292.1355850822485
292.1580809452466
292.1787647797756
292.19753019478816
292.21433503621614
292.2291729059318
292.24192790359837
292.25286747343955
292.2621728193513
292.2700286751544
292.276629063049
292.28213255013503
292.28667028710777
292.29017795403774
292.2924889169192
292.2935588841302
292.293431719107
292.2920853521135
292.28942806097916
292.2855124816566
292.28036197902713
292.27409336452837
292.2667488084171
292.2583914971024
292.24906090915886
292.2388274728028
292.2277139797438
292.2157878866459
292.2030949969169
292.1896518109569
292.1755065420316
292.16076369938946
292.1453920661652
292.12942284530914
292.1129024984755
292.0958484069735
292.0783119719088
292.0602516878104
292.04171384219075
292.0227006237237
292.00319458531123
291.9832288278329
291.96279952847317
291.94190164896094
291.9206251202056
291.8988750951778
291.8767212667314
291.85421319940315
291.8312915979326
291.8079674629004
291.7842910429759
291.76019886310786
291.7357276100533
291.7109147671013
291.6857230694293
291.66023656531996
291.6346100213597
291.60885231178077
291.5830861730424
291.55750324673016
291.53218882377763
291.5071393817555
291.48226097477664
291.4574906321672
291.43274633617636
291.4080177687413
291.38345131658855
291.35923694032067
291.3355193697788
291.3124900881182
291.2902986527159
291.2692060166574
291.249481723006
291.23127953375854
291.2147575167186
291.2000394645948
291.18731571551905
291.17663206132863
291.1681119781905
291.1619236106141
291.15802769138656
291.1565204376291
291.1573462054998
291.16048477616704
291.16603252473004
291.17392331493136
291.18413865025457
291.19656977617444
291.21121936514044
291.2280695891385
291.2470284636647
291.2679902443138
291.2908181285294
291.3154160339783
291.3331720953153
299.6910892296837
299.7091192017668
299.7294144394888
299.7518967855137
299.7764185859408
299.80286021467646
299.83108172695296
299.86099527653687
299.8924211409145
299.92528877098147
299.95942008018017
299.99470739164224
300.03102719934236
300.0682812162921
300.1062397257982
300.14483637028417
300.18397738633513
300.2234634435254
300.26319965964024
300.3029485146217
300.34267852144046
300.3822264881746
300.42137493841074
300.4600121738455
300.49806202524013
300.5352709243461
300.5715453194044
300.60676893947107
300.64077747967184
300.6734504566371
300.7046716917565
300.73432034428276
300.7624085409501
300.788873067889
300.81374125359093
300.8370440535496
300.8588709252092
300.8792324211559
300.89817328292094
300.91565458402806
300.93152868549373
300.94575240190244
300.95811582640664
300.968643573849
300.9772602928977
300.98394630423905
300.98875526388747
300.9917376317806
300.9928982334884
300.9923262021112
300.99012482887645
300.9863232877757
300.9809874221886
300.97421041998865
300.9660394267936
300.9565510520212
300.9457845388542
300.93384443854114
300.9207519300471
300.90655012919336
300.89127408669253
300.87498909086554
300.8577467991977
300.8395376126897
300.82045048068164
300.800487529091
300.7796979960636
300.75810264982124
300.735746231846
300.71260379852896
300.6887764888562
300.66424076823256
300.6390179592834
300.6131472210086
300.5866036606665
300.559480258782
300.5317056073358
300.5033822768649
300.474454648188
300.44495416435126
300.4149150220001
300.38437316052983
300.353377445556
300.32192331992644
300.2901111779108
300.2579850737532
300.2256485959052
300.1931508481406
300.16050516032317
300.12777931056536
300.0949960008684
300.0622655651654
300.02959934195513
299.99718400277067
299.9650566553962
299.93334103424075
299.90227092419497
299.8719195388109
299.8425344080235
299.81426246499166
299.7873500317622
299.7619834516782
299.73832708713434
299.7165456138328
299.69678996339263
299.6792561431712
299.6640312279416
299.65120496172636
299.6409103842099
299.63319428058117
299.6281374369707
299.62572568317086
299.626050626265
299.6289824223185
299.6346389352431
299.64290335904275
299.65377906124735
299.667190393166
299.6776921292068
297.89027943490754
297.9131234161229
297.93813686397414
297.9652677388705
297.99434039830345
298.025258905497
298.0578534779117
298.0920227755823
298.12763777378666
298.1645520361617
298.202630978915
298.2417101236672
298.2817173123006
298.32239145425757
298.36367521548755
298.40537605669874
298.4473905527198
298.48949410288697
298.53156700916344
298.573458325161
298.6149557921836
298.65595935846835
298.6962975812506
298.7357866534136
298.77427593014323
298.81165463158425
298.84777110171115
298.88250664175195
298.9157435198454
298.9473563092494
298.97727175048124
299.0054322507321
299.0318036418055
299.0564985509999
299.079492939457
299.1007932908837
299.120482923913
299.1385724484264
299.1549839698733
299.16954575825724
299.1821778938617
299.1926998179147
299.2011703474842
299.2074860568509
299.2116839550324
299.2138370082203
299.21401815248424
299.21223789431224
299.20867408814496
299.20335728610047
299.19641481180213
299.1878960557403
299.1778812376667
299.1664334325461
299.15369372398135
299.13968945613874
299.1245043010011
299.1081730007802
299.0907383350971
299.07230711639295
299.0528613413211
299.03245739055575
299.01120747928286
298.9890810324973
298.9661671589448
298.94246450199506
298.9180705933696
298.8929528123376
298.8671617278757
298.8407758546924
298.8138024174275
298.78625575588285
298.75819214087556
298.7296352223312
298.70060955786704
298.6711082726515
298.64126120806196
298.61097995691813
298.5803459115316
298.5493763931244
298.51812844641233
298.48658973244676
298.45479847147664
298.42276002033964
298.39057295944934
298.3581688339784
298.3256053924596
298.2929647312539
298.2601916356067
298.22741695079156
298.1946868147815
298.1620971426945
298.12975825117576
298.0978874076071
298.06660790958244
298.03607444665977
298.0065714222774
297.9782514883277
297.9512915623975
297.9259514331036
297.9023920295351
297.8807562120564
297.86118046958956
297.8437876171716
297.8287343780029
297.81607908150204
297.8058844713091
297.79823577021335
297.7932085852417
297.79081734707546
297.7910672957157
297.7939672458519
297.79953635555347
297.80773178979024
297.81856618884706
297.8319764135336
297.84792029364843
297.8663137532914
297.88018326878904
304.41581369081695
304.42915048499765
304.4445216035404
304.46182395191477
304.48096940005485
304.50183654928355
304.52435572212875
304.5484809887308
304.57407589998945
304.60106236189523
304.62935250187917
304.658849696506
304.689470316827
304.72110308649894
304.7536610461612
304.78708837345505
304.82120040496926
304.85595553468613
304.89118226220836
304.9267780944198
304.96262510190905
304.99856042914337
305.0345274429533
305.07032940544246
305.1058611647383
305.1409664777821
305.17556909020504
305.20946345513164
305.242585793855
305.2747952109963
305.3059683795808
305.33605263591096
305.3649953756863
305.3927339905766
305.41934665448
305.44483783654374
305.469264195569
305.4926694014467
305.5149194246625
305.535868221984
305.5553795556305
305.57320046422194
305.5891732771731
305.6031921949143
305.61521997795273
305.6251714249692
305.63314303206676
305.63917288224513
305.6433111090557
305.64571383274676
305.646413237206
305.6454892756654
305.64307690695483
305.63918385609844
305.63394651869845
305.6273806542124
305.61959373669833
305.6105769108724
305.6004549463959
305.58921499640104
305.57694376968584
305.5636599622167
305.5493968259621
305.53413980171905
305.51802535811316
305.5010037740467
305.4831552614065
305.4644313098441
305.44495210573996
305.42464472907005
305.4036212945326
305.3817986856226
305.3593264128981
305.33609023958417
305.31219633069054
305.2876124665046
305.26234367519436
305.23649266255006
305.2099677511706
305.182810828673
305.15509025133105
305.1267816216201
305.09794876363213
305.06860230121396
305.0388333929156
305.0086812193647
304.978165913917
304.9473444310085
304.91624280899214
304.8849234074331
304.853415846916
304.8218000358793
304.79013832727964
304.7586109196422
304.72725995209277
304.69624271931997
304.6658118913219
304.63605888672816
304.60719147682806
304.5794276337173
304.5528731923958
304.52779453683434
304.5042789565255
304.48245739940904
304.4625614261295
304.44463387989424
304.4287942515825
304.4151192219142
304.40370765564944
304.3945969440971
304.38777885162847
304.383351734421
304.38127372996826
304.3815559505983
304.3841627994206
304.38904111357283
304.3961908152036
304.4055448296906
304.4131037735065
301.2797108714592
301.29357523874063
301.3094967584092
301.32741781662685
301.3472450214799
301.3688938471527
301.3922085045032
301.4171375895766
301.44361335623495
301.47145595996994
301.50061525919784
301.53100065706843
301.5624597925578
301.59488410422415
301.62818280181153
301.66222122910517
301.6968856154856
301.7320652265886
301.7676351322173
301.803484526383
301.83943473663174
301.875401909567
301.9112941165341
301.946965189094
301.9822751158222
302.0171225370923
302.0514047407343
302.08498207025804
302.11778808193947
302.14967949834727
302.1805655343852
302.21033740913373
302.23897576415794
302.2664511636642
302.29271822254367
302.31778535042474
302.34170670188223
302.3644401472877
302.38591349468237
302.40596711514223
302.4245094481964
302.4414218729503
302.456557067697
302.46989410099246
302.481313809127
302.49084452674913
302.49850710423226
302.5043372227548
302.50833363074577
302.51057679382535
302.5111383654088
302.51005901376294
302.50745150276146
302.5032786814336
302.49767892448176
302.4907126702196
302.4824293439384
302.4728285459303
302.46201616557425
302.450071704001
302.43697362838844
302.422786069048
302.40758545032014
302.391392360377
302.37422340265044
302.356181662724
302.3372194152388
302.3174269889357
302.2968490605759
302.27547170782674
302.2534000541017
302.23056412593985
302.2070588441391
302.1828855965501
302.1581306098249
302.1327191506516
302.1067717050625
302.0802422665229
302.05319158625315
302.02563164250256
301.9975934477297
301.96911956798
301.9402284030474
301.91092086108523
301.8812134520468
301.85119555599215
301.82089834708785
301.79030901351007
301.7594955309878
301.72849516007176
301.69735279443177
301.6661642050576
301.63503631224603
301.6041092263992
301.5734819882256
301.5433034562378
301.5137519360576
301.4849634811701
301.4571298435084
301.4303868419672
301.40491159058894
301.38087226650225
301.35841512843825
301.3376240540675
301.3186188608297
301.30158567670696
301.286543722197
301.2735885913357
301.2627936641974
301.25422663575563
301.24789654951866
301.2439052082409
301.2421751360464
301.24276061427673
301.2456579002013
301.25087836806296
301.2583987079444
301.26809102829577
301.2760028902347
294.8001878066746
294.8410241074531
294.8811609246194
294.92031831699836
294.9584494509955
294.9955566553558
295.03152768677705
295.06613084170147
295.09933100364844
295.13112759019594
295.16148907381313
295.19024528829715
295.2168386898521
295.2411670666304
295.26328455075225
295.2831005688424
295.30052391774785
295.3153105531027
295.3274635717189
295.3369675916841
295.34392936732826
295.3481125100524
295.34940202777346
295.34780324079674
295.3432765684344
295.3359477782184
295.32596323572034
295.3136359801493
295.29904338201
295.2823875681609
295.2637759625372
295.2441385684917
295.22430029680356
295.2048805000974
295.1862050435166
295.16856298580404
295.1520941419927
295.1370917163385
295.12298029189134
295.1088983346008
295.09463470794213
295.0801317775143
295.0652182231157
295.0497410085778
295.0335634668367
295.01673268122994
294.99933400716594
294.9814171482812
294.9631682867498
294.9447300775741
294.926152452488
294.907519901132
294.88891325927756
294.87033954217276
294.85190546024893
294.8336090607046
294.81553638043016
294.7976197987331
294.7798543011792
294.762197052333
294.7445487067
294.726900980413
294.709213868545
294.6913938900194
294.6733807488557
294.65520685683884
294.63681323000066
294.61812617375836
294.5990736392665
294.57962688843975
294.5597610384264
294.5394351368564
294.51865032508476
294.4973917918301
294.47567682048197
294.4533877937658
294.4304383346189
294.4067812967757
294.3823901603996
294.35742457188417
294.33216517373063
294.306979264611
294.28238205557386
294.2596982505878
294.2407660865961
294.22594729755673
294.2142470802121
294.2045541320184
294.1960105053476
294.1880672620205
294.1803689628789
294.1725674407872
294.16497238963194
294.1580666778439
294.15241893435115
294.14915063433455
294.149036614598
294.15253612094403
294.15969681209543
294.17032560924605
294.1843220057938
294.2015370751233
294.22182065289917
294.24487993178707
294.27037685526756
294.2979606236881
294.3273357770348
294.35832310487433
294.390915352197
294.42482041651806
294.45976499469714
294.49555504825923
294.53217210879967
294.5696542642636
294.60783584895785
294.646387685213
294.68510898841186
294.72396217285257
294.75046318399586
