288.9884329826696
289.16841070080756
289.33945533190683
289.50304606848067
289.65919375824546
289.80678587403213
289.939539548556
290.0616581733808
290.1734617579479
290.27521242368687
290.36616881520985
290.4428855996236
290.50798248522506
290.5616951682219
290.60429786666026
290.6349568988342
290.6520053171443
290.65690328056763
290.649878517618
290.6311592008563
290.60043546051236
290.55750731661476
290.5031410795917
290.4376054793568
290.3611788750808
290.27487181713525
290.1799851633529
290.0763315647836
289.96413912898373
289.843669997542
289.7235361429745
289.6068123696669
289.4890386768215
289.3704023959931
289.25106299808095
289.1343854397733
289.0203813565693
288.9078185005568
288.7964441281894
288.6858296205076
288.57909028097106
288.4741855497481
288.3519839060287
288.24218197055296
288.1343800717637
288.00545746547897
287.8918152877456
287.77920514095564
287.6674060409074
287.55652490009595
287.4472052584517
287.3389969585355
287.2318904321779
287.1258630662819
287.0209993770396
286.91691191402447
286.8139282228403
286.71205515421764
286.61125685366915
286.5117136055196
286.41399269636804
286.317552307917
286.2223187533997
286.1283202265372
286.03541537064
285.9433225013757
285.8522147534233
285.7621488185602
285.6730890726979
285.5850181297759
285.49790649736997
285.4116191515293
285.3261718415421
285.2574842224216
285.2155127228958
285.1494945037296
285.0852757075411
285.08340972168037
285.04119080028033
284.99308959118315
284.9550780868085
284.9681229321075
285.0042221002376
285.02486104022165
285.04138310289136
285.0563011533794
285.07260035597517
285.0894907331494
285.10641994824005
285.1307358996269
285.1623245112837
285.1961464988754
285.2320568774681
285.2701033919321
285.3205505118244
285.3817724943658
285.452095525053
285.5318481278077
285.6214663148548
285.71850438308445
285.82495517520795
285.9412294759683
286.0673930154553
286.2035764507748
286.3484868529347
286.5029275994329
286.6668597173794
286.84017930760183
287.02258456336557
287.21152531649267
287.4056546243481
287.6047583365164
287.80859310363456
288.0159976035086
288.2186077562409
288.4199641293486
288.6198764257565
288.81807994222146
288.95178404061096
289.43684155227936
289.60705961373077
289.766231858867
289.91598265607803
290.0571407780913
290.190042418388
290.31430675111625
290.42930173725455
290.53480657559743
290.63083446288135
290.7173969238067
290.79337116650953
290.8577843636017
290.9109864445096
290.9533521358607
290.98508682751833
291.0056932724078
291.0150522885253
291.01330042991356
291.00068082414464
290.97726456375256
290.9431773279692
290.89863384475814
290.8436889425108
290.7785271548469
290.70343661141067
290.6202027741169
290.5295467430207
290.43134322624434
290.3254726252266
290.21340765194464
290.1015997279239
289.99139446833755
289.88245824313356
289.7744424918401
289.66777939999577
289.56408790788004
289.4618787008037
289.3606219799456
289.2590863478768
289.15901267529784
289.0623976227691
288.962377103214
288.8568930566625
288.7531831192399
288.6467551215245
288.5292110112061
288.4149893122447
288.30342268832976
288.19394905117906
288.0862983950448
287.9803367860607
287.87601002263943
287.77324371468416
287.67194511059114
287.57207143894817
287.473482196585
287.3761163961726
287.2800282261621
287.1850840211512
287.0912888309808
286.9986560505121
286.9071820530973
286.8168505251517
286.72763658702223
286.6395896578529
286.5524548418637
286.4663147447624
286.38115077644346
286.2968479848463
286.21325119962177
286.13023321574764
286.04778152592365
285.9660498902124
285.9124066777392
285.87380883620557
285.8249542240356
285.7909795548862
285.7821598856457
285.7669901299138
285.74362339510725
285.7539427473909
285.7782410708427
285.8423038539726
285.91376616243406
285.96889609724684
286.01165561967304
286.0462269841476
286.0747006025443
286.0957775578342
286.10652597645446
286.1132011599892
286.1188408693269
286.1245620606545
286.1334945131188
286.1536607046365
286.18717206308395
286.23327862382945
286.2911186632834
286.36147287727835
286.4462709862246
286.54422163319856
286.6543454021683
286.77576410722685
286.9088836210998
287.05406502619144
287.21013783190074
287.3760675109913
287.55116401569506
287.7348519203639
287.92644153341286
288.12387782256616
288.3255297208858
288.5308975329472
288.73081987923666
288.92151899494104
289.10623779208714
289.2863673744417
289.40658086313266
294.25758800292164
294.32283041934676
294.3867820727813
294.44927775885327
294.5102723978776
294.5696770948396
294.6273917405059
294.6833584995911
294.7374835967511
294.7897456602767
294.8400542158946
294.8881366361155
294.9337589674232
294.9769064172723
295.01749314244626
295.0553962215676
295.09030747998975
295.1220127964662
295.15047881644387
295.1756196594292
295.1973579790701
295.2155855526662
295.2301831219131
295.24120494387114
295.2485417933934
295.2522095444067
295.2521759415979
295.24837995690706
295.24092073925567
295.2297771153813
295.21538099240803
295.1992522712586
295.18168097593826
295.1627697492763
295.1425975559506
295.1214136183611
295.09960244089075
295.0756676500572
295.0499076017422
295.0217735212611
294.9924900215347
294.96250713611863
294.93040675069653
294.89581372701497
294.8602277357728
294.8222595469163
294.7796019826108
294.7355083769755
294.6902498357508
294.6440604954949
294.5970854914097
294.5494555248129
294.50127213552037
294.4526472208217
294.4036201413767
294.35423738865126
294.30449601653515
294.25445934894145
294.20416598226063
294.15368173154786
294.10294142195494
294.0520456353051
294.0009647804081
293.9497491098598
293.89842160876896
293.84703454819083
293.7956322690386
293.7442268716411
293.6928133382735
293.6414116877863
293.5900414346857
293.5386313887545
293.4872118504892
293.43586325685305
293.3918288389702
293.3486320969819
293.3059817514501
293.2673794978729
293.2325438103169
293.1983992269402
293.1649358166952
293.1394572102263
293.11436546800843
293.091068317254
293.0681948591757
293.0482643619169
293.03165210903694
293.0184056918899
293.008485808659
293.0016526522633
292.9975137824367
292.9961492227822
292.99769302542256
293.00219808842
293.0105344641893
293.0241461131467
293.04307987517063
293.0673621936316
293.09690618349896
293.1313707735624
293.17002577420186
293.21280968868444
293.25967752253734
293.3105750538497
293.36471584546166
293.42121068394573
293.4800132324416
293.5410468036417
293.6042760264014
293.6690127317906
293.73451397612746
293.8006745664008
293.86740996137684
293.93465749319495
294.0019922317941
294.0690081281792
294.1356999247623
294.20194187559247
294.2467061740621
289.29193080559116
289.37077917563704
289.44653781841146
289.518921040041
289.5880324811501
289.65396875745245
289.71588951904005
289.7727022573523
289.8243287252194
289.8710627493557
289.9131911112473
289.95016801167276
289.9811264830041
290.00610902191255
290.0252962145629
290.0391057869165
290.04687050203927
290.0479070454112
290.04224553216903
290.0299989735331
290.0113272299173
289.9859126639412
289.9534678943849
289.91404272059964
289.8679490889574
289.81529343133843
289.75655100938013
289.69230803818124
289.6230108645736
289.5488295957658
289.47025545466846
289.39071555527295
289.3134671015538
289.24012776158065
289.1715579091265
289.1082960048912
289.0521466282726
289.0042399178771
288.96493728747424
288.9343555675892
288.9117974362386
288.89592328708017
288.8829023487977
288.8667404237701
288.8499001355081
288.83147250481534
288.7996739030984
288.7608389109213
288.71934815226405
288.6772947671309
288.6354993732133
288.59420087372655
288.5535019115231
288.51345832188207
288.47414247630536
288.4354927979526
288.39734330348307
288.3595758544784
288.32209246886043
288.2848266597568
288.24767008473333
288.2103423836468
288.1727532512057
288.1349044236006
288.09678917912316
288.058396289273
288.0194956776884
287.98003596212277
287.9400678931029
287.89967811605817
287.858719977059
287.817211496724
287.775086617449
287.7323940888149
287.69627376719944
287.6713112785948
287.6522398298572
287.63615035605136
287.62469580721836
287.6150287815569
287.60385031848136
287.59367505428304
287.585344606729
287.58714277375805
287.5957274528399
287.60451384598224
287.6089447740638
287.60629364423676
287.5953566452642
287.57673373451604
287.5574151051807
287.5432182303224
287.5366360216937
287.53855462165944
287.54928737430004
287.56899949807115
287.5977462317836
287.63534234964146
287.6813891799391
287.73514955319393
287.79555495180546
287.8617569094786
287.9331754123282
288.0093615423235
288.08959742801176
288.17250659398655
288.25735481216134
288.34406261321794
288.4326671926543
288.52271716887867
288.6129182931484
288.70285810529737
288.79255066813045
288.8821926271787
288.97106495556284
289.05787882867713
289.14246600159373
289.22512828652225
289.28033390967147
290.5762274021408
290.64153125265267
290.70400047224695
290.7638146958876
290.8209237245361
290.8754669401209
290.92695188286484
290.9742653042528
291.0171586975396
291.05578735074147
291.09036860774233
291.12051451066134
291.1454869592069
291.1651674709924
291.1799447801655
291.19004053330104
291.19535883211165
291.1954644034469
291.1901142294325
291.1794062747543
291.16346696450034
291.14215952860087
291.11525179796496
291.08281006837007
291.04502362391514
291.00214668198356
290.95452430822985
290.9027066026949
290.84715261764717
290.7881496048015
290.72614043221114
290.6634221472399
290.6030052164259
290.54683126649854
290.49605906651584
290.45126331267085
290.41305848736386
290.37632181076
290.33571909798354
290.29261244773755
290.2486902918109
290.2051727768782
290.16300620410834
290.1225044060168
290.0838141792203
290.04691292149494
290.0116166801584
289.9775910529292
289.9446308433721
289.9125403508871
289.88125031951256
289.85071882258063
289.82086186174
289.79157310761457
289.762852078637
289.7347081807477
289.7070635004848
289.67988306217126
289.6530742057374
289.6266054446373
289.6003665643214
289.57433170029566
289.54828292014025
289.5221823691412
289.495914122443
289.46948654503024
289.4428670102195
289.41603773435475
289.38896268043294
289.36157172951675
289.33394634895285
289.3059923751451
289.2777262753878
289.2492194445948
289.22445534608914
289.20725844392143
289.1966860374273
289.1914696466913
289.19184012387336
289.19527618049557
289.19808516496346
289.20077634591286
289.2036601542232
289.2111364616969
289.2227369184406
289.2345113470918
289.24175170324276
289.24131971281514
289.2318698757062
289.21366201707156
289.19208339477876
289.1719629456455
289.1560067270347
289.14557952560585
289.1414980037746
289.14465834536963
289.15594206887437
289.17580289550597
289.2043728986544
289.241191483765
289.28534014057436
289.33570119761515
289.3915784829934
289.4523513915914
289.51741932286916
289.58559310694375
289.65607733137455
289.7283586207031
289.80231559380366
289.87762415861425
289.95346607933595
290.02917760554254
290.10463921863027
290.17985240059573
290.2541979707426
290.32636079036763
290.39615772583437
290.46373620754935
290.50866063444306
289.20951486927606
289.25471331147355
289.3010144326062
289.34818392453104
289.3959484554792
289.44410436792515
289.4924370593762
289.5406685429195
289.588549660797
289.6357792676611
289.6821167874954
289.72734746815934
289.77126201088566
289.81378617662114
289.8546660526885
289.8937488142209
289.9309107751508
289.9659724280092
289.9986821689758
290.02888965026006
290.05640383376954
290.0810621507137
290.1027552907057
290.12136766123274
290.1367491973117
290.1488323964917
290.1575355747264
290.1628232056466
290.1647237466841
290.16331046800497
290.15873854669934
290.1510613633309
290.14055320228766
290.12757163271414
290.11255870303194
290.0958970400963
290.0780033337881
290.0592664222397
290.0401014220843
290.02082076195586
290.00166010239866
289.98294871723823
289.9649739749982
289.94781607618813
289.93147618564353
289.9158067151642
289.90049635544034
289.88488041750287
289.86833535113175
289.8506281691741
289.83178047345234
289.81192234910253
289.7911341814831
289.76962251698114
289.7474874885503
289.7248210620673
289.7017655412243
289.6783159586659
289.65456947839675
289.63056752545174
289.60629137548455
289.58183321248737
289.55716012004234
289.5323009284645
289.50720299982714
289.4819548262142
289.4564394685533
289.43073410757796
289.4048073803835
289.37860389620374
289.3521859658769
289.3254635804663
289.298430757019
289.27111624020705
289.2434923092769
289.21584435145434
289.18861355074074
289.16223959652064
289.1370047213721
289.11300949804615
289.09028125065635
289.0686983484774
289.0481727920342
289.0287198101822
289.0105939987285
288.99411212581873
288.9790772141665
288.96516864765306
288.951802984547
288.9384662491936
288.924671561172
288.9102096164166
288.89523107274385
288.88008659267933
288.8650445309188
288.85061458405727
288.8371835989051
288.8252924020652
288.8153399927793
288.80770256935654
288.80271742764796
288.8006691357164
288.8016753181423
288.80593257869634
288.8135155290755
288.8244437477986
288.8387716245546
288.85633128535125
288.8770635437888
288.9008274622753
288.92754127796456
288.95705161656025
288.98911772623427
289.0236143501072
289.06037745800177
289.0992640127015
289.1399642262082
289.18236995533863
289.2120504689457
289.9753578608113
289.983605212713
289.9921845946715
290.00106958190895
290.0101101106753
290.0193925389553
290.02880968540416
290.03830278443746
290.0478614000745
290.0574495797879
290.06698257864275
290.07648632987224
290.0858519945008
290.0950753649453
290.1040662683672
290.11282792134926
290.1213788204044
290.1295361935236
290.1373091831245
290.14466870602337
290.15158956758575
290.1580096108785
290.1638950822188
290.1692181384958
290.1739154972663
290.178017425715
290.1815345847434
290.1845314793625
290.18698162011225
290.1890200593455
290.190560524437
290.19164674804006
290.19240534604234
290.1928302395808
290.19310610874237
290.193152001924
290.19320241763046
290.19270589698436
290.1915846843164
290.1900729839626
290.1882760412051
290.1862418696618
290.1841003818342
290.1817817427688
290.17934246215697
290.1768331635994
290.17410169560594
290.1711487253395
290.16792009450916
290.1645330194177
290.16092115858476
290.1571411098106
290.1532967534802
290.1492993229779
290.1452623653152
290.14107600775503
290.13684035807535
290.13248530401665
290.1280473426232
290.12350181850326
290.11890294537284
290.1141372541647
290.109252708023
290.10424580604735
290.09910085126404
290.09380632522334
290.08839258453594
290.0827963154716
290.07697729335666
290.0710716772588
290.06492005449155
290.05863043800144
290.0521703069948
290.0454787664321
290.0388869527181
290.0326896005201
290.0269638533949
290.02165032405713
290.0167089073065
290.01204963221556
290.00758796787784
290.0033063077783
289.99930076644813
289.995854172198
289.9930609841328
289.990593091999
289.9880642096047
289.98517820570436
289.9817129704387
289.97760426092873
289.97293611445525
289.96784466592754
289.96251317130003
289.95698401348955
289.9513562574234
289.94584206726825
289.94060865305636
289.9358242754613
289.93161734672435
289.9280100284869
289.9251320244768
289.92293495454237
289.921496960144
289.9208163068236
289.92089168274737
289.92167569249114
289.9231645244117
289.92533492285247
289.92820220608365
289.9316761191454
289.9357471134837
289.94037806321404
289.9455641067549
289.9512468170701
289.95746071502265
289.9641362655637
289.97115757581287
289.9785770581585
289.9838248106956
297.20696916769316
297.2277602661261
297.25003990498243
297.2737730847204
297.2988550157838
297.3252578844333
297.3528640477951
297.3813696615133
297.410768828208
297.44101841852864
297.47205643772645
297.5038140979437
297.5361130383697
297.56884149891374
297.6019172676759
297.6352763867294
297.66862636776324
297.7019059021176
297.73491253400834
297.76755477793887
297.79967413499065
297.8311245234944
297.8617059989575
297.89124612954646
297.919622716606
297.94677428853504
297.97251913756935
297.9968353195076
298.01963065171805
298.040771536155
298.0602459713098
298.07819777419036
298.09474902213884
298.1099389639258
298.1238201166712
298.1364237616796
298.1477876203793
298.15754439955583
298.1656828532946
298.17228915751434
298.1773780428132
298.18098721382745
298.18318026355666
298.1839855446842
298.18343366896653
298.181553752838
298.1783648873764
298.1738448658343
298.16814651401796
298.1614216948626
298.15372741980576
298.1450517882597
298.13549758855083
298.1249645718676
298.1135483698694
298.1013191639042
298.0882364076256
298.07426741775237
298.05958147462604
298.0441021894087
298.0278854379414
298.0109397203716
297.9933070147599
297.974976007517
297.9559767789426
297.9363609479176
297.9161040450647
297.89526017014623
297.87382338865945
297.8516909167164
297.82877673844456
297.8051381637778
297.78080578216446
297.7557680968155
297.73018036107305
297.70403313049366
297.6773966516047
297.65049011141826
297.62336058530747
297.5961091439397
297.5687543713948
297.54137839474066
297.5141099975775
297.4869716596483
297.4600442643749
297.43345349261625
297.4071843644907
297.3812440981859
297.355614905244
297.33027788494974
297.30544315003476
297.2812886168214
297.2578460431679
297.2352410583757
297.2135790627702
297.19305716466755
297.1738828349247
297.15619659389864
297.1399976402822
297.1252500807789
297.11201950144743
297.1003226864946
297.0900993360156
297.0814388648819
297.0743715327723
297.06898506515745
297.0653583749743
297.0636365713278
297.06380885863183
297.0657999154142
297.0697226363866
297.0754061964076
297.08295881712263
297.0923370081465
297.1035391025698
297.11650320588984
297.1311834527771
297.1475594767797
297.1596346917187
292.31974227990446
292.34382227487475
292.3692946134831
292.3959546754046
292.4237776753042
292.4526030367578
292.48230770890666
292.5125283134062
292.54318895227317
292.57432061431336
292.6057559084961
292.6374321734054
292.66923171130355
292.7010089682346
292.73264665941633
292.7641049341251
292.79514422856795
292.82567853530213
292.85549907012035
292.8845118849683
292.9126185689709
292.9396917029933
292.96556481573066
292.9901598568106
293.01337747391267
293.03505351280637
293.0552012429381
293.0737363526099
293.0906184538023
293.10576885542656
293.11919709181706
293.1310270056394
293.14147092541856
293.15066516957603
293.15876754482565
293.1658089816498
293.17201280538035
293.1768251919178
293.1802271503624
293.1822586264742
293.1830745993405
293.1827054437843
293.1812929067657
293.1787534514001
293.17516943763445
293.17056106556737
293.1649406810659
293.15831372757407
293.1507342854368
293.1422740684921
293.13298612539785
293.1228700016919
293.11193862813286
293.10028827482256
293.0878692167826
293.0747679184878
293.0609220909788
293.0464708698824
293.03134888470555
293.0156114424044
292.9992698243879
292.98232585768164
292.96482583264196
292.94674083281666
292.92813234885347
292.90897997911435
292.889292931669
292.869124536233
292.848481913148
292.8272577213186
292.8055129639057
292.7832253018739
292.76045642828933
292.73717592431956
292.7134381609254
292.68933399818513
292.6649537114842
292.64029940968345
292.6154491607832
292.59042760216346
292.56525487221336
292.54006786353693
292.51503469203607
292.49017972110386
292.4654780219713
292.4409853205219
292.41670124643014
292.39255153384335
292.36843607659483
292.34443654803647
292.3206057862577
292.29708431273184
292.2740365118684
292.2515757433488
292.22983989869635
292.2090526483764
292.18942853821414
292.1710492616838
292.15415723537865
292.1388085070733
292.1251527183044
292.1132443423037
292.1029930559202
292.0944342689708
292.0877074522009
292.0828295771945
292.07998101653476
292.07942344326216
292.0809619500059
292.0847431902325
292.09056114385174
292.09848958693954
292.1083786035667
292.12030218593117
292.13415889594495
292.14982598341226
292.16728055523373
292.18644467913083
292.2003480639779
301.92653575200967
301.946832926054
301.96918800430785
301.99348031836445
302.01956729174134
302.04736026216403
302.07673477394707
302.1075227236082
302.1397038437429
302.17307020724826
302.20756674687254
302.2430365985338
302.2793502443303
302.3163663434907
302.353999462186
302.3920690394043
302.43047724137216
302.46905466176054
302.50768798002343
302.5462265940429
302.5845649536634
302.6224995422416
302.659930313911
302.69668937034226
302.7326585472163
302.76770369653184
302.80167830684024
302.8344448687191
302.86593082039514
302.8959444381218
302.9244615821107
302.95139740113126
302.9767170095048
303.000415637044
303.0225817673968
303.0432341067083
303.0624212807183
303.08024488347013
303.0966258635825
303.1114049249498
303.12453801645006
303.1360369989077
303.14591737002735
303.1541441044567
303.1607526834617
303.1657634695798
303.16917640044034
303.1709857350706
303.17116129861967
303.16967523092603
303.1665538328642
303.16181179114744
303.1555510676139
303.1477810576893
303.1385276559045
303.12788253836965
303.11592236144077
303.10268518804287
303.0882187800803
303.07260012708275
303.055845671277
303.038062970347
303.0192669099844
302.9994925895969
302.97884364635894
302.95727875380567
302.93487990268534
302.9116838635194
302.88771352901716
302.86303168137925
302.83762370181057
302.8115781805116
302.7848489970156
302.75750085270914
302.7296035015493
302.70109408941045
302.672097074085
302.6426712724843
302.61282994201287
302.5826642633006
302.55220498822524
302.52149773366335
302.49053583468503
302.45943754909274
302.4282226607896
302.39698329749626
302.36572369770624
302.33448825785325
302.30337090594617
302.2723116268424
302.2414101677823
302.21064348823217
302.1801844706703
302.15004992954954
302.1203710855561
302.09123201326776
302.06279394550506
302.03524326321383
302.0087489473557
301.9834829768798
301.9596317918604
301.93733046411603
301.9168012718604
301.8981331121127
301.8815686660444
301.86713439200156
301.85500305947374
301.8451921637008
301.8378212904711
301.8329402598055
301.8305670174151
301.8307328498644
301.83340656476906
301.8386283034075
301.84633665299765
301.85651100660965
301.86910653969244
301.8839939386212
301.89540894674315
294.76924412364326
294.7939801824184
294.82093846063225
294.8500171556543
294.8810919476178
294.9141027808455
294.9488182017388
294.98523079516957
295.0231647094102
295.06246832414325
295.1030147015595
295.14464823056556
295.18728640759286
295.2306594511511
295.2746514241888
295.31915855098157
295.36396760515277
295.40890567246754
295.4538271821329
295.4985839254804
295.54297699233496
295.5868434921524
295.6300583279473
295.6724912790793
295.7138897958914
295.75423404804366
295.7932783539794
295.83092620929716
295.86703884570244
295.90150917342066
295.93421912775693
295.9650879707597
295.99408723070684
296.0212727964278
296.0466498396977
296.0702642723771
296.09214210135434
296.1122176982629
296.13040938251777
296.1465562278897
296.1605794561247
296.172434237921
296.1821667301211
296.1897372129689
296.19522649468365
296.1986104258094
296.1999633833633
296.19922780065707
296.19649734019043
296.1917140434982
296.18497437262994
296.1763515089456
296.16592102079045
296.15372736191523
296.1399051857059
296.12445329424645
296.10755829991797
296.0892564374012
296.06960881053567
296.0487037663862
296.02663036156457
296.0034446209084
295.97921736791477
295.95399358031597
295.9278687300737
295.9008383208015
295.8730327076212
295.8444368334605
295.81515079208793
295.7851856847015
295.754587699987
295.72343413751565
295.69172631752485
295.6595074582564
295.6267956312817
295.5936603467378
295.5601382952386
295.5262072437822
295.49198002872254
295.45745512613917
295.4226423480414
295.38765866886
295.3524826395632
295.3171542016916
295.28173604588795
295.24625303507173
295.2107552269853
295.1752821820539
295.1398815800103
295.1046308225937
295.0695256875118
295.0347601619189
295.00040386774344
294.96664093950886
294.9336065028993
294.9014657638109
294.87042655875825
294.8406878218439
294.8123667622031
294.78572346035986
294.7609199131837
294.73812986324856
294.71744958458044
294.69913798886665
294.6832237871417
294.6698235012852
294.65904762093476
294.6509191961577
294.6455195164082
294.6429031019924
294.6430562162022
294.6460461726994
294.6517995261273
294.6603243298125
294.6716366122456
294.6856167153955
294.70225172563556
294.7214435093068
294.73591333255547
302.98086136061426
302.9963647123046
303.01379182310734
303.03309151635864
303.05412740153065
303.07688145323317
303.10126026948484
303.12706289472726
303.1543116088233
303.18290564341453
303.2127414299222
303.24376854120806
303.2758607196109
303.308926704427
303.3428809230395
303.3775957469098
303.4129941276633
303.4489170796601
303.48529384872035
303.5219399999098
303.558754320443
303.59563322690855
303.6323916293677
303.66891267418015
303.7051016064781
303.7407534017002
303.7758022795086
303.8100930578452
303.8435416864167
303.8759898048312
303.9073437591456
303.93751518967815
303.96650270645546
303.9943245347557
304.0209601019643
304.0464334360345
304.0708484069417
304.0941018222503
304.11617951695786
304.13680113903354
304.155888629461
304.1732658973886
304.18895251099707
304.2029004176134
304.21511196626903
304.22555590940203
304.23419830777186
304.2410228380756
304.24589228321037
304.24886327600643
304.2498938655239
304.249018603815
304.2463065403789
304.2418636534066
304.23571148322776
304.22792692742706
304.21857607366854
304.207780806157
304.1955790673425
304.1820547261939
304.16726651408175
304.1512837803769
304.13419461362264
304.1160101514024
304.0967861496858
304.07658277257934
304.0554537557839
304.0334377755173
304.0105414164439
303.9868467440957
303.9623573853823
303.9371079403431
303.91113529855556
303.8844578845246
303.85713850839875
303.8291755278115
303.8007192830077
303.77166881723304
303.7422558785534
303.71240665553916
303.68223715163816
303.65180138498664
303.62108401127074
303.5901985893261
303.55911023435596
303.5278973317154
303.4965981310366
303.4652095635449
303.43377840198656
303.40225082077
303.3707748518776
303.33933896944865
303.30806164179324
303.2769858219292
303.2463025651577
303.21615266267474
303.1866176028246
303.15792411825316
303.1302044553707
303.10368785789103
303.078509114488
303.0548236432059
303.0328307578297
303.0126119595902
302.9943205227521
302.97810741433017
302.9640061985763
302.95207819189466
302.9424311932709
302.93508365547746
302.93005010579327
302.9273738342555
302.9269993163312
302.92897210073687
302.93325991232854
302.9398121100298
302.9485203024991
302.95943134872886
302.9680352340467
304.6052048731143
304.6186357329004
304.63390235916626
304.650892936039
304.6696228586102
304.68992713863327
304.7117531270611
304.7350848704173
304.7597427973043
304.78571652509913
304.8128610814105
304.8411641636924
304.8705088006668
304.9007140602128
304.93179007216617
304.9635526013498
304.9959026229421
305.0287655793892
305.06199376608726
305.09550178942146
305.1291180797716
305.16281129045205
305.19637807312296
305.2297681303049
305.26290278822194
305.29560340649044
305.3277792659663
305.3593063123361
305.39008638775465
305.4200619469245
305.4490792301191
305.4771093093359
305.5041048158483
305.53001168789353
305.5548711289333
305.5786665921861
305.6014501816077
305.62310973495585
305.6435700604923
305.6626674337404
305.68029176023066
305.6963626068913
305.71082992548565
305.72363861581266
305.7348463120176
305.7443802602358
305.75233066937614
305.75857292768904
305.7631462812239
305.7660501100816
305.7672889651222
305.7668535666069
305.76480066154966
305.76123687511233
305.7561313004434
305.749604206305
305.741696107518
305.7324655001974
305.7219489097657
305.71021226500477
305.697330394152
305.6833479401754
305.668334921107
305.65226308543726
305.63532138040216
305.61739211425197
305.59861048523027
305.5790099035511
305.5585747508674
305.53741895963867
305.51553073929324
305.49291902701094
305.4696804336424
305.4457937324189
305.42127903886745
305.3962115131231
305.3705796302783
305.34443395673503
305.3178527535242
305.2908285392115
305.2633817272116
305.2355979727402
305.2074948071469
305.1791086074225
305.15046406569206
305.12158465000476
305.09255327361325
305.06335571261593
305.0340759374121
305.00473237714255
304.97540086474396
304.9461099686592
304.91704120785516
304.8882404341749
304.859811534803
304.83192267692203
304.8047070947704
304.7782584604016
304.7527605012252
304.7283585206301
304.7051611067977
304.68335278334683
304.6630238494973
304.6442817405486
304.6272856911913
304.6120849354606
304.5987440065589
304.58735145479574
304.577953672884
304.5705791303232
304.56526742528115
304.56202861431757
304.5609107021024
304.56185676926657
304.5649138428208
304.57002392361187
304.57716739207603
304.5863269966891
304.5936403278814
294.92079791410487
294.96363895151785
295.0058520221594
295.04714706998294
295.08758177995037
295.12721062340813
295.16578706942323
295.20280532646234
295.2382655510542
295.27205951010455
295.3042418742194
295.33468879884475
295.3631348966589
295.3894340177134
295.4136460719832
295.43564749351253
295.4553045536506
295.47238025578554
295.48674381651176
295.49838223032094
295.50729372061556
295.5132482430578
295.5161977672875
295.516158054835
295.51304091659796
295.50676559727196
295.4978133980717
295.4863698992829
295.47264380660425
295.45678454858586
295.4391062862647
295.42045584227117
295.4018057980204
295.383581871853
295.365970363547
295.3491036949255
295.33314195516147
295.3175497983507
295.3016067885744
295.2852683434612
295.2685048446993
295.25127954289314
295.2338088189424
295.2161576704192
295.1984460310223
295.18063341903695
295.162663965667
295.14435884403565
295.1255770474157
295.10620649678424
295.0862994390587
295.06590713414903
295.04506772440146
295.02385272616
295.0023194675083
294.9805352682755
294.95849186153225
294.93626954672175
294.9139044862184
294.89137286751145
294.8686891708157
294.8458813970111
294.8229126291492
294.79977052285983
294.7764461483955
294.75299591041346
294.7293632008726
294.705541855249
294.68151586696996
294.65723248291073
294.6327221013362
294.6078918046283
294.5827971983635
294.55734100700306
294.5316703704909
294.50598093843075
294.4807760966031
294.4565564667337
294.4335661756691
294.41183609160163
294.3913484087984
294.3719871772959
294.35374523800755
294.3374313144921
294.3230562100878
294.3119505618711
294.3046275495534
294.29995086489794
294.2962995692822
294.2923275614407
294.2875552349406
294.2817487745906
294.2755800041758
294.26978156873804
294.26529157547157
294.2630428962195
294.26379000051224
294.26785646153235
294.27550132494684
294.2868530523433
294.3020520953178
294.3209313695828
294.34314992529914
294.3686660561598
294.3971484833628
294.4278474770462
294.4605639175974
294.49503854924905
294.5310483650669
294.56850401590356
294.6070224611406
294.64639196022716
294.6865785060818
294.7275403864662
294.76906864997557
294.8107302586572
294.85243357666377
294.8941542241922
294.92251002222986
