293.2520233470164
293.4112030135274
293.5643555935554
293.7117226296068
293.8532707888676
293.9882041025233
294.11104315923177
294.2246987885409
294.3294155710377
294.4252655079523
294.5110250702649
294.58259279545774
294.6431121561516
294.692731497884
294.73156834652104
294.75931149693764
294.7745971323746
294.7782215255144
294.7704118846733
294.7512647946669
294.7203440657464
294.67736720364394
294.6232225019677
294.5582160358897
294.4825379796717
294.3974320844653
294.30417840411667
294.20245497353756
294.09252128615645
293.97458831987774
293.8562946315411
293.74054437030526
293.623680116813
293.50584882582433
293.3872617308006
293.27082668296464
293.1566160777611
293.04353373185586
292.93117691868844
292.8194477154832
292.708812683874
292.6000951903014
292.48664337712074
292.3781864821761
292.27121958650014
292.164835668373
292.0610097007664
291.9587204993047
291.85793598345964
291.75870447945425
291.66112901913476
291.5651391080981
291.47068783155896
291.3776764621004
291.28620185111583
291.1963123507488
291.1079348444205
291.02105210744094
290.93567785859705
290.85169189043677
290.7689383532057
290.6875182828247
290.6074039398828
290.5285289380929
290.4509192619488
290.37469284653395
290.29960235992803
290.2256708091263
290.1528631354788
290.0810991559437
290.01007925884375
289.9400424171157
289.87089909401203
289.8036683282284
289.7389310810939
289.67332547896285
289.6084280841531
289.5648049960683
289.5102183885366
289.4599180210598
289.4219012358188
289.4213196918143
289.4184180533282
289.4714271025111
289.48940082365414
289.5100809200574
289.5337148607223
289.55951418335127
289.58694437563463
289.6183509456763
289.6541965803585
289.6924467594478
289.73309189997826
289.77616130744826
289.8307001374407
289.8956567168362
289.9689540352798
290.05080466845953
290.14151095598726
290.24043371057184
290.34800066648927
290.4643178519641
290.5894649493303
290.72342532882186
290.8627900867923
291.0092378001488
291.1628518565723
291.32347302599425
291.4909452429457
291.66409745334323
291.8420959131297
292.0246569395966
292.2115879484775
292.40132471016653
292.58197467602514
292.75995655281645
292.9354116499814
293.1082275003717
293.22418348657834
293.5340490678451
293.690915075758
293.8397250997123
293.98112842488575
294.11567821018326
294.2436902081464
294.36411438011277
294.4758076708344
294.57873493900723
294.67293191145575
294.75843725884414
294.83410775816736
294.89881307956296
294.95247759488643
294.99532539596595
295.0274973999048
295.04850357954575
295.05816429441035
295.0566567891871
295.04414022459696
295.02086318147076
294.9868685145675
294.9423839248626
294.887544324725
294.822435352191
294.74743170232773
294.6640252356456
294.5731140861652
294.4747628820615
294.3690101047379
294.25699711417315
294.14403342517625
294.03167632249716
293.91993820403104
293.8086795196193
293.69824723374524
293.5894455510962
293.48203657839787
293.3759952513313
293.2696037109029
293.1637587172869
293.05924593642635
292.95455749431505
292.8490929023441
292.7452240468621
292.64295571748085
292.5417918420104
292.4426385392959
292.3453839587915
292.24993712999185
292.1563514407379
292.06442030513455
291.9740584713124
291.88518870505806
291.79775816965304
291.71181698989864
291.62742044786097
291.54455270524875
291.4631320239934
291.3831306781568
291.30440048008217
291.22681582022835
291.1504333703702
291.07521116334914
291.00115999399287
290.9281455770559
290.85621273200775
290.7853294762705
290.71547486232055
290.64658487450043
290.5786787331137
290.5115147275636
290.4450867570555
290.3793629598826
290.31602952174006
290.2539603756809
290.19158168652854
290.1355951101593
290.08874281437375
290.04349471660197
289.9974815613361
289.98446506572196
289.99261348863524
290.0421030364588
290.1066992458417
290.157500657687
290.1987149012906
290.2347790641828
290.2675401274976
290.297051421479
290.32344064190954
290.3500312195124
290.3778943751405
290.4072316999145
290.44008283691073
290.48146224873796
290.5325005211378
290.59348941200517
290.66416488428905
290.74396540532325
290.8322925735497
290.92952976294237
291.03584935287057
291.151287814675
291.2758420440136
291.4094212903814
291.5512256564475
291.70058857323096
291.85699811004804
292.01962693917477
292.18683311528304
292.35801074790766
292.5327483622541
292.7106794443808
292.8878013891041
293.06114964787787
293.2308393759316
293.39688454654066
293.5077605300984
298.1456771512357
298.2069378278445
298.266995586446
298.3257754311633
298.38321114294035
298.43929875450027
298.4938030618569
298.54652511880215
298.59739907534373
298.64637204880034
298.69336302052
298.73808093267417
298.78030549673076
298.81994877039375
298.8569065644835
298.89111238433514
298.92230280122
298.95035188099314
298.9751356466605
298.9966486329056
299.01474449088147
299.02926460290314
299.0401737365526
299.0474080835282
299.05092088634234
299.05068834358826
299.0466926905993
299.0389235466681
299.02742946487683
299.01222436072015
298.9936743759133
298.97352393331096
298.9520039506897
298.92926652821734
298.905387888566
298.88047512151905
298.85473365742723
298.82710842058754
298.79751691265284
298.7652213861687
298.73144747416853
298.6965272168782
298.66027866238454
298.6226504499637
298.5842387703064
298.5451513404674
298.50525854609367
298.46488724145985
298.42408790888453
298.3829388069583
298.3414969429674
298.29984218831873
298.25807769671474
298.2161611953936
298.1741751245639
298.1321288283094
298.0900490130879
298.04793013233717
298.0058017174068
297.96370644614956
297.92162583896993
297.87955723348904
297.83754972224153
297.7955648612376
297.7536496560737
297.71184204178655
297.67013713513626
297.6285667822861
297.5871847233141
297.54591977641365
297.50475585358873
297.4637427461656
297.4228397743705
297.3820606998633
297.3418168466464
297.3018091291828
297.26196174470596
297.2235136337858
297.18632807276225
297.1497912333244
297.11396736176135
297.0851855180545
297.05712149981383
297.0317703610008
297.00642647723595
296.9835478463078
296.9636270352105
296.9467451205094
296.9329734999599
296.9222880609872
296.91481255225506
296.9106264709121
296.90973623672414
296.91219265998586
296.9187768443352
296.93116262237896
296.94930812609556
296.9732494822205
297.0029698104346
297.0378612601633
297.0771145047243
297.12061792465477
297.16830933561636
297.22018616994893
297.275229460958
297.33227458343646
297.3912092306279
297.4520071601919
297.5145933778968
297.5783202816836
297.64255573061166
297.70720338166325
297.77215729281767
297.83737053982776
297.90244008350624
297.9669395870691
298.0307514205175
298.0938863061696
298.13634680145265
292.4142145579215
292.4930475274146
292.5677117146297
292.63835152181645
292.7052474632595
292.7687829892246
292.82839852179734
292.8829265431236
292.9323952595107
292.97705058518335
293.01710019960257
293.05183577714325
293.08022313230543
293.1023706067007
293.1185714656852
293.1291598420371
293.1338233178485
293.13205381449757
293.1239282121186
293.1095607067901
293.0890799246579
293.0620101691056
293.0279372222759
292.9869502275369
292.93931795226973
292.88528648476534
292.8254118241811
292.7603908872544
292.6908763299603
292.6172032787611
292.5399584264632
292.4625550209489
292.3883615948647
292.3189308789411
292.2548994805217
292.1964780692058
292.14410524034065
292.09598453012944
292.0511721981746
292.0093441338676
291.97042187357704
291.93419730023123
291.89961679121075
291.8647592317044
291.8306032138086
291.79747208049895
291.76459087291823
291.7323560813468
291.7009418534739
291.670435881348
291.64080950625595
291.61180309226194
291.5832924229333
291.5552287939057
291.5275842677276
291.500236838723
291.47301939338587
291.4457294211359
291.41838123937225
291.39094048989415
291.36329434274234
291.33515114870494
291.30638664188774
291.276973666216
291.24696584777485
291.21630502000687
291.1847305593459
291.1521930318253
291.11875195449016
291.0844429579994
291.0491971850511
291.01285749477233
290.97544391492795
290.9369772193495
290.8979210922774
290.85856085229045
290.8185191367463
290.77802965242563
290.73851981966465
290.6995789360749
290.66031598777033
290.6247599922501
290.5974523115756
290.58280879217233
290.5792643068649
290.58101019454756
290.58357363311757
290.58291401854905
290.5764051644422
290.56346079177337
290.5501177021015
290.54188967420464
290.54129676288926
290.54943009141516
290.56643425619336
290.592416290636
290.6273612104173
290.67101317729936
290.7230504207428
290.78265841256206
290.84871107726474
290.9202681380692
290.9967425198001
291.07773267385136
291.1625778588367
291.2500155237002
291.33940892496105
291.43049207694526
291.52326452335654
291.6169656352085
291.7101090970717
291.80243770652123
291.89412438125174
291.98539259481754
292.0756352505148
292.16341363120296
292.24856270009025
292.33126469810765
292.3862581487266
293.25641019236497
293.32486873066836
293.38999376154175
293.4514739560979
293.5095734413446
293.5645628766775
293.61625892239147
293.6636516676704
293.7065213664479
293.7450341086469
293.7795074261806
293.80971699769503
293.8350172429295
293.85535800816103
293.87080034426117
293.881499885483
293.8872583669205
293.8874619251866
293.8821331953045
293.8713582575424
293.85535701607415
293.8339394598053
293.8068517628533
293.77418589374156
293.73607015652095
293.6927638511052
293.6448211246394
293.59291922236685
293.5376483506956
293.47948667685876
293.41897471043444
293.3593468607619
293.3039723446473
293.2547428629396
293.2128848384989
293.178844910274
293.1504048175746
293.1140705811225
293.0722408398123
293.0276612509067
292.9815967457556
292.93518373452645
292.889203155937
292.8441027016617
292.8001314117843
292.7573856947429
292.7159537217182
292.67583022038224
292.6370743401778
292.59960393239675
292.5634608171138
292.52853111564286
292.49484057073636
292.46226766482675
292.4308141199606
292.40041745933814
292.37105921111134
292.34259256103235
292.31493648400635
292.2880597634742
292.26189923405616
292.2364319718754
292.2115238875952
292.18706323551976
292.1629134560284
292.13901460613357
292.11534654091315
292.091768964268
292.06823125877594
292.04467405862
292.0209540551042
291.99689926702337
291.97237861224073
291.9473578344679
291.9220539578547
291.8966082745527
291.87088340919803
291.8450025068171
291.81985511604563
291.79541726478163
291.7709561102999
291.74899067253097
291.73299162778125
291.7266774359935
291.7307771690747
291.74124868329534
291.75231018118245
291.75918886957146
291.7590529601128
291.751147617423
291.73961217690885
291.72881080671954
291.7213857204986
291.71890787937696
291.72228735071377
291.73240576115654
291.7501341585938
291.775882434901
291.80975967902856
291.8513491754483
291.8997589955042
291.9540226574566
292.01348739738177
292.07752952869413
292.14557590496133
292.2163131149682
292.28901094989493
292.36329738893227
292.4390456932526
292.51600944941794
292.59317695427626
292.6701157940659
292.7466875500413
292.82297641146033
292.89864755438765
292.97254795773387
293.0442450869389
293.113846758313
293.1600846126744
292.2407239458646
292.28458655205395
292.32937677055577
292.3748743678886
292.4208529019672
292.46710946703786
292.5134567053506
292.559715249833
292.6056670795564
292.65104931141116
292.69569267798994
292.73938917330725
292.7819959649704
292.82327682606234
292.86299519240794
292.90097552593346
292.9370786825758
292.97106027671276
293.00273189210105
293.0319250442999
293.058468677247
293.08222347621665
293.10307941799624
293.1209165203237
293.13564225794363
293.14716246513564
293.15542251041853
293.16045433773957
293.1622741295293
293.16103631776235
293.1568933351977
293.1499963977108
293.1406400023102
293.1291284631799
293.11585963484924
293.10117416061917
293.08544237371586
293.0689082726953
293.0517968726052
293.0341925886883
293.01618842269187
292.99785531228105
292.979335448598
292.96067767998034
292.94191335778567
292.9230069047247
292.90402083753895
292.8849106410945
292.8656927691656
292.8463896330873
292.82702505117066
292.80763010078493
292.7881989551945
292.7687319742905
292.7492739701148
292.7298111422702
292.7103392938825
292.69085429786884
292.6713456977309
292.65184200726355
292.632297448332
292.6127201889528
292.59305978156806
292.5733301119543
292.553441685031
292.5334211546877
292.5132159877088
292.49281720184376
292.47215146473184
292.4511926351805
292.4299407814966
292.4083570873345
292.38641238452436
292.3640446632674
292.3412831103438
292.31807385502674
292.29443710331736
292.27039029695686
292.24592016148495
292.221080638931
292.1959943899126
292.1706788999654
292.14540414869373
292.1205287311236
292.09677332287805
292.0747185053838
292.0545219478969
292.035962862976
292.01862859733365
292.0019867320565
291.9855478156212
291.96907936703866
291.95259888579136
291.93636009454303
291.92053500812915
291.90554575841844
291.89168837563045
291.8793660481166
291.868979637051
291.86092894805813
291.85545224644625
291.8528203337605
291.85323064785365
291.85674494069826
291.8634880525805
291.87347488980595
291.886682298435
291.9031017255279
291.9225945789871
291.94513032185205
291.97055716659105
291.99875124377724
292.0295402608693
292.06271832540057
292.09811626415427
292.1355740347772
292.1748526910056
292.21569513405194
292.24425896513645
292.62028337425585
292.6283057025898
292.63658597357863
292.6451271208608
292.6538935611789
292.66285680124724
292.6720017011754
292.68118748408835
292.69042707354265
292.6996503625129
292.70879229017794
292.7178972098573
292.72684422823494
292.73559178170933
292.744146035326
292.75247264313725
292.76050923462356
292.7682067889533
292.7755534184455
292.78246270763754
292.7889616932096
292.79495928309024
292.80045170931186
292.80538777144494
292.8097804371967
292.8135886761551
292.8168810728819
292.819800946316
292.8223769780231
292.8246997953051
292.82673801936807
292.82851481462546
292.83012632068954
292.83162510836246
292.83304132678217
292.83441715458247
292.8356870360899
292.83591396277865
292.8354240809572
292.8343886919793
292.8330158478494
292.83128997133633
292.8293337686364
292.8271638712967
292.82476549259314
292.82222293880477
292.8195340623533
292.81670529048074
292.81379804053853
292.81078838180747
292.80771746282034
292.804587057729
292.8014457742191
292.7982527295699
292.7950686629928
292.79187205933505
292.7886320082238
292.78535779878223
292.78204843242804
292.7787046236907
292.7752908522993
292.7718261850825
292.7682497136146
292.7645885841583
292.7608360305935
292.75696252913525
292.7529696430694
292.7488170308164
292.7445369690357
292.74012442414084
292.7355365819136
292.73077411425595
292.7258201488642
292.72068373770026
292.71539314948785
292.70989285718355
292.7042564454421
292.698491317046
292.69256848922066
292.68660139949196
292.6805202951285
292.6744696138869
292.66872405695864
292.6634851612613
292.65881015769787
292.6544765652463
292.65028561731333
292.64602950050215
292.6415726909157
292.63684844264304
292.63185121387767
292.62660185220767
292.6211799275439
292.61563165283553
292.61005610525416
292.60454578486616
292.59934163205554
292.5945214801847
292.5902016521896
292.5864182142705
292.5832518228865
292.5807387519829
292.57890906630246
292.57777615153793
292.5773415959626
292.57761470417466
292.578555396593
292.5801111550231
292.5823425038172
292.58520819447784
292.5886844057258
292.592743931452
292.59735102056896
292.6025093105208
292.60818990254637
292.6143141548848
292.6208597913567
292.6278049162402
292.6327429583643
300.562253733572
300.5814694873723
300.6021379734701
300.62424912095656
300.64780686204085
300.6727659076157
300.69904089994924
300.7264375845658
300.7549047159003
300.7843230444886
300.8146824534583
300.8458649644307
300.8776474356614
300.9099378315587
300.9426366950265
300.9756231170604
301.00868471634993
301.0416935622417
301.0745063778136
301.10701370835613
301.1391024834933
301.1706070023597
301.20129322822396
301.2310736676429
301.25980644774904
301.28736112502963
301.31365714481916
301.3386142150144
301.3621154373787
301.38406072528664
301.40442275484213
301.4233056284524
301.440845517987
301.4570521252255
301.4720237611644
301.4857382329563
301.49816903272983
301.5089066418435
301.5179730396653
301.5253717832056
301.5311400125797
301.53535759697
301.5380931969854
301.5393368788669
301.5392385535601
301.53775157695117
301.5350073316004
301.5309583064985
301.5257598676233
301.51951120493214
301.5122153884075
301.503882838915
301.4946093923581
301.4843671152098
301.4732098570868
301.4611478789822
301.4482163855842
301.434462771138
301.41988680909867
301.4045300728039
301.3883730215286
301.3715189532581
301.3539373079093
301.3356958219268
301.31673831435353
301.2971637612317
301.27695715776053
301.2561645150895
301.2347746964517
301.2127849222206
301.1901725735391
301.16693477824566
301.14313820971984
301.1188023428315
301.0939123288624
301.0685461915417
301.0427379485016
301.0165299310399
300.9900290109828
300.9632447287198
300.93618809355837
300.9088995189467
300.8814315527297
300.8539248224531
300.8264870936799
300.7992423607359
300.7721676910767
300.74523371708875
300.7184747464943
300.6918757523676
300.6656192668013
300.6398527113518
300.61466070599494
300.59012914986386
300.5664251843839
300.54370000397677
300.52207626799355
300.5016654526882
300.4825436044063
300.46469264073903
300.44821407062904
300.4331968709693
300.41967562753956
300.407674943266
300.39733700879805
300.3885885126798
300.38159108740655
300.37633766379224
300.3728842584186
300.37123643251067
300.37141878155234
300.3733801552096
300.3772197996006
300.3829456241988
300.3905231069307
300.39992878899676
300.41108363580724
300.4240088360447
300.4337665375559
295.1803007701629
295.2000044449523
295.22097079750745
295.24310872063694
295.2663923729624
295.2907485933207
295.3160529886507
295.3420784752733
295.3687726713165
295.3960868012796
295.423900592084
295.4521075970736
295.4805528999621
295.509089306367
295.5375936714965
295.5660449246069
295.5941969049553
295.62199888766025
295.6492533665454
295.67589758566186
295.7018587136818
295.72691905855197
295.7510829511188
295.7741649579053
295.7961112303582
295.81679946809663
295.8361923378101
295.85425988192054
295.87093547312327
295.8861615061947
295.8999354343294
295.91237750200554
295.923652990362
295.933894915999
295.94318608773017
295.9516941388057
295.95924547180704
295.96533215176987
295.97012165415146
295.9736562192981
295.97598585344286
295.9771625591064
295.97723204590307
295.9762368822061
295.97418194750094
295.9711450353572
295.96713272955924
295.9622285533002
295.95644484236163
295.9498670596388
295.94249948705755
295.93436226232757
295.92553955379236
295.9159907550497
295.9057833836679
295.8949244656235
295.88343829681224
295.8713664142531
295.8586925735702
295.8454776491976
295.8317119881711
295.8174184728764
295.8026419873619
295.78733023422103
295.7715628879166
295.7553023353621
295.73857040493414
295.7214002161785
295.7038032201917
295.68571886321314
295.6671768955564
295.6481919137157
295.6287812908317
295.6089239057916
295.5886212988378
295.56792665307654
295.54682770761434
295.52536745192185
295.5035426478176
295.4813817621464
295.45890072796783
295.4361673200083
295.41322932794196
295.3902662523895
295.3674172736222
295.3447718618067
295.32222545210595
295.2997696174346
295.27731630840486
295.2548696607115
295.2325397706688
295.2104540076434
295.1886977277469
295.1674014521552
295.1466712406849
295.1266820116816
295.1076003022393
295.08951186044413
295.07256035208667
295.0568529029168
295.0424814433104
295.02952356640867
295.0180434278912
295.0081527495205
294.99987256475714
294.9932646591623
294.98837513928174
294.985344394735
294.9841684216566
294.98483542318047
294.98729285366613
294.9915866447811
294.9976315765706
295.0055006278109
295.0150935126022
295.0263726015978
295.0392576839611
295.0536916374127
295.06438908881876
303.6183072867225
303.6359500419827
303.6556027263982
303.67720779985666
303.7006162412928
303.72582476292166
303.75264740342163
303.781019696368
303.8108428775553
303.8420035108017
303.87438384432033
303.9078457810745
303.942299555417
303.9776495736894
304.0136898258807
304.0503055474277
304.08741145759933
304.12482614190816
304.1624561663274
304.20009300073957
304.2376889613289
304.2750749182811
304.3120865301374
304.34863583060996
304.3845378137826
304.41970177346946
304.45397234092496
304.48721919376055
304.5193234780952
304.55020043284753
304.57971503576135
304.60778180372245
304.6344320293641
304.65959422821857
304.68333812366296
304.7057182053675
304.72676780222514
304.7463573144732
304.76431852671584
304.78052693041747
304.79485164420925
304.80728277727275
304.81775454093076
304.8263035492428
304.832953764011
304.8377787417891
304.8407962995099
304.8421177189197
304.84172930784945
304.83978967401407
304.83631833648167
304.83138151638997
304.8250703373322
304.81744509167424
304.80856493521003
304.79847272535284
304.78724680369896
304.77493702330884
304.76157850115413
304.7472433591198
304.73192257912166
304.7157108805063
304.69862134825695
304.68067178805046
304.6619141266592
304.64237129256617
304.6220835657986
304.60104909101415
304.5793156451806
304.5569021859918
304.5338458397228
304.51015903653393
304.48582269720447
304.4609276481506
304.4354146301554
304.40937334247076
304.3827608641521
304.3556475515523
304.328030765322
304.2999112211045
304.27134618618106
304.2423355343364
304.21290095067474
304.1830887049514
304.1529559929266
304.1225976264136
304.0920061356985
304.06134348864595
304.0305841270855
303.9997966859971
303.96897736905595
303.9382622972291
303.9076845511493
303.8774054124834
303.84744028282944
303.8179704252871
303.7891442193356
303.76109718386846
303.734012978208
303.70804716858567
303.6834126921383
303.6602668121486
303.6387702027258
303.61903238582454
303.6012522251369
303.58551633866375
303.57192972532386
303.5606111201334
303.55160959792187
303.5450047658983
303.5408369636908
303.5391272438687
303.53986929088524
303.54302557158513
303.5486578089028
303.55663632948216
303.56695940925755
303.57955153813765
303.5893466085536
300.5258914569188
300.54889173240423
300.5739424916997
300.60100342083894
300.6299419685838
300.66068769794464
300.69311335882577
300.7271213500363
300.7626070509042
300.7994529970439
300.83752733142256
300.87669670645084
300.916846529853
300.9577264184257
300.9992697663023
301.0412666542356
301.08357781067735
301.1260426179542
301.16845626857054
301.210717899877
301.2525702958994
301.29395511646015
301.3346618242785
301.3745611792968
301.4135184422044
301.45137240470183
301.48804844586823
301.5233594346949
301.5571960710926
301.58943627113274
301.620019899898
301.64888564316544
301.67595392637395
301.70133841226095
301.72507880549114
301.7471535622143
301.7676364864093
301.7862562150336
301.8027466198852
301.8169070137828
301.828709984369
301.83810194277294
301.8451257977752
301.84988803427143
301.8524339726265
301.8528712261848
301.8513481285296
301.8478910118972
301.84264604924215
301.8356911859258
301.8270956598641
301.81694989538823
301.8053766338951
301.7924153912788
301.77817290294576
301.7627405612421
301.74615380174254
301.72847315671453
301.70974729253163
301.6900575161867
301.66944663725627
301.6479099419018
301.6255806012139
301.6024408273739
301.578561738588
301.55398541240686
301.52872684571815
301.50280035768844
301.47629418659943
301.4492361237604
301.4216233081569
301.3935089966299
301.36494892442863
301.33594671932093
301.3065188366774
301.2767022581396
301.2465253058752
301.21600466936655
301.1851554294539
301.1540384560269
301.1226563152455
301.0910659020213
301.05924533691405
301.0272111285638
300.995052544841
300.96273620478394
300.9302912592253
300.8978138529676
300.8652572998112
300.8327887957519
300.80040901060414
300.7682820229642
300.736539625209
300.70534368758416
300.6748420072378
300.6451644290378
300.6165577607809
300.58918351565126
300.5631573439909
300.53874336119503
300.5160717628386
300.4952420407078
300.47643170131005
300.45971728952344
300.44526999119654
300.43314057858095
300.4233857350489
300.4161079379862
300.41135928198753
300.4092137445219
300.40967299039085
300.4127397948437
300.4184422248867
300.42672511785963
300.43755640807683
300.4508763880575
300.46663911686437
300.48472559186064
300.49832102608747
305.6483933554944
305.6629116781373
305.67932656543184
305.69754371242175
305.7174781436429
305.7390643256242
305.76223357813575
305.78692720860784
305.81304480761014
305.8405325567668
305.8693022437476
305.89927787715527
305.9303510255674
305.9624531673443
305.99546562818387
306.02929426192264
306.0638294187403
306.098956917309
306.134572182918
306.1705612329056
306.20680729180276
306.24316430242914
306.2795495366799
306.31576842405514
306.35175880977727
306.3873346437384
306.42240724087816
306.4568136041692
306.4904479421473
306.52316956072383
306.55487470858566
306.58546072066065
306.6149367032445
306.6432421554172
306.6704294093194
306.69652810197965
306.72158251562735
306.7453445441481
306.76757781192566
306.78808017552177
306.8066574790082
306.8231737817114
306.83757429408917
306.8498601654457
306.8600659952555
306.8681845958178
306.8743174487689
306.878533184371
306.88089904346003
306.8815023433726
306.88040120242215
306.8777295405044
306.87353447210495
306.8678749550279
306.860878256067
306.8525749674812
306.8430395219876
306.83233516935564
306.8204941102671
306.8075890799369
306.7936545862177
306.77875599331355
306.7629125416128
306.7461384074444
306.7285300114652
306.7100604305365
306.6907869582093
306.6707030645232
306.6499152205734
306.62833950514636
306.6060679714879
306.58307898420423
306.5594566124738
306.5351663561546
306.5102613702239
306.4847225940027
306.4586022915477
306.43190894404114
306.40468718258444
306.37690063911305
306.3486534543634
306.31991164935414
306.2907237767829
306.2611164325943
306.2311436405413
306.20083757583654
306.1702471429321
306.13943598118567
306.10842874466994
306.07724697450163
306.04597726225455
306.01469383088045
305.98347341024913
305.95245803012534
305.9217839117066
305.89157775279466
305.86200405821955
305.8332447236425
305.80548485238126
305.77891710611135
305.7536642399027
305.7299539492353
305.7078766768311
305.68756013865834
305.6691898456597
305.65283040514436
305.6385867931746
305.62650985892867
305.6166776659189
305.60913587717715
305.6039045761112
305.60097877134433
305.60035205250404
305.60200884240913
305.60593643621525
305.61204291091656
305.62026895388385
305.6306091131099
305.63874336120364
303.98028685037053
303.9936546121136
304.0089836228897
304.02617165531007
304.04520242057185
304.06600895372384
304.0884956143455
304.11258647508697
304.13820636947787
304.1652961094427
304.1937460164877
304.22348778979045
304.2544084769737
304.28638230369495
304.31932362918263
304.35309825762414
304.3875893683562
304.422653695893
304.45822974167004
304.49411852025605
304.53020882014295
304.5664095476175
304.60257996883627
304.6386090479067
304.6743886953378
304.70979538534846
304.74467941723924
304.7789769254704
304.81257714859424
304.84535428733125
304.8771886891049
304.90799877345734
304.93776271053434
304.9664350760762
304.99395971614615
305.02035191958146
305.0456325195687
305.0696175504047
305.0921051066614
305.11292226360797
305.13192759713877
305.149011916197
305.1641447113917
305.1773230197385
305.18848615610125
305.1976733454747
305.2049531315727
305.21034185112876
305.21389726225965
305.21567454788567
305.2157108185405
305.21407434136796
305.21087647494795
305.2061439965338
305.1999126370214
305.1922896087485
305.18334841671134
305.17307891865465
305.16159685894746
305.148944556844
305.13515770875006
305.1202835371195
305.1043805011171
305.0875006737349
305.06968665288167
305.05096581860414
305.0313758313048
305.0109658975258
304.98979436418443
304.9678562860486
304.94521281515426
304.92186755190374
304.8978750539283
304.8732627422088
304.8480734527499
304.82228667399556
304.79599047707177
304.7691414098025
304.7418306314064
304.7140923095575
304.6858695851853
304.65727270183385
304.62829998173146
304.59898493434304
304.5693176477717
304.53936476502673
304.50917284341756
304.4787426490367
304.44814926028045
304.417424905859
304.3866517338282
304.3559005995342
304.325304100404
304.2949603661189
304.2649749679695
304.23547797228565
304.20661368598064
304.1785488343937
304.15141258511056
304.12535515287686
304.10050936891406
304.07703786298356
304.05507866788673
304.03472545145775
304.01612508636754
303.9993827891167
303.9845611374083
303.97174986503285
303.9610367355442
303.9524874509986
303.9461265911868
303.9420014366823
303.9401083971105
303.94044289128
303.9430083389444
303.94776958553877
303.95471592679576
303.96375222650795
303.97109607021287
296.7932392934636
296.83911905334605
296.8843684916525
296.9288828275475
296.9726158550014
297.0154416083925
297.05713806643456
297.097095019189
297.13513179969897
297.17118377249966
297.2052244317311
297.2369801376512
297.2659499626671
297.292110792714
297.3156298553914
297.3364992756132
297.35459230710876
297.369708697504
297.3818203253665
297.3909768943793
297.39724499346215
297.4005055222651
297.40073511835203
297.3979276601235
297.392016441683
297.38302678784567
297.3710241019623
297.35622063633235
297.33877507659747
297.3189294962699
297.29695785484466
297.274036701618
297.25125926954274
297.22927512789994
297.2083316080589
297.1886391262228
297.1703148127113
297.15239160301627
297.1340115355787
297.11507663950465
297.09553118339807
297.07538827143435
297.05475102805764
297.0336441868154
297.01205409031286
296.9900471563594
296.96770683093825
296.9450056674924
296.9220754556899
296.8989645362372
296.8757069139076
296.8523625078353
296.82899537081704
296.8056191759285
296.7823414281173
296.7592095089689
296.73620847769996
296.71337632161465
296.69071851078866
296.6681843449143
296.6457322855494
296.6233450254527
296.6009916347095
296.57858329270465
296.5560904450078
296.5335051813302
296.5107806461751
296.48787638832795
296.4647421326218
296.4413632916625
296.41772504199315
296.39379542545606
296.3695430664405
296.34492991569863
296.3200340355933
296.29476564072706
296.2691628982933
296.243296679596
296.2172066777067
296.19095941875935
296.1646556118524
296.138428412711
296.11252023515226
296.08917592100664
296.0718598554125
296.060099203988
296.0513434366189
296.0439971625606
296.03737897079986
296.0312412321596
296.02550867596875
296.0200230259181
296.01516542298094
296.01134866746645
296.00926462500723
296.01004105178
296.01457829244384
296.02312351802664
296.0355979153223
296.0517075362622
296.0713761673164
296.0943961939798
296.1205243111686
296.14966753386625
296.1813944785481
296.2152409821245
296.25092284134365
296.28831762852855
296.327372546023
296.3679187341809
296.40956449278565
296.45209982333483
296.4953567343734
296.53931211642026
296.5836839883158
296.6280436881991
296.6722170243773
296.7162131194688
296.74602308708546
