294.40116119022304
294.6259334935428
294.8429106014138
295.05167229069014
295.25221547166063
295.44326000247503
295.616436020353
295.7765034745727
295.92391293533564
296.0588150634699
296.1797096210061
296.28103847275815
296.36662108962093
296.43667028699826
296.49137674331257
296.5301591870858
296.55092676641004
296.5551143776697
296.542966446232
296.51476124359795
296.46871829137416
296.4036126980285
296.3220318260676
296.22441012479567
296.1111229751478
295.98445859676536
295.8465833346891
295.69659546007694
295.5349186460789
295.36183569693105
295.1894428716355
295.02246231110473
294.85467498116435
294.68626927846145
294.517465843468
294.3520207107527
294.1895658846326
294.0290227619146
293.8698251633088
293.7119258347175
293.5529135295865
293.3972274239761
293.2345888322687
293.0794155449465
292.9262163158742
292.76957022453354
292.61808915028234
292.46823236731205
292.3199478860457
292.17329999630624
292.0282673513433
291.8848979835927
291.7431586182319
291.60301990887416
291.4645299160755
291.3277815730846
291.19271897526767
291.0593397887389
290.92760903650367
290.79744904936933
290.66850365748274
290.5410677433588
290.4150813012434
290.2904988548218
290.1673645021546
290.0459518467212
289.925823726975
289.80707175906133
289.6896279357319
289.5733431887689
289.4579757984268
289.3437990531041
289.2307634229083
289.12266057788753
289.0220151567373
288.91667332032847
288.81260288482184
288.7412319257748
288.65734321245986
288.5905778044089
288.527284397583
288.47819081972295
288.4660511237732
288.58997949061836
288.6178696637083
288.64828762248044
288.6830044465506
288.7210116964954
288.76145883174394
288.81462712550024
288.88117357056984
288.95439178414773
289.0339348650732
289.1196178998068
289.2195029653767
289.3327917960642
289.45762668797283
289.594302939647
289.7431569327049
289.90317040382365
290.07526038636627
290.2598003673487
290.45690022212875
290.66657886697914
290.8845321824545
291.1123589537919
291.34993238715776
291.59706634676064
291.8532784982459
292.11135959848843
292.3734726838917
292.63945106033395
292.90906343389844
293.18073171765803
293.4411612523649
293.6969446745303
293.9483989565386
294.1954267755416
294.36083114878573
294.53623318787965
294.756036933719
294.965033079679
295.163732314441
295.3528485467859
295.5328358674998
295.7023060903852
295.85964935270226
296.004654270872
296.137397118546
296.25794300825333
296.3642123405806
296.4547034506796
296.5295454491953
296.589108536681
296.63369057563153
296.66251870486184
296.6751825548574
296.67197235209375
296.65321136456174
296.6191597708601
296.5692572831676
296.50366196066665
296.422735356306
296.32676947942497
296.2163125545485
296.09395135620116
295.96094172849854
295.817382848025
295.66324930643333
295.50037451898135
295.33716187780277
295.17592250210686
295.0164352298892
294.8583893382819
294.70218180710845
294.5488359387658
294.39684181494147
294.2459233531668
294.0954939020259
293.9458508469457
293.79648767273295
293.64609001502834
293.4939824224868
293.34390276768005
293.19499592444345
293.04524247534425
292.8980233284653
292.75311931799934
292.6103341668932
292.46955703147734
292.3306087377072
292.1934607481763
292.0580569918479
291.92432337157385
291.79234187569557
291.6620457068409
291.53346588873495
291.40654596835583
291.2812470960746
291.15745844484627
291.0350800878977
290.9140935929818
290.7944699000851
290.67623513587057
290.5591661050286
290.4432260650933
290.3284646867383
290.21490847389987
290.10248214956806
289.9912614895701
289.88110772749525
289.7720101562088
289.66393518908257
289.5633778741122
289.46710172900094
289.368991990186
289.28022283322343
289.20549705125194
289.13905335130335
289.07300408969763
289.02692308610386
289.00731609072716
289.0798876130345
289.1906107194039
289.2818109711527
289.3559999494159
289.4207394133042
289.47960943732045
289.5335167258424
289.5830362294133
289.63345884786384
289.68713263727335
289.74473637737015
289.80935291397566
289.88814997435884
289.98185287390663
290.08989577706615
290.21175409409403
290.34650580207705
290.4934810965998
290.6530937637424
290.8255894062203
291.0109375447981
291.2085353898716
291.41757537122146
291.6372356902124
291.8668076680827
292.1057322638288
292.35202234591907
292.60224478228133
292.8551923311719
293.11027003886
293.3671401786371
293.6202868169035
293.8663959767027
294.10620295721634
294.34002018757894
294.4956790331174
296.5844819134423
296.6719466876651
296.7576971330487
296.8416270851567
296.9237086674437
297.00387905906274
297.0819546565553
297.157681448942
297.2309254368497
297.3016425243641
297.3696922749574
297.43471584915073
297.49642867349127
297.5546945010482
297.6093808719301
297.66036012418135
297.70731476416574
297.7500255398482
297.78831927020934
297.82214642729537
297.8512772984884
297.8752574871473
297.89393136177404
297.907260496705
297.9151635519266
297.9176065795067
297.91462132373584
297.9062465922991
297.89252247356154
297.8734905887013
297.8497230423497
297.8236987331568
297.7958396030934
297.7664168651542
297.735509951685
297.7032822091362
297.66975899549436
297.6332582702022
297.5937885724533
297.5513115566461
297.50691089199455
297.46067789857966
297.41244547390994
297.3621458331735
297.3106701414285
297.2578415190483
297.2031432517843
297.1475152754146
297.09104474995473
297.03385386003373
296.9760530228636
296.9177216522649
296.8589344852133
296.799730771373
296.7401847304265
296.68029019047094
296.62014143306305
296.55973432741206
296.4990843153098
296.4382694096505
296.37725750266065
296.31611668337933
296.25485037169864
296.19345929874123
296.1319778742384
296.07040325929114
296.00878063915957
295.94708048761936
295.8853798269174
295.82364580116666
295.7618487350362
295.7000783948988
295.63827180518126
295.5764836759679
295.51641773074033
295.45660510448226
295.39697964931725
295.339380149304
295.283657631747
295.2294819080399
295.1763739271213
295.12826531130236
295.08183111438626
295.0422237769431
295.0022444266199
294.96438372927423
294.92927987630344
294.89700430819306
294.8676747215696
294.8419901158198
294.82231641927496
294.80895515844975
294.8020231684328
294.80151949195454
294.80828289891707
294.823938770672
294.84846588623896
294.8818232755074
294.92398183820103
294.9741045167402
295.0309599640281
295.09437733573935
295.1642900912535
295.240604632722
295.32170462354736
295.40561682411834
295.49218643820905
295.58130957206066
295.67292161760037
295.7659579965001
295.859461459272
295.95324914257975
296.047144855879
296.14112124613877
296.23458923487783
296.32704646075103
296.4183015128448
296.5083254013738
296.5687842632095
297.0524651676671
297.16615146372186
297.27384806452767
297.3754620090016
297.47147317699824
297.56247149927304
297.64763697799475
297.72541719910737
297.79587941629273
297.85947376658766
297.91656390598104
297.9661361464943
298.0068383857785
298.0388837999037
298.0627304290917
298.0788362298922
298.08653894425424
298.08499096274863
298.07438555777554
298.05487350475
298.026651759481
297.98907946559007
297.9416036815886
297.8843375064176
297.8175809434603
297.7416433549795
297.65719399394726
297.56526846148034
297.4667448802089
297.36217520736955
297.25238821204556
297.1420534401046
297.03576104613137
296.93562446197626
296.8425210807402
296.7569077388037
296.679438543557
296.60648572421246
296.53633931542777
296.4690020451349
296.4047430199638
296.34311304100584
296.28265408585276
296.22081119614677
296.15926433548736
296.0983741237109
296.0355090301533
295.9721950122065
295.9094788270196
295.84782174049917
295.78734171459143
295.72788719991314
295.6694042089496
295.61184277863185
295.5551064177547
295.49918068487517
295.4438382273274
295.38888684496385
295.33435222278
295.28009729193985
295.22608299834866
295.17203757929667
295.1178953777066
295.06360829139635
295.00917555951355
294.9545742398787
294.8996099173354
294.844174224609
294.78832280856176
294.73207843798184
294.6754170710156
294.61814053733866
294.5603056417973
294.50193865304317
294.4447508349213
294.3897777995498
294.3358070135417
294.2825339373107
294.231713974371
294.1829499617335
294.1350442746458
294.0901316958233
294.0529558819911
294.03343694993765
294.0324739338152
294.0434017810824
294.059584135585
294.07420720656586
294.08252351897
294.08294155561566
294.0834793539395
294.091534002161
294.1106436721284
294.1421555357104
294.18618071595245
294.24264356500026
294.31137782376834
294.3918822039887
294.48343827103224
294.58494272798356
294.6946705209586
294.81132234540297
294.93411865566475
295.0624784690068
295.1955231276591
295.33129999920425
295.4688115247001
295.60781437959537
295.748309482101
295.88943317420666
296.02933615919596
296.1676071233375
296.3044207869212
296.44005017716233
296.57322858781527
296.7018425510937
296.8258478886968
296.94577374406714
297.02527802835414
298.5853681721496
298.68097212364967
298.77098141626726
298.8553342016275
298.93467577622476
299.0096164832244
299.0799992664318
299.14455014188263
299.20296509770907
299.25550822303614
299.30258309408043
299.34386212181926
299.3784653839103
299.40623187445715
299.42733612197327
299.44205654238675
299.4499191189362
299.4499819909459
299.44226701004095
299.42705844188765
299.4046300527917
299.37483146629785
299.33723493494034
299.2919536036002
299.2391047088711
299.17905863120126
299.1125467197362
299.0405634822885
298.96401070082095
298.88364163226555
298.80043559178574
298.7197004355384
298.6468351247493
298.5849722746661
298.5357194983459
298.4996154774371
298.47176638172334
298.42625155016543
298.3679770751349
298.30349852704114
298.23609529695784
298.16790901621977
298.1002948954175
298.0339566885776
297.9692831899104
297.90643562484723
297.84543628961114
297.78623884572073
297.7288080739098
297.67299777575994
297.61880557964116
297.56611431730573
297.5148277848229
297.46483543223906
297.4160945754225
297.36848552395105
297.3219282641949
297.2762812785897
297.23143792103787
297.1873040938359
297.1438486669453
297.1009655599771
297.0585806957495
297.0165400929764
296.9747364140062
296.933121366329
296.8915755462177
296.8500284224579
296.80838440734993
296.76657632570175
296.7245801958084
296.68233531142425
296.63981338813335
296.59702325656224
296.5549115854684
296.51427003810113
296.47480684084337
296.43642332249675
296.4000584709342
296.3655389739211
296.33183901929937
296.3001018961375
296.27355392269567
296.2596623390671
296.2622526821667
296.27656278222605
296.29417203981825
296.3074824752275
296.3119579612831
296.3062797962024
296.2962930034505
296.28840830007863
296.28653852769577
296.2928061597266
296.30849670875244
296.3346321269442
296.37208706737954
296.42116284941517
296.48161328663554
296.55258354365714
296.63254532623256
296.71995450453505
296.8137401042289
296.9131487350788
297.01737257458814
297.1246983406258
297.2340996981031
297.3450883454324
297.4575668870121
297.57109595845736
297.684302469942
297.79659516268146
297.907839026489
298.01823941509684
298.1273436229397
298.2336444511548
298.33659080291994
298.43632684157797
298.50247486837435
296.62343596445396
296.6952337403106
296.76817209308723
296.84196120518084
296.9163007521367
296.9908491575465
297.06535735329754
297.13954600628534
297.21309801901776
297.28567395143534
297.35698392608606
297.4267353840448
297.4946999941548
297.56049198052443
297.6238273036081
297.6843400781942
297.7418892231495
297.79612083213345
297.8468066399394
297.8936384873229
297.93639906014243
297.97489424075474
298.0089432851748
298.0383657686537
298.06303156403715
298.0827876430598
298.0975249796851
298.1072573815524
298.1120467161492
298.1120735894903
298.1075062097898
298.09859198290087
298.0857505688666
298.06943544652444
298.05031365352465
298.02884035070224
298.00558346867484
297.980913985881
297.95503803968506
297.92795144108123
297.8997520981603
297.8705739515271
297.8406253785337
297.8099908739836
297.7787578835357
297.7469517536751
297.71461398276034
297.68159816485445
297.6478573993046
297.61340828201395
297.57837077727567
297.5427437862804
297.5065938560839
297.4700114732963
297.4330147832371
297.3956542626648
297.35792619304715
297.3199351408494
297.28168313796664
297.24323148761243
297.2045404890508
297.1656791432441
297.1266031196218
297.087315639998
297.0477672601692
297.00798972245644
296.9679769158014
296.92771235582046
296.8872129459381
296.8464277206325
296.8053960679466
296.76411388523695
296.72254601603083
296.6806278216906
296.6383941870799
296.59584281947144
296.5531378417302
296.5103778483391
296.4676005854429
296.4249085549174
296.3824419009759
296.34024821247135
296.29848949838646
296.25765297407986
296.2188128792667
296.18300784450486
296.15061886146174
296.121413994101
296.09480201735016
296.0699570152861
296.04618409966366
296.02306667671064
296.000637476111
295.97923556158815
295.95915914305016
295.9410024777369
295.92518022162983
295.91224241681124
295.9027584014489
295.897225946807
295.8960456506385
295.89950256124365
295.9078151923892
295.9211037902142
295.9394298631226
295.9628053842542
295.99112470219734
296.02426111353634
296.0619477655389
296.10404814824994
296.1503386664801
296.200621968996
296.2546148232464
296.31208688622996
296.3727698485749
296.43641996639246
296.5025897876328
296.57088599873657
296.61833969013065
297.71307160003545
297.726821042292
297.74093745108667
297.75536542510235
297.7701087717852
297.7850958400934
297.8003272785468
297.81563421129954
297.83097410196274
297.84629933045926
297.8615538688894
297.8766900346965
297.8915970799146
297.9061933543744
297.9204903718789
297.93439016717934
297.94786500032495
297.96081671242985
297.97322442735026
297.9849772201966
297.9960845758875
298.0064559775426
298.0160322178776
298.0247416839174
298.0325626236113
298.0394800519972
298.0455707613665
298.05109416196154
298.0560567698148
298.06060624224534
298.06468560613655
298.06841521976713
298.0718699189934
298.07515902906636
298.078354413133
298.0815482665424
298.0845579934147
298.0857967612006
298.08571146688973
298.08466495068325
298.08293530243805
298.0805583949744
298.07768059109645
298.0743495568977
298.07055597851655
298.0664295192707
298.0619320009871
298.0570390347853
298.05184576350103
298.04637439080267
298.0405984702753
298.0345760254379
298.0283262207618
298.0218382836056
298.01518760907913
298.0083244302788
298.0012763512468
297.9940175074698
297.98660813579664
297.9790007515928
297.9711702125634
297.9631880851235
297.95497126194897
297.9465499276538
297.9379038061204
297.929062402792
297.9199720153703
297.91063559016237
297.9010743351312
297.8913169513331
297.88126261755
297.8709751973631
297.86043344811713
297.84964052684853
297.83864954629695
297.8275071348416
297.8163025304799
297.80499093620665
297.79360560910044
297.78222408871585
297.7707922048187
297.75938213591803
297.74826484592944
297.7377538196923
297.7279873306331
297.7188026030528
297.70992754911106
297.70113717692965
297.69226079347817
297.68317637694645
297.67401342095064
297.6648332398718
297.65583358307833
297.64705772405705
297.6386935471824
297.6308264937086
297.62376227492973
297.6175970776391
297.61243501357455
297.60836091523873
297.6053689545898
297.60350907134296
297.6027780390533
297.6032035343629
297.6047518775074
297.60737691474105
297.6110334365898
297.6156920939463
297.62132907520726
297.6279412420179
297.63544512720784
297.6438327679839
297.65303973743056
297.6630453765656
297.6738413008754
297.68528437501334
297.69730051157126
297.7098858336086
297.71874138115237
304.6729381569422
304.7040369556035
304.7375918001224
304.77363650901316
304.8121069616264
304.85300606164924
304.89611013304517
304.9411089913477
304.98784161066004
305.036117780837
305.08586179113394
305.136933106928
305.1889637278536
305.24178414858983
305.29521722802383
305.3490449469013
305.40295914746696
305.456711036322
305.51009575450985
305.56294511725315
305.6150332687885
305.6660604623267
305.71566142684463
305.7636517269239
305.80975485741453
305.8538309768
305.89571122878255
305.93529771321863
305.97235820028794
306.0067802028533
306.03848090398515
306.0677284988359
306.0948615903494
306.1199662564174
306.14313301838547
306.1644122256539
306.1837371402271
306.200121807437
306.21360327053276
306.22426722118604
306.23223438414675
306.2376236253038
306.2405370207769
306.24104374631327
306.2393218975181
306.23538371632577
306.22939789567096
306.22136676183834
306.2114339826666
306.1996615816831
306.18614404515546
306.1709167766758
306.15411333335794
306.1357757773227
306.11596950644923
306.0947568579633
306.07219909568806
306.048331746893
306.0232425401805
305.99696421748735
305.96953105986955
305.94098438204503
305.91140985510316
305.8808204091976
305.8492366786093
305.81667752785336
305.7832402687951
305.74893473850716
305.7137623085333
305.677768950826
305.6410362416783
305.603541983737
305.56534029991496
305.5264727052285
305.4869133187304
305.44674282518065
305.40599673730287
305.36467089370063
305.3228631967002
305.2805554974441
305.23779948768845
305.1946340260614
305.15118185833757
305.10768635807256
305.0644630701992
305.0218091873015
304.97970157119477
304.9380805625255
304.89698675982555
304.8563790189737
304.8166000583017
304.77792798552247
304.74050510507976
304.7044641932653
304.67005640533046
304.63750081325367
304.6070041043345
304.57875560766956
304.5528675133339
304.5294491841873
304.5085715788447
304.49029142662977
304.474636304912
304.4616463685481
304.4513957060874
304.4438715523351
304.43911009723286
304.43707482066714
304.43782293078175
304.4413988980423
304.44776815655877
304.45689843660074
304.46889012202115
304.4837529121796
304.5014448309433
304.5218832238014
304.5449386678978
304.57058651051534
304.5894551638207
299.8526061830354
299.8874410507411
299.9243136040166
299.9631089216394
300.0037393492811
300.04608714684605
300.09004440641166
300.1353646119748
300.18188281082655
300.2294522518025
300.2778866232201
300.3269455911351
300.376304351312
300.4257785969312
300.47509330542596
300.52422332350216
300.5727930476006
300.6206439489454
300.66752425252594
300.7132796942692
300.7577496430212
300.80069596240406
300.84191947230204
300.88127014485747
300.91853280566215
300.95358537019996
300.9863172119452
301.0166633152119
301.0445609013444
301.06991527579095
301.09273624790836
301.1132619005547
301.13186742078227
301.1488662477613
301.1644317213912
301.17885415702307
301.1918386973406
301.2018823198214
301.2093783211008
301.2144844484369
301.2173407426458
301.2180692292152
301.21680006863363
301.21359396001856
301.20857027176817
301.2018258445414
301.1934127125515
301.18339509126196
301.1718843960003
301.15893694677305
301.1446000666844
301.1289343721121
301.1120034471109
301.09387904847244
301.07460111615643
301.05418736135266
301.0327201532558
301.01023933696376
300.98675819832494
300.9623144057993
300.93698015456454
300.9107406856645
300.8836581632699
300.8557378200409
300.82699808175835
300.7974984009735
300.767213015266
300.73619518968894
300.7044658678245
300.67201577363727
300.6388812888667
300.60513289750645
300.57073101184346
300.5357055620876
300.5000932729402
300.46390108741593
300.4271971614305
300.3900044062862
300.35231076384036
300.3142004537929
300.27567931421606
300.2368563150028
300.19781295599506
300.15891261528697
300.12042168891895
300.0825217293327
300.045116491247
300.00813954359677
299.9714710045347
299.93507271727833
299.8991876019763
299.86404631222143
299.829794278795
299.796673086955
299.7648926551318
299.73471512834493
299.7064480519884
299.68019861346863
299.6562705617924
299.63480271902426
299.6159345789163
299.59976718557795
299.58638076429804
299.57586178791985
299.5683123618454
299.563752765148
299.56220747317934
299.5637109414728
299.56831918693973
299.57602808928976
299.5867579244794
299.6005330767436
299.617224267676
299.6368964788567
299.6594252824928
299.6846130305566
299.71237109915785
299.742553288888
299.76440752572574
306.0668216654311
306.09922322001887
306.13444032866875
306.17242345265294
306.21292727399776
306.25587030511196
306.30107737328
306.34844765294497
306.39775195927496
306.448926105618
306.50174432225214
306.55605092577304
306.6116967815968
306.6685432915114
306.7262907766447
306.7848241216736
306.8439637262166
306.9034796015141
306.9632231605144
307.02293672041833
307.08246065969314
307.1416107497409
307.20013583810055
307.25787510043943
307.3145331076582
307.3699453418581
307.42391092390307
307.4762039792326
307.5265868336974
307.5749565239705
307.6210764713725
307.66484581402386
307.7062913695041
307.7453396062662
307.78211994895514
307.8167647113827
307.84933378997476
307.87938927067427
307.9064557089756
307.9301356522296
307.95018049680044
307.96661509140887
307.9793994685882
307.98862326730324
307.99440026920865
307.99690208960715
307.9962844246456
307.99270901793375
307.9863412316618
307.97732230700734
307.9658315140168
307.9519989138713
307.93595318815466
307.9178808539417
307.8978699624049
307.87603414621395
307.8525110612182
307.82739704181796
307.80076979360484
307.77272825066564
307.74333271261355
307.71269186365896
307.68083366055197
307.6478453550582
307.613771084965
307.57867024321905
307.5425770119258
307.50554790061307
307.46760976640974
307.4288329311378
307.38922168080455
307.34883089470026
307.3076377759672
307.2657629236289
307.2231886991302
307.1799262965864
307.1360405133072
307.0915609879739
307.0465263727758
307.00093137884346
306.9548890201398
306.9083339536023
306.8613702299703
306.81401911688175
306.7663534013724
306.7185605303931
306.6706559031166
306.6228659472209
306.57522287662783
306.52783452315066
306.48070443551694
306.4339989519498
306.3878548378546
306.34243972187414
306.29787764078594
306.2544235717805
306.2123293533528
306.1717985841175
306.13318774461527
306.0967033553488
306.06269877195757
306.03138790741383
306.0030061037362
305.97778804325185
305.9559253471065
305.93759360403965
305.92287953145063
305.91193909269293
305.9047973494506
305.9015388525544
305.9021770668006
305.90669673875476
305.91504415441676
305.92712476134164
305.94291529458326
305.96226786774866
305.98507765795216
306.01121498985543
306.0307549470118
301.38846554547837
301.43084624359545
301.4764999112662
301.5252952372622
301.5770549614474
301.63166496930546
301.68887444820086
301.7486128247587
301.8106364096391
301.87479384896557
301.940850719862
302.00864403877995
302.07791240629643
302.1483262364491
302.21971596245345
302.2917671529565
302.36424294223843
302.4368435759289
302.5092936275093
302.5813418965113
302.652647456179
302.72301449027356
302.7921321410916
302.8597370268458
302.92558628079865
302.9894153391922
303.0510511527551
303.110208171675
303.16664992743745
303.22024900169026
303.2707671789986
303.3181516935393
303.3623295180261
303.4034074348741
303.4414250542565
303.4764462147047
303.5085585764375
303.5370227413922
303.56113214572093
303.5805986354798
303.59537012598804
303.60551872148585
303.6111484548292
303.61250223475867
303.6097959581709
303.60324721336684
303.5931744610953
303.5797262123441
303.5631659276061
303.5437131608311
303.5215744067816
303.4969346881001
303.4700169104681
303.44098701727273
303.4099874535117
303.3772259996294
303.34280146908947
303.3068671935927
303.2694851242131
303.2308529326771
303.1910097787241
303.15003554529386
303.10807454057675
303.06515018730187
303.02138248339475
302.9767915941935
302.9314919707422
302.8854400491129
302.8387649970737
302.7915195886857
302.74370326211164
302.69538375706463
302.64659134816566
302.59737360356905
302.5477548723293
302.4977827126005
302.44746704901064
302.39685133521664
302.3459572118904
302.29481259919515
302.243446672482
302.19192601824363
302.1401987763739
302.0883209922021
302.0363816539805
301.9843355764376
301.9322448017379
301.880251293844
301.8283231995653
301.77663512379945
301.7252855286913
301.6744961453831
301.6245402779657
301.5756839608513
301.5281786430083
301.48227506456334
301.43832624205675
301.39665226373086
301.3574829212499
301.3211246533474
301.287869062895
301.2578667041578
301.23137090728375
301.2085648467727
301.1896383159974
301.17470411018263
301.1638721980256
301.15724259462235
301.1548992300539
301.15692427777526
301.1633269284822
301.1741157480113
301.18926569140734
301.2086518604704
301.23225826629744
301.2599566863621
301.29157399917233
301.32699438234664
301.35316165650147
308.07036559034907
308.0984579132608
308.1291958444844
308.1624150423683
308.19801938879004
308.235886493393
308.2759526220034
308.31810468546684
308.36223052505443
308.40819891904863
308.4559512614627
308.5053304867017
308.556233641446
308.6085495174002
308.66211432792255
308.7168001737213
308.77249447487685
308.8289972081179
308.8862133944163
308.9439003585501
309.00193869197983
309.06010674579755
309.11825593873186
309.1761371872676
309.23355519332097
309.29022979863214
309.34603814803086
309.40068127552
309.45402707576415
309.5057573919248
309.5557346859361
309.6037998978819
309.64991504919095
309.69404965532914
309.7362567957343
309.7765962384035
309.81517747594233
309.85136607026044
309.8845430928458
309.9142714222843
309.9402557848753
309.96229824965604
309.9804229883002
309.9946637797983
310.0051464488424
310.0119592693207
310.0153353272971
310.0153724027905
310.01226958089154
310.0062183108943
309.9973933655196
309.98593049106586
309.97206118431427
309.9558908560912
309.93759651375814
309.91730439734033
309.8951722939818
309.87129725794546
309.84578305304404
309.8187590310248
309.7903090185106
309.7605164486634
309.72945405009244
309.6971768251707
309.66383748067767
309.6293653048636
309.5939087413842
309.5574651042719
309.520140768564
309.48191648685855
309.44284530531945
309.40299735680844
309.36240386980876
309.32102973610495
309.27901687606027
309.2363218244966
309.1930033928905
309.14908201586
309.1046451677912
309.05965671595266
309.01423257339457
308.9683400158953
308.9220576223327
308.8753791368399
308.82838179994167
308.7811816266202
308.73380899438723
308.6863565651104
308.63889586561567
308.59143975258434
308.5441593250276
308.49712164446566
308.45049882018344
308.40450717485163
308.35935710884763
308.31526325030194
308.27251333101924
308.23135918365006
308.1921143132054
308.1550265484934
308.1203845457038
308.08842681653203
308.0593850712979
308.0333981964469
308.01072272509754
307.99146452173864
307.9757292716951
307.9636054828089
307.955149849052
307.9503615482706
307.9492899731131
307.9518438138207
307.95798778663766
307.96762931186714
307.98069709693175
307.99707523540263
308.0165736875961
308.0391262924427
308.0560808340035
305.09157899101064
305.11937245684254
305.1501905899507
305.1838782001785
305.2203976955362
305.25958692079575
305.3013517151037
305.3455449713443
305.3920678855188
305.44077162312493
305.4915557041841
305.5442520009427
305.59870019033747
305.6547081353904
305.7121037438078
305.7707143909939
305.8303346793923
305.8907203271706
305.9517521065053
306.01318416362176
306.0747477174016
306.1363172106174
306.19765929917156
306.25858313295504
306.3188873866058
306.3783884325943
306.4368336476443
306.49407294397236
306.54991222080497
306.60416111439764
306.6565954406928
306.70710134213033
306.7555845508389
306.8019812880934
306.8462969517706
306.88846936298415
306.92856784816195
306.9661967842204
307.00078596507603
307.03194725038554
307.0594693847876
307.08320210993895
307.1031377736898
307.11925289627146
307.131643792093
307.1403504102085
307.1456055135739
307.1474533535406
307.14603997960967
307.1415181009098
307.1340146128873
307.1236992216005
307.11074548846926
307.0952274326886
307.07734579401705
307.0572204228914
307.035009527889
307.01076663763047
306.98466219607405
306.9568214222336
306.9273177417064
306.8962699632597
306.8637555505486
306.829900712296
306.7947401373292
306.75839513468003
306.720896528268
306.6823642656108
306.6428512475012
306.60238706085994
306.56107026862617
306.518881520926
306.47596894826165
306.4323269483038
306.3880171911917
306.3430499486642
306.29753142353553
306.2514361838725
306.20484525858217
306.1578020377432
306.110304473887
306.0624157715389
306.0141769331865
305.9656414547
305.9167639850763
305.8676912716909
305.81840677922827
305.7690288685907
305.7195956662969
305.6701814335408
305.6209437612592
305.57200569140264
305.52354110252145
305.4757681367754
305.42886021887836
305.3830696932139
305.338608593179
305.2957381800311
305.2547282149269
305.2157967226313
305.1791703102055
305.14511631510834
305.11384368723054
305.0855373794076
305.06035743047033
305.038499399592
305.02005823079566
305.00518878729235
304.99393499078917
304.9864108906749
304.9826308749686
304.98261042262146
304.9863270650427
304.99373832455717
305.00479393842
305.01944060661305
305.03759981364993
305.05906990683366
305.0755780273799
303.2223457870682
303.28542052821354
303.3476104237732
303.40901735659133
303.46958218565595
303.52919169560056
303.58736265522714
303.64290280410074
303.6954992203439
303.74505216470055
303.7916491879331
303.8348216201604
303.87392884541333
303.9090396208128
303.94046688810505
303.96834519364813
303.9925595098299
304.01295911719274
304.0294456576537
304.04207190049175
304.05086112293407
304.05561078446084
304.0561899618084
304.0525640496398
304.0446619531407
304.03250457887134
304.0161379035054
303.9957280440607
303.9715687318069
303.944120810557
303.9139874141416
303.8831526335664
303.853527886418
303.82597501567386
303.8006958974742
303.77782971433385
303.7574978367393
303.73655366203667
303.71320054684224
303.6876359879484
303.66021500856823
303.63130727130255
303.601198195726
303.5701009082754
303.53812089074233
303.505498433597
303.472276661008
303.43854468320643
303.4044131961273
303.36995743137675
303.3352165632036
303.30026401391063
303.26520859299956
303.2299844657911
303.19473674143296
303.1594510066857
303.12412514352314
303.08882147770237
303.0535083896305
303.01820954624145
302.9828923051833
302.9476090374957
302.9122481050799
302.8767667898611
302.8411413427899
302.8052887711123
302.7692131842833
302.7328779069494
302.69627919855395
302.65938587678045
302.62227432409236
302.5849052691796
302.54725654149365
302.5092451632993
302.47096283586797
302.43230626424986
302.39345776806033
302.3545254773957
302.31563116088
302.27686326665713
302.2383723710983
302.2002079606575
302.162533784011
302.12893936133537
302.1055454336536
302.0920134866526
302.0839651727778
302.07839856227105
302.07396440283947
302.0700679385741
302.06641938198726
302.0628750967893
302.0602441912744
302.05953539636454
302.0618270726426
302.06882485711685
302.0815888361685
302.1002439551372
302.1243530958939
302.15346232853494
302.187421311839
302.22592470375105
302.2685296629072
302.31498593138093
302.36471780812667
302.41701267141076
302.47154225180395
302.52805851610026
302.58650807011884
302.6466214794902
302.70786825885455
302.7698922994614
302.8326162843231
302.8959844991627
302.959588780361
303.02288524471265
303.08571276394133
303.1480633050694
303.1902530725912
