295.11807437598213
295.373066867156
295.6171413694355
295.8510703888003
296.0746824011169
296.28671146856556
296.48053638766163
296.6600017723443
296.82517705373675
296.97625365542376
297.1120587663217
297.228284151526
297.32794673317
297.4111697991465
297.4782565024165
297.52810387452956
297.55813452897473
297.5701976957339
297.5645902856076
297.5416535229391
297.5001542861504
297.43932682773857
297.361166556979
297.26611780120527
297.1546268829442
297.02841702665114
296.88944988079544
296.73749927779704
296.5730320746008
296.3964385177692
296.2194798418291
296.0461435904617
295.87156751925676
295.6961962144716
295.5203583828838
295.3476179554361
295.1775518093614
295.0093727835546
294.84251399164464
294.6765262020326
294.52208879707587
294.36703477955956
294.1999919209953
294.041066718206
293.88404222388505
293.7098091340405
293.5484258109668
293.3882986660376
293.2292762503827
293.07142310911956
292.9147793847015
292.7593633876799
292.6052297281588
292.45236455986543
292.30086013081217
292.1505153484419
292.00153266188977
291.85388272048436
291.7075514675702
291.5626292270014
291.4192729781316
291.2772649742403
291.1365683000166
290.99719152684366
290.85905801218377
290.72211552023236
290.58634940849925
290.4518436368575
290.3185507833867
290.18641371593344
290.0554103455191
289.92552251738056
289.7967376322357
289.6821124837105
289.58982353239645
289.4782906683103
289.3687109332475
289.29804027208814
289.1891128426236
289.04124028522773
288.95086611057917
288.9229907134901
288.94433110816885
289.0146967399637
289.04426498015215
289.0852078424762
289.1325276928826
289.1842723797917
289.23922817473715
289.29793830950007
289.3596651954644
289.42508524994327
289.4944344719632
289.56781757836404
289.65838330597376
289.763684508766
289.88194245221194
290.013699606443
290.15955715917727
290.31785662608024
290.4901249776149
290.67631278729215
290.87658616379434
291.0911338716498
291.3147587072341
291.5503175501868
291.7981393426847
292.0580934835784
292.32961129785747
292.6045614328396
292.88527811436876
293.17151639241905
293.46283843794055
293.757537943714
294.0439427881612
294.327002023167
294.60630557644964
294.881433167409
295.0660007692935
295.28190409646305
295.5258415567746
295.75641774631384
295.97468905487364
296.18130213140023
296.3765769658036
296.5600107892602
296.7310145975849
296.88910888871663
297.03406961115905
297.1658014305126
297.28247231975735
297.38241186761167
297.4658834212623
297.5333625773513
297.58512135334763
297.6200254153213
297.63767442059003
297.638366836138
297.62251103047646
297.59035588515565
297.5415415460869
297.47633567517187
297.39500408473896
297.2979419810718
297.1856826193571
297.0607883538138
296.92457745888174
296.7770993370871
296.61833190725287
296.45031569602327
296.2817426112503
296.1149305937153
295.9496904579972
295.7858077120049
295.62370406529175
295.46476976030203
295.30679581358703
295.1492220482064
294.9903171612853
294.83335853438086
294.68324205163185
294.53194425809244
294.3777339103689
294.22513699119327
294.0704133271174
293.906684822671
293.7458595057131
293.5874589167976
293.4310664291763
293.2765069028008
293.1235960263349
292.9723606595427
292.82274361072825
292.6746670467145
292.52809691479126
292.3828971789733
292.2390742249306
292.0966701113375
291.95559457354136
291.81589193581675
291.67749367257
291.54038274898784
291.40452180385785
291.2699438848299
291.13666768664297
291.0045395552891
290.8736534537145
290.74398269153653
290.6154436583531
290.4879838149106
290.3615006045448
290.23600375086835
290.1115821795508
290.0106528788514
289.92258188916156
289.82660412982216
289.73949131116393
289.6677418752424
289.5729742129443
289.46860410117165
289.4206090729352
289.40653579724926
289.4907392422766
289.60680691948517
289.6997843486494
289.7756605386557
289.8418862165005
289.9019051467459
289.9552513365498
290.00101975768104
290.04613389012815
290.09317351201474
290.14290519899424
290.1976314540118
290.2640987864096
290.3457011903339
290.4428079585982
290.55508431961476
290.6835539918365
290.83006157533333
290.99333068669426
291.17253860189174
291.3669490020997
291.576664406938
291.80135766226374
292.03965051384375
292.29042171079925
292.552893350647
292.8251858004325
293.1051078621391
293.39073658599625
293.6805750088807
293.9740550022267
294.26130379051466
294.53704880165367
294.80403527293623
295.06352114675957
295.2360301911767
297.40330676773533
297.4974706431875
297.5896079881472
297.67956439013494
297.7672604703651
297.8526081725041
297.9355501810289
298.01604301197267
298.09394299322724
298.16922721708715
298.2417577398852
298.311211685884
298.37728126334883
298.4399070031226
298.49892814492307
298.5541751191568
298.6052216960239
298.651732949785
298.6936318467416
298.7307831408109
298.7630476968031
298.79009671915077
298.811804367794
298.82818560476045
298.8390951592464
298.84454342032757
298.8444115161749
298.8386599115357
298.8273961931062
298.8106127224273
298.7889818949131
298.7650604393444
298.73930110356326
298.71190126215544
298.6829906814885
298.65282147981486
298.6215232008321
298.5863739566934
298.5478746063391
298.5053066973407
298.4607585489747
298.41538666048257
298.36798916876404
298.3183562408458
298.2675089752378
298.2143172983614
298.1568914956867
298.0979307670889
298.0376815272146
297.9763685012863
297.9141074929201
297.85101071815507
297.7871779171181
297.72270726088965
297.6576450430928
297.5920743949635
297.525997771129
297.459467369701
297.39254158361183
297.32528797695903
297.2576412313737
297.1897154197239
297.1214893999819
297.053015855609
296.9843191408411
296.9154374927075
296.8464040373764
296.77722652514313
296.7079341097634
296.6385289605853
296.5690207999057
296.49939827787273
296.42966131542494
296.35989327484896
296.29601958671645
296.232763848602
296.16990300327336
296.1095856043956
296.05158470112
295.9916984066542
295.931844342627
295.8825904165129
295.8338312222465
295.7899759043971
295.74577417107736
295.70508607123946
295.66860009298006
295.636401851722
295.60851790603135
295.58502615011173
295.56651722547565
295.5532133338868
295.54530424683776
295.5428474899107
295.5472562812472
295.5610611740206
295.58429924909365
295.6169488765179
295.6589147024273
295.70939933691096
295.7670559209479
295.8317290226442
295.9033038458639
295.9816689814399
296.0652434778818
296.1521647330643
296.2423190825736
296.3355829015659
296.43187133547445
296.5300354552625
296.6288927021867
296.7282516027442
296.82797542836704
296.9279688293983
297.0275899123453
297.12626510260645
297.2239157452404
297.32042007761623
297.38533411709307
297.6747877431064
297.7956289209429
297.9107811500746
298.0201825566288
298.1241724038555
298.22313828033634
298.3159086462572
298.40080715268857
298.477851904089
298.5475432935677
298.6103368244243
298.6652391446139
298.7109053460681
298.74752390851313
298.7755664932856
298.7955605978973
298.80669277951466
298.8080830032531
298.79980066683254
298.7819910361918
298.7548835441258
298.7177661431479
298.6700663396816
298.6118191325522
298.5433343940425
298.4648325413031
298.37700496937106
298.2808676085576
298.1772009323157
298.06631449667117
297.94883984995784
297.82954909401036
297.7130241822469
297.6015025335825
297.49606278169824
297.39740613829434
297.3068826657543
297.22293949432446
297.14441673146393
297.0712141319574
297.0029874630983
296.93999083333375
296.8801246619539
296.81935400159404
296.7590506885114
296.69809090724317
296.62670835054206
296.55006045430275
296.47173217131336
296.3934019602662
296.3157763242032
296.23912373962776
296.1635315499971
296.08904997686227
296.0156650086117
295.94332808630867
295.87191778218767
295.8013339079571
295.7315045964283
295.662369260974
295.5938494887707
295.5258545649799
295.45830647904086
295.3912084242229
295.32447857080444
295.2581676264642
295.19215845779024
295.1263863165865
295.0608709461355
294.9956228267607
294.9305738892239
294.86572816913696
294.80106176061827
294.73658697318695
294.67812056152434
294.6294275665813
294.58625150023573
294.54581540067767
294.508509904081
294.4709939164657
294.43044600349305
294.39343555758916
294.36497182361995
294.3609863041441
294.37895932382895
294.40762282628896
294.4379775232414
294.463114507417
294.47892124332054
294.48467135260427
294.4899070096162
294.5029484678199
294.52746916183816
294.56487114115987
294.61536596013923
294.6788586079473
294.75512815977123
294.8436936575816
294.94378957364404
295.05417579424505
295.17304591319663
295.2990095001569
295.43118810201725
295.56896880649504
295.7113202344894
295.85622763303473
296.0027200910711
296.1506193472774
296.30000972655836
296.4500723052627
296.59874762265514
296.7455503676244
296.89067461633636
297.03443771785766
297.1757372083107
297.3125462478434
297.44481683582785
297.5731795642354
297.6584590299993
299.2352799786883
299.33582570454865
299.4314936949978
299.52240423792557
299.6088227291508
299.6911330402176
299.76880813176217
299.84028127552216
299.9052300991547
299.9639373425269
300.0168321891622
300.06328457787845
300.1021843656403
300.13340906775795
300.1574245445922
300.1746109710093
300.18475559724664
300.187122063796
300.18152911766
300.16813562465256
300.1471354425469
300.1182455106027
300.0809723822286
300.03534877371754
299.981520756492
299.9198344355534
299.8509229057404
299.77578860597083
299.6953354681427
299.6101546464916
299.52111875001583
299.4329902288555
299.35124464435773
299.2792628597624
299.2189882550475
299.1712239545024
299.1340380586831
299.08782587508205
299.0290017940749
298.9623266522514
298.89129889321396
298.8184332069049
298.7456023037168
298.67380095816253
298.60368543040386
298.5355003423871
298.4692609872281
298.40469660351687
298.34169049305046
298.2800059983889
298.2195885789427
298.1603344851357
298.10215187587573
298.04487786353945
297.9884558423464
297.93284171410545
297.87792656361415
297.8236785776217
297.7699810509735
297.71679660816324
297.66404583131714
297.6117281729141
297.5597422459454
297.50805842321313
297.4566308327199
297.4054773349261
297.3545371059769
297.30386112234345
297.253385307768
297.2030172265262
297.15283721234243
297.10278606418694
297.05285302340565
297.0030869915249
296.9567113642183
296.91692058598454
296.8829943238095
296.8536997224702
296.8285694081761
296.80473550496964
296.7788852423608
296.75434657092535
296.73482728153914
296.7304885688347
296.74364896974356
296.7676240532886
296.79266720759966
296.8108983871434
296.8179541352529
296.812919045998
296.80297048390065
296.79521784421485
296.79386797797764
296.8011856385044
296.8184942254498
296.84701751614665
296.88785762766634
296.941487982267
297.0078299454201
297.0859904058836
297.1741738778977
297.270493791735
297.37370203736623
297.48282451041604
297.5969403788912
297.7142259511324
297.83359960772236
297.95445470458696
298.0767024360468
298.1999765681788
298.3228865882229
298.4446331384352
298.5651058427492
298.68441866519004
298.80175558891045
298.91521205716975
299.02447905029624
299.1298301551375
299.1995543790919
297.1527136210845
297.2296352672879
297.3079151558815
297.3871780110093
297.46708485698866
297.54730411016857
297.62753603306675
297.70745551754
297.7866738219996
297.864787488712
297.94149605803966
298.0164475862687
298.08939876398824
298.16010858866775
298.228214923961
298.2934728975133
298.355674763035
298.4145197445346
298.46967890226466
298.52091726437953
298.567934539375
298.6105351602683
298.6485278273488
298.6817202047859
298.70992070988433
298.7329776255757
298.7507618565616
298.76322284987026
298.77036519082844
298.77230539427217
298.76919825285364
298.7612042724743
298.7486747920007
298.73215875568127
298.71231013716596
298.68969838987516
298.66492714257237
298.63848461552607
298.610740764626
298.5818432470532
298.5519010180623
298.52112048903473
298.4897928303478
298.4580155102627
298.4259303362176
298.39353782257984
298.3606763119056
298.3268710624776
298.29169923376696
298.2550214522306
298.2169171044917
298.1774981081348
298.1368586863606
298.09520475170683
298.0526053517803
298.0091923096505
297.96507465527435
297.9203267335299
297.8750332339182
297.8292817508822
297.78308491172055
297.7365303917584
297.6896258854094
297.6424232635814
297.5948958403555
297.5471432714219
297.49909186086103
297.45084828766045
297.4023936397019
297.3537346136223
297.30492359794914
297.2559240748961
297.2067462007258
297.1573904846086
297.10786786272934
297.05841754706427
297.0094193810035
296.96127017530284
296.91417027103
296.8681395474791
296.8231452472343
296.778972158548
296.73564986886146
296.69361626866555
296.6539514866581
296.6177628197622
296.585337487708
296.556393897695
296.5302103987558
296.50593916545125
296.4827533112737
296.4602590186855
296.4385247700096
296.41790040827027
296.39874176946006
296.3816681013224
296.3671658880753
296.35586910169854
296.3482972822293
296.3449598511216
296.3462493393562
296.3524798487778
296.3637858035543
296.38032588930287
296.4021436386026
296.4292265303416
296.46148035338996
296.4987129850314
296.54070374799016
296.58723969181585
296.638139767526
296.69316148580236
296.75196734715934
296.81431666998793
296.87997417491323
296.9486599790517
297.01994136929403
297.0935173302099
297.1446591511002
298.2217256926002
298.2365271433688
298.25175055188356
298.2673575441085
298.2832228270694
298.2993925482687
298.31575879494756
298.3322216283735
298.3487565123468
298.36528816448606
298.38176897199696
298.3981381914858
298.41429998455897
298.43017778436524
298.44573766394575
298.46088858003657
298.4756710178597
298.48989205987795
298.50353833681197
298.51653604698873
298.52886400334364
298.54042142360805
298.5511423322697
298.560972896787
298.56983262262816
298.57772940158526
298.58474567505374
298.59108131604256
298.59674526218885
298.6019050243301
298.6065003766849
298.61059949463294
298.6143326588465
298.61774023544496
298.62102011960593
298.62414370610253
298.62721075725386
298.62867742780975
298.6286910224798
298.6277210808815
298.6259636165041
298.62349413512686
298.62051908615956
298.6170104325271
298.61304941142316
298.6086950223335
298.6038748957812
298.5985349180893
298.59269221728266
298.5864527535234
298.57975877599137
298.5726501797576
298.56524260203366
298.557436907589
298.54935937618507
298.5409237242209
298.53221348512096
298.52317524836246
298.513867749501
298.5042598874755
298.49438399733293
298.48422572070666
298.4737909861236
298.4631155755257
298.4521491690235
298.4409394078997
298.4294815172337
298.4177515199223
298.4057341864174
298.39353244669826
298.38100622362117
298.368273809592
298.3553005311856
298.34204220064737
298.3287829157215
298.3157492628883
298.3030375583732
298.2905782846004
298.278293859653
298.2660666927173
298.2537695809138
298.24150486353886
298.22964355112873
298.2187421432146
298.20909610964503
298.20039498923876
298.1921160220524
298.18389621031054
298.17539993490675
298.16650347991083
298.15735246846845
298.1481161593283
298.13902107693394
298.13016066828294
298.12167920274067
298.1137793569221
298.10671167934237
298.10066422094116
298.09576903983447
298.0920757433529
298.08964315223085
298.0884394789576
298.0885019371088
298.08982307144424
298.0923451280048
298.09601189527274
298.10077018864644
298.1065814134566
298.1134481750117
298.12128225212626
298.1300339248803
298.1396397704686
298.1500971424734
298.1613109604554
298.17334693075895
298.18604617869414
298.19929052089213
298.2131176129745
298.22283167374025
306.36162427110713
306.3898126550041
306.42055021114396
306.45379248641746
306.4894364068759
306.5274485539227
306.5676531270022
306.60970025879976
306.65351472977534
306.69897983195364
306.7459976320698
306.7944625804487
306.8440647704314
306.8946291092729
306.94600375830686
306.9980412719753
307.05035020952954
307.1027357742946
307.154951094821
307.2068408173242
307.2581858841459
307.30868702309846
307.3580248669232
307.4059630662362
307.4522851608286
307.49685857966415
307.53942642265554
307.5798862943631
307.61804376785665
307.65372258368996
307.68684265832155
307.717677122327
307.74643727353117
307.7731802823229
307.79800318749966
307.820927870745
307.8419443146663
307.8601061734689
307.8754475150597
307.8880891945584
307.8980957050699
307.905587728052
307.9107020433778
307.9135464184706
307.9142034124551
307.9127175551523
307.9092020753888
307.9036402340198
307.89620725913096
307.8870731970688
307.8763063807636
307.8639517869205
307.8501055355589
307.8347666167418
307.8180170924406
307.7999665896943
307.78059786015353
307.7599243301557
307.7380859762703
307.7150713308614
307.6909346826902
307.66569166249315
307.63943905569386
307.61215117521596
307.58387962605343
307.5546704504407
307.52455370471597
307.49356595100306
307.46170376646205
307.42893906864555
307.39522695536454
307.3606169373018
307.32515790357905
307.28882714120846
307.2517548988762
307.2139629802718
307.17549329225915
307.13646310223027
307.09693056514806
307.0569757887069
307.0166075407993
306.975902493521
306.93497260462993
306.89394677565946
306.85309629262474
306.81269238203333
306.77270558595404
306.7331520195683
306.69398248941474
306.6552024520665
306.61712388405954
306.5800023664082
306.5439338204198
306.5090989822976
306.4756782245343
306.4439026775191
306.41400213320577
306.3861199257068
306.3603585798615
306.3367910685744
306.3154924321445
306.29652405383445
306.2798438645897
306.2655340802795
306.2536444543469
306.24426315461574
306.23745893416367
306.2332940117201
306.2318652048118
306.23309128829226
306.2370864642363
306.2437076201196
306.2531140720377
306.26527321273005
306.2801843689009
306.29776615340074
306.31796891277725
306.340814575861
306.35781585298207
300.91795358577224
300.95112343710207
300.9864650149487
301.02374356079866
301.0629184411402
301.1037903398936
301.1462624142679
301.18994201046524
301.2346971499919
301.28051009903163
301.32715264549705
301.3744747534919
301.4222679761188
301.47030286664057
301.5184022336782
301.5665001715471
301.6142507484111
301.66146885299185
301.7079030362258
301.7533867615353
301.7977551132212
301.84081668931583
301.8823391185561
301.9221661360429
301.96014421621834
301.9960591789982
302.02985125226724
302.06141506238487
302.09064963688036
302.11746526852943
302.1418438168801
302.16398836980284
302.1842338382969
302.20282601686426
302.21995775288764
302.2358074400819
302.2503891103448
302.26231675625024
302.2717651277384
302.27882049150594
302.2836718323364
302.286439840101
302.2873247132128
302.28633549400877
302.2835968467868
302.2791563951065
302.273077216533
302.26537877503074
302.25613886109346
302.2454652952155
302.2333878646604
302.2199600547564
302.2052128416875
302.18926144736815
302.17207107889254
302.15371711497255
302.1342042041835
302.11364284502406
302.0919859602654
302.0693291512291
302.0456931466415
302.0210809480538
301.99557923067795
301.96914568074334
301.94187458640374
301.9137634705367
301.8848094500568
301.85510601674775
301.82464649462264
301.7933759177041
301.76134661521456
301.7285748156622
301.6951008289721
301.66093656147416
301.62610664388455
301.5906944453102
301.5548129131935
301.518441144404
301.48163565895373
301.44443110531466
301.40679075807833
301.36888529844515
301.3308504867202
301.2928746862628
301.25517853746146
301.2179348802848
301.1811060736668
301.1446177008645
301.1083612636045
301.07234971035905
301.036752357767
301.00177752957956
300.96763348044254
300.93448728395805
300.90253098369686
300.8720571129064
300.8433357710824
300.8164685843217
300.7917690409857
300.76938462436686
300.7494424181376
300.7320546647174
300.71720091694937
300.70495432861446
300.6954562322195
300.6887293652876
300.6849237547239
300.68425568326774
300.68660015947665
300.6920634532955
300.7004872536499
300.7119250745966
300.72622847016754
300.74347067783185
300.76352956091887
300.78621887532637
300.8114919530598
300.83925822181124
300.8594378349944
309.2263976580214
309.257332100447
309.29117413981066
309.32777123586663
309.36691067802826
309.40847960962026
309.45231141604467
309.4981928635873
309.5460440829056
309.59566402680554
309.64690812305895
309.6996074730512
309.75359984022447
309.8087086793325
309.8647708789808
309.92157741976666
309.97898327390203
310.03677637466234
310.09480674509825
310.1528595182758
310.2107494720938
310.268252728185
310.3252194116846
310.3814080327363
310.43660090163985
310.49064604997045
310.54331339264166
310.5944015609245
310.6437261849239
310.69108288139836
310.7363416513307
310.7793713192583
310.82014237000067
310.8586340545183
310.89494227148407
310.9291512574812
310.96132740076285
310.99128768966017
311.0187356393059
311.0432740773571
311.06471230700333
311.082998727407
311.09814252532783
311.1101311152792
311.1190540813801
311.1250112386325
311.1280829118982
311.12836399748596
311.1259056178184
311.1207765164644
311.11308994735265
311.10290809196897
311.09040897049704
311.0756715779396
311.0587916879185
311.0398780387179
311.0190690032133
310.99643900062324
310.97206147045443
310.94609022110376
310.91854597694567
310.88956733760944
310.8591858776608
310.82750309231875
310.7946000668457
310.76048937484484
310.7252720187956
310.68897910944173
310.6516768291145
310.6134407126006
310.57426989658575
310.53425401293117
310.4933691094722
310.4517099395936
310.4093401517791
310.3662219333615
310.322474880436
310.2781553269042
310.2333053389176
310.18797662932946
310.14224845135
310.09610065056484
310.04959253513067
310.0028229096148
309.9558330467264
309.9087978723142
309.8617253516765
309.81476978679706
309.76802752606153
309.7215038283853
309.67528330897784
309.62942346205904
309.5841246817121
309.53949381394904
309.49566579259937
309.45286387638185
309.4112820435706
309.37120624877537
309.33290464600213
309.29660904423946
309.2626233771714
309.2311448142857
309.2024511129677
309.1767332926087
309.15426603917945
309.13512843547727
309.11948583751666
309.10744884682583
309.09910299389236
309.09451457855
309.09371323828424
309.09668876602603
309.1033996103328
309.11383775682157
309.1279332851538
309.1455775412452
309.1666903038142
309.19109727910217
309.20950306974174
302.31786709084025
302.35572991908157
302.3967897066459
302.44090622406065
302.4879069018255
302.5376797599021
302.5899569760999
302.64469301827495
302.7016460294161
302.7606397378181
302.82149021391194
302.88401731373494
302.94803109590714
303.01322136920936
303.07940101261585
303.14636552214466
303.21384007899195
303.2815936894266
303.3493635201869
303.41692015076313
303.48397056382447
303.5503040265777
303.6156423967201
303.67982505970497
303.7425159659354
303.80357685094486
303.8627521602247
303.9198147292279
303.9745412667787
304.02678709106146
304.0763374132095
304.1231101323149
304.1670541120443
304.2082352919147
304.2466761984761
304.2824366204687
304.3155622942012
304.34563860319935
304.372163979736
304.39483096601253
304.4134819651612
304.4281342055805
304.4388302295367
304.4457186620919
304.4489504183096
304.4486452262875
304.445031508668
304.4381695414896
304.4282362842418
304.41533729298317
304.3996621002818
304.38135032629674
304.36058615945467
304.3374815216672
304.31222210637304
304.28489394537695
304.25571539613827
304.22475810019
304.1921548968864
304.1580310305136
304.1224982222547
304.0856432386895
304.04755954455925
304.00833243779226
303.96805153168606
303.92676512408315
303.88460149282207
303.84154717245565
303.79772658423
303.7531684007457
303.7079188043617
303.66204209946125
303.6155838626894
303.568554217901
303.52101030026256
303.47302083856965
303.4245909540684
303.3757456909734
303.3265594477923
303.27703727681177
303.2271944032662
303.1771554637116
303.1268475685396
303.07634949516745
303.02570290136293
302.97494126494047
302.9241119998346
302.8732802820721
302.82249424882923
302.7718709046142
302.7214472911908
302.6715143371811
302.62224869678545
302.57391855178946
302.52676284448586
302.4810362140833
302.4370809015218
302.39516482964376
302.3555224713997
302.3184894676854
302.28430949839156
302.2531800871626
302.2253135788645
302.20097933350706
302.18028057233266
302.1633618097843
302.15034824647137
302.141279126194
302.13626682799327
302.13537572831774
302.1386019817382
302.14596688322456
302.1574252177773
302.1729247177985
302.19243774286326
302.2158299088662
302.2430228262959
302.2738639358522
302.296857938339
308.5693256465266
308.595345646637
308.6240265112951
308.6552123355728
308.6887817952929
308.7246408125789
308.7626939555374
308.8027161142954
308.844697604036
308.8885064723369
308.93403776455307
308.9812069652668
309.0298839344664
309.0799499009336
309.13129268061925
309.1837553221325
309.2372744505121
309.2916047248607
309.3466970726568
309.4022850339547
309.4582439436294
309.5144118896042
309.5705451565079
309.626483612264
309.6820492331515
309.7369842306685
309.79113016084966
309.84426452432183
309.89623517405755
309.9467621748621
309.99568650482956
310.04286500247827
310.0882843377477
310.13192103446426
310.1737851860337
310.2139064708272
310.25241517287515
310.2889054812361
310.3229975182823
310.35418815842655
310.3821755479942
310.4067165049186
310.4277941027763
310.44541576378754
310.45966212212903
310.4705848918252
310.4782987967997
310.4828608909432
310.484278142589
310.4827160574324
310.4782199080366
310.47093374040185
310.4609887534056
310.448559501986
310.43374107367583
310.4166740909738
310.39746908044725
310.3763026211351
310.35324677775617
310.3284330746633
310.30196565420425
310.2739330997225
310.2444601429296
310.2135956330355
310.18144084509555
310.1480266826223
310.11346626924103
310.0778125581674
310.0410938235262
310.00341153057803
309.96477202424575
309.9252506479471
309.8848783535582
309.84369016785814
309.80178014135936
309.75915049671096
309.7159092909613
309.67201675253887
309.6276859784341
309.58284127924605
309.5376054927984
309.4920082987451
309.44606061631976
309.3998637824044
309.35341507097525
309.3068142735039
309.26014302638146
309.21341744868727
309.1667106495984
309.1200041699973
309.07347794008075
309.0271573092132
308.9812209518201
308.9358012718946
308.8911488607706
308.84749424758695
308.8050107485354
308.7640081150205
308.72474892874396
308.6874832157315
308.65250703889035
308.620021489159
308.59029168945744
308.563459534317
308.5397448116786
308.51931411253975
308.5022688192561
308.488634515353
308.47856164425684
308.4720316284887
308.46907057332305
308.46964571758775
308.473712799809
308.4812187154212
308.49212042659684
308.506286138115
308.5235302189626
308.5438527311129
308.5593256114303
309.6572868377912
309.68047532690497
309.70641190250586
309.7349165172379
309.7659966140153
309.7994574800336
309.8352054101609
309.87317149127506
309.9131415730769
309.9550969773837
309.99886491367323
310.0443640343456
310.091460923965
310.13993670101735
310.1897171810523
310.2405997192397
310.29244144553803
310.345066365162
310.3983198197821
310.45202206627954
310.50594857817424
310.56000696173896
310.61395278079334
310.667642581944
310.72094735453965
310.7736516570143
310.82555763449716
310.87652577610515
310.9263713282867
310.9749472614265
311.02206130847543
311.0675968005796
311.111493891307
311.1536611057644
311.19413297996016
311.2328864920541
311.2699285664748
311.3050132741063
311.3377387763373
311.367749635232
311.3947834893594
311.4186885929543
311.4393921717167
311.4568735553317
311.4712220140552
311.4824158918991
311.4906573263691
311.4958745226705
311.49821807563706
311.49774371885576
311.49455397217685
311.48872537791306
311.48039202253545
311.46970341248254
311.4566989971408
311.4415670263118
311.42440446485955
311.4052990153291
311.3843563135917
311.36169119274234
311.33740150785684
311.31159125417537
311.28433598027647
311.2556967306306
311.2258162766917
311.19468516636465
311.16240768535187
311.12907280660664
311.094692871938
311.05937732899287
311.02315041180435
310.9860283001597
310.9481498084605
310.9094888243416
310.87008270348554
310.8300192344683
310.78930866074535
310.74799581832434
310.7061630894016
310.6638248541631
310.62100210059543
310.5777597052053
310.53412991747024
310.4901819660639
310.44589361223865
310.4013379127794
310.3565637195701
310.311627081856
310.2666112670395
310.2215469550812
310.17657664523864
310.13178873278747
310.087397096574
310.0435531267021
310.00042448517974
309.9582657460321
309.91726144320927
309.87763652886645
309.8396223016902
309.8034651175551
309.76933560503227
309.7375092637942
309.7081307753935
309.68138847767625
309.65746721847086
309.6364831690216
309.6185169973766
309.60373385271413
309.59215031765984
309.58384404959276
309.57883530464227
309.5771099405388
309.5787322711054
309.58359116257606
309.5917242029671
309.6030110467336
309.61741839577536
309.6348478371954
309.6483626126721
303.7334567342164
303.79999947054023
303.8654542059209
303.92968177140295
303.9926882480511
304.05451495069434
304.1147051604462
304.17233417822325
304.2272645049224
304.2794197387465
304.32887894374363
304.37530878724186
304.41819549386014
304.45744315460485
304.4932143284963
304.525510804066
304.5541183740491
304.5787425555459
304.5992760352088
304.6157204723425
304.6281231261233
304.6361430196015
304.6396750168945
304.63870227517583
304.63307913293477
304.6226812875813
304.6078065183983
304.5886542556385
304.56554246631737
304.53876892429395
304.5089714974502
304.47788688700723
304.4473330429939
304.41813794555185
304.39061233337344
304.3649840363382
304.34147313093746
304.3180504635039
304.2929593321945
304.26607342344903
304.2373684203058
304.2069306104236
304.1751222790358
304.1422004471734
304.10847713107677
304.074138246653
304.0392635821696
304.00380348330276
303.9677628900855
303.9310567811656
303.8937838540542
303.8560006029787
303.81777203990237
303.7791128776431
303.74010968486164
303.7007906178853
303.66111824970653
303.62122120066715
303.5811098058457
303.5407747466451
303.500268207397
303.45962971037045
303.41883111453586
303.3778640813462
303.3367522909259
303.29550211502027
303.2540999712272
303.21253659585966
303.17083732660296
303.12895479545864
303.0869714210685
303.0448080176955
303.0024869474926
302.95993050319885
302.91728510996245
302.8746580413359
302.8324887109017
302.7912021813152
302.7509596923844
302.7117314003188
302.6734202957509
302.63585558560175
302.5992269607789
302.56658974448976
302.54156190751394
302.5255938711385
302.51695766824656
302.51298989569597
302.51143303462516
302.5106934585446
302.50986701486914
302.5084216463557
302.5072553856089
302.5075946205574
302.5108750676737
302.51886970191237
302.5327508626208
302.5527846716094
302.57883165160393
302.6106774225682
302.64812414489967
302.69078224611275
302.7380310018844
302.78961347784156
302.8448698301474
302.90274156960743
302.9628617953363
303.02493485074365
303.088744852076
303.15410308340955
303.22041369151026
303.28737802588535
303.354976852804
303.4231695580756
303.4916389113717
303.55982582978044
303.6276024282979
303.6949737059995
303.74056398270665
