289.19654061032935
289.3949270523494
289.583729145128
289.7645161928516
289.9375883496008
290.10178974906285
290.2476452738359
290.3811709518191
290.50354249322714
290.6151197925899
290.71434864485883
290.79481866080977
290.8614994029518
290.9148471499053
290.95514937118827
290.98207013298895
290.9942332827136
290.99285234474127
290.978084002587
290.9501800642865
290.90842690940894
290.85202037453405
290.78232972202454
290.6997384575362
290.60448701596783
290.49823380012583
290.38298254981936
290.25782539631246
290.12294881434366
289.9785619973089
289.83669194637906
289.7028094448315
289.5687657889538
289.43434934445156
289.2996271828358
289.168796540144
289.04208544761974
288.9171428732939
288.7938469605784
288.6721506997686
288.5329837817711
288.4029294513881
288.25228343913693
288.12005107201514
287.9902869529828
287.8494445128789
287.7180969458675
287.5878315452155
287.45851214208824
287.33028508166683
287.2038194782458
287.07859767048853
286.9545045816507
286.83151325344033
286.70970425281405
286.588863645702
286.4691891255967
286.35071222671985
286.2334220831513
286.1173520561988
286.00267976191896
285.88934573451024
285.7772260772503
285.6663223775764
285.556549302813
285.4477463498437
285.3399051851833
285.2331039235629
285.12731137440136
285.02248339624623
284.91863958813343
284.8156880958569
284.71367768591585
284.6217042847247
284.54559791233976
284.45620980983807
284.36834426227756
284.3726042273832
284.35588881685516
284.4299091451074
284.4017576120204
284.40199353351466
284.419104942991
284.46967433512856
284.47510913122284
284.461394015986
284.44581111537883
284.4288064503883
284.4102739219304
284.42031202245954
284.46081885174715
284.51006533937124
284.5666044130206
284.6299120029484
284.7069248765577
284.7976215192909
284.89957923938846
285.012776503778
285.13746666243003
285.2673439517128
285.4060355661436
285.5557869895357
285.7166762467561
285.88869257533247
286.0706101113677
286.26230788044506
286.46307453663326
286.6727169738045
286.89111840708154
287.11931874678027
287.35249161726904
287.5902754199957
287.8326689146806
288.07841311869356
288.3147024011484
288.5475858952147
288.7777890511405
289.00540002217605
289.15862879621733
289.63250082774596
289.8254434669619
290.0053973714767
290.1745467032596
290.3343930887714
290.4856322855008
290.62716641150513
290.75726488503676
290.87606236133695
290.98399360752137
291.08131441159134
291.16618528024776
291.23757228749906
291.29583216046825
291.34140521578723
291.37453124750806
291.3949797039138
291.40259335334645
291.397598041423
291.3801934392479
291.35049694541107
291.3085835722352
291.25461979809455
291.18875803082744
291.11108801725857
291.0219860800947
290.9236707300826
290.816937211666
290.7015981639392
290.5774700930315
290.4463902064377
290.3169082210248
290.1906257538596
290.0669014963243
289.945117196911
289.82558604334787
289.70953155066604
289.59572261661333
289.48406068598297
289.3746180643036
289.2647305717561
289.14716179501744
289.02264350604344
288.88973500332304
288.75918345032613
288.62895694736375
288.4940320531364
288.3624815327188
288.23373860520854
288.10728061792406
287.9828172548805
287.8601055127292
287.73908636154823
287.6196517346265
287.50172764319376
287.3853499958163
287.27042326020387
287.1569173227499
287.0448378444579
286.93405510193674
286.82457229612777
286.7162906079044
286.6092102784513
286.5033263742538
286.398598818133
286.2947769067745
286.191648649747
286.0894115210677
285.98806410042187
285.8875188835268
285.7878765032291
285.6890550126159
285.59099229452823
285.49373135770344
285.41303918103057
285.3414562640714
285.2644029812949
285.21316502168867
285.2014533114097
285.2354494746272
285.2726625195165
285.296591971031
285.32569918763716
285.4009853877612
285.48730481398917
285.5513298713365
285.59768453663713
285.63247001827443
285.6586062683501
285.676536882242
285.6844351399304
285.6878946610545
285.6910408174307
285.6957078608782
285.7073108671819
285.73825884351277
285.7887760440485
285.8564670382828
285.93950443141085
286.03646989510486
286.1470341256588
286.2712323036695
286.40872208922883
286.5588545414521
286.7215452897998
286.89680585408155
287.08332902930215
287.27984924881827
287.48553164922623
287.69956709675006
287.9194398374003
288.14341544692354
288.3705273883092
288.60034910376214
288.8251296086184
289.0418487639586
289.25271736692855
289.4586150451509
289.5960607065204
293.4762792150361
293.5503875259169
293.62320514410965
293.6946632178205
293.7646985852169
293.83327604821477
293.9001458824667
293.9650352209836
294.0278605651628
294.0885685882438
294.1470368137327
294.20299948084016
294.25615077017454
294.3064686592668
294.35382578677337
294.3981059017754
294.43898224681044
294.47632915694993
294.5099793555881
294.53993550453356
294.56598683140516
294.58798527879424
294.60573181813083
294.61921711180264
294.6284015353627
294.6332465263023
294.63375334705233
294.6298913594709
294.62174800085563
294.6093348866835
294.59309341839077
294.57482446439263
294.55493775335856
294.53357013729453
294.51084176057526
294.4869484327233
294.46218352670616
294.43537755466474
294.4065451721902
294.37623560743344
294.3444683705022
294.3098589211272
294.27186320230555
294.2300308291808
294.18663231846125
294.14108413311067
294.09218190369654
294.0419350488744
293.990479917787
293.93807018904647
293.8848322302194
293.83090426902265
293.77637479453995
293.7212850316146
293.6657646009012
293.60976858405024
293.5533571548588
293.4966037123526
293.43944888252923
293.38203844015203
293.3243201196953
293.26639806493205
293.20826069411066
293.14992950558076
293.0914057438375
293.0327394543789
292.97398034249164
292.9151032992992
292.85613444715233
292.7970682296385
292.73794962842607
292.6787699044786
292.6195466938466
292.5603177854497
292.505234480253
292.45064993700925
292.3963298499904
292.34754995725893
292.30400000148563
292.267547167114
292.233303810911
292.2013152705802
292.1715653024042
292.14540964508166
292.11977806404593
292.0962900727526
292.07528882295435
292.05683472373784
292.0409643387786
292.0281206975939
292.0198326628999
292.0163394209412
292.01771882425425
292.02396389527996
292.0354622897865
292.0528921962814
292.0762576411235
292.1055459963583
292.1407100931751
292.1813591747078
292.2267162088242
292.2767073777643
292.331291837518
292.3903910500074
292.45317066963736
292.51855165226533
292.5864173477598
292.6566522230847
292.7292509109774
292.8034815928042
292.87857518974033
292.9544206541584
293.03084475929063
293.10786785554234
293.1849442158064
293.2616119349009
293.3377690739869
293.4133079591224
293.4643351506088
291.7063119608895
291.79901002793554
291.88733191718956
291.9709184095492
292.0501249905513
292.12531002113167
292.195854878669
292.2605549907728
292.31941443771785
292.3727319239205
292.4207682622644
292.46278506274183
292.49767053981867
292.5255787384509
292.5467620929229
292.5616908996565
292.5697415399179
292.5701529310575
292.5630382383274
292.5485055517681
292.52669077948934
292.4972461505408
292.45983879247143
292.4145236257769
292.36156088707173
292.3011710409742
292.2338310567665
292.16016603706976
292.08082982857667
291.99625645218106
291.90713050244705
291.81732153500616
291.7306729860593
291.6490323593499
291.57326204852694
291.50383641840193
291.4423970880068
291.38856307614697
291.3419027063025
291.30259324088564
291.2705654638508
291.242610941115
291.2138731097993
291.17735583997626
291.1378223066242
291.0967069344046
291.0480244208154
290.9957490631861
290.9425595120692
290.88974126825633
290.8377256015456
290.7865446218494
290.73627545619064
290.6868890959399
290.6383483844082
290.5906258460695
290.54348371093687
290.4967964659105
290.4505165324419
290.4044960379092
290.3587222259864
290.3128957091656
290.26706128121367
290.2211009313752
290.1750552030187
290.1288780145682
290.0824124085957
290.0355035085719
289.9882366138171
289.9406549113843
289.89265271887086
289.8441848456799
289.7951860803801
289.74577002259105
289.69997850506513
289.6604493468323
289.6241723048701
289.5910217256814
289.5661311150856
289.55012173841305
289.540395818939
289.5320241362695
289.5247785582624
289.52485907967286
289.5322444800904
289.5425186476208
289.5513312524186
289.55459829671327
289.5498200665421
289.53682866052105
289.5229940432437
289.5149317680704
289.5156860663537
289.52653532379713
289.54771830316975
289.57933251502453
289.6212734946306
289.6731886468944
289.73447269986025
289.80438219539104
289.8815938042619
289.9652185069801
290.0546033979882
290.1492545946689
290.24841464645937
290.3503800641932
290.4543555507226
290.56022300280176
290.6678909316332
290.7767205826622
290.8851647932168
290.9929533047499
291.10012163917617
291.20694694612916
291.3125751432565
291.41540388541415
291.5152268426424
291.6123069360889
291.6769201518984
293.6174795704398
293.6936420008594
293.7662257714444
293.8352785176397
293.9008784785242
293.96330930475943
294.0220302200889
294.0757322505261
294.12417147903403
294.1676067737406
294.2063243803472
294.2400898019327
294.26814607318613
294.29034640769623
294.30693089622474
294.31813101050705
294.3236033570398
294.3227256162504
294.31536438482794
294.3016686416556
294.2818382126957
294.2558833999147
294.2236362621199
294.1851428363009
294.14064690945526
294.09044548733027
294.0349884370808
293.97485713943394
293.9106419116623
293.8428151331527
293.7721296622037
293.7019883240744
293.6362186237003
293.5770875222895
293.5257956159473
293.4828105087408
293.44618744590525
293.40272697669445
293.35315168494924
293.3008947073893
293.24813551063363
293.1963138390336
293.1461192650129
293.09760669936236
293.05066768245456
293.00518941500064
292.9609136211442
292.91776977938076
292.87558027940287
292.83426975617954
292.7938340146688
292.7542181677689
292.7154109682023
292.67729260406793
292.63996752341563
292.60337618720064
292.5674723582192
292.53221805869674
292.4975144387317
292.46328330262304
292.42946497632204
292.39590607822305
292.36241344967374
292.32893144722345
292.2952678401233
292.2614222744756
292.22725385445295
292.1927221393168
292.15776081121237
292.1223816136574
292.08662816955194
292.05050327518586
292.0141706890905
291.9776891374389
291.94337898062327
291.9134225893371
291.8872742027673
291.8651295853527
291.849895318686
291.84227200342247
291.840434001099
291.8408352078583
291.84220002899775
291.84785936893076
291.85920468578297
291.8728937330974
291.8837538269129
291.88751071539724
291.88198081356984
291.86701848262425
291.8482149856085
291.83117484470796
291.8191295868652
291.81386026349213
291.81628754192934
291.8272660651627
291.8476055479708
291.8775239224772
291.91688871618953
291.96508337134645
292.02098099244984
292.0834523689189
292.15178250886714
292.2253830237721
292.30366239587636
292.3852106921991
292.4691513378528
292.5550110870653
292.64267171047885
292.73162953457677
292.82087505732466
292.909921409992
292.9986113093272
293.0870283443654
293.1747842707819
293.26044042619264
293.3435800022617
293.42429463126547
293.47801015081905
291.5511061004025
291.6055265275081
291.66104240643523
291.717447854084
291.77445665721456
291.8317791771201
291.8892489781958
291.946540454276
292.00346785483623
292.05967799577553
292.1149247998382
292.1689913354858
292.2216330257436
292.2726614821086
292.3217965747447
292.3687791694307
292.4134978893916
292.4556865322741
292.49512955614074
292.5315869906283
292.56490066865086
292.59489879620605
292.6214166652345
292.6443144920889
292.66346575671906
292.6787867941342
292.6901651640081
292.6976262600896
292.7011818523531
292.70097758294514
292.69717334567963
292.6898797430171
292.67945011393914
292.66625946898534
292.6508002582631
292.6334114675686
292.6145684469266
292.5945782608702
292.57384116382576
292.55252342674646
292.5308499786632
292.50915571017305
292.4876903857951
292.4664932325005
292.44539759470945
292.42424381991736
292.4027929695268
292.3806576175675
292.3575390630577
292.3333270482909
292.3081264736163
292.2820111364044
292.2550995074879
292.2275458181623
292.1994145235649
292.17079454366814
292.1417625525316
292.11235492206777
292.08260406944976
292.0525638288723
292.0221988683291
291.9916259080556
291.96078327685996
291.9297185035925
291.89841181647836
291.86688023703147
291.83512440151895
291.80310167334045
291.7708420475073
291.7382456969651
291.7053502810178
291.672158413928
291.63867652473664
291.6049059190297
291.57085630230597
291.53668361910724
291.50267751983756
291.46906390103743
291.4360732874947
291.4039754848457
291.37323379336937
291.3441252520716
291.31672620084083
291.29104893709814
291.2673883427484
291.2460111195653
291.2267136152513
291.20914664041936
291.1926536726485
291.176571707857
291.16040287266236
291.1438083265583
291.1269012083224
291.11006521606805
291.09360547765175
291.07810734079817
291.0639684740711
291.0517169976694
291.0418763107468
291.0348373291522
291.03098102598
291.030600182968
291.0338716253165
291.0409499828881
291.0519203941063
291.0668198523048
291.0856820980796
291.10830910247194
291.13465170942146
291.16457521954095
291.19791275404447
291.23449020080864
291.2740362023246
291.31638939865485
291.36130339777696
291.4085916180678
291.457930352458
291.5090985911794
291.5447956676416
292.761078570787
292.7713825224384
292.78207857499496
292.7930986348775
292.8043384765517
292.81586488686725
292.8275971153412
292.8394074929778
292.85121909030545
292.8630865409289
292.8748792041133
292.8866192605604
292.8981629369719
292.9095394062698
292.92063874195964
292.93147449515214
292.94201919445254
292.95211900590687
292.96177355882133
292.9709623554944
292.97961200464596
292.98767544099155
292.9951583643788
293.00196775192154
293.0080429197912
293.0134583537197
293.01820803508963
293.02240342888336
293.026062940915
293.02930109557184
293.03204453779705
293.0343517469614
293.0363391985345
293.038060948405
293.03960090053266
293.0409954522086
293.04220531536555
293.04239954287414
293.04173965754944
293.0405312603615
293.03892698084337
293.0370198121873
293.034843541121
293.0324043030872
293.0296500749928
293.0267103634355
293.0234226634303
293.01985562507485
293.0159754778422
293.01186651081485
293.0074856491873
293.00287785639773
292.99808490890143
292.9930843665635
292.9879619539146
292.98262380739754
292.9771645173324
292.97152726193934
292.96575910924247
292.9598493542003
292.95379831785846
292.94754972031745
292.94113345336393
292.9345462091564
292.9277703244812
292.92081979349456
292.9136742452594
292.90633265643044
292.89873130693474
292.8909971214007
292.8830017052007
292.8748098247305
292.86643199169424
292.8578397457719
292.84916492149597
292.8406013841993
292.83224318758334
292.824030413615
292.81618474796306
292.80885809895256
292.8020803048194
292.79576020701415
292.7898242580015
292.784347598961
292.77937801756514
292.7746100043423
292.7698293195725
292.76479215058384
292.75935036121547
292.75341125730375
292.7470962071156
292.7405345763905
292.73386566050596
292.72715178970077
292.7205223478239
292.71414847114335
292.70822820809735
292.70289349099994
292.6982099029304
292.6942671442619
292.6911636237323
292.68889891868355
292.6874684420984
292.68695018542473
292.68733772348014
292.6885516455808
292.69057360035373
292.6934180552145
292.6970449729542
292.701411935583
292.7065018845209
292.7122898289133
292.7187269854031
292.7258019098671
292.7334873151096
292.7417162218463
292.75039286579835
292.7595639230898
292.7660299718012
301.4014279122029
301.4268443680771
301.4538141553903
301.48232592337314
301.5122781076523
301.5436787563602
301.576385385383
301.61017373071036
301.64497320688116
301.6806751226708
301.7172115854253
301.75447757195616
301.7922553637057
301.83037761204724
301.8687920157618
301.9073030261193
301.9456967306972
301.9838151256086
302.021483891041
302.0585946634913
302.0949545904742
302.1304300517232
302.16478502535927
302.19781389142423
302.22939076910666
302.2593876323601
302.28770982321834
302.31426749649654
302.33893534295817
302.3616247571265
302.3823109484412
302.4011388513275
302.4183432052035
302.43398384439763
302.44813015895596
302.4608572581781
302.4721095487963
302.48151722366384
302.48903108698136
302.49470723788767
302.4987007888143
302.5009932803266
302.5015840951901
302.50048655649607
302.4977819207748
302.49353290452524
302.4877681096255
302.48050323406363
302.4718871483758
302.4619518799632
302.4508255269897
302.43845360392254
302.4249846455074
302.4104096447985
302.3947615489187
302.37809279503256
302.36045076537806
302.3418059392827
302.322305783978
302.3019192277946
302.2806608942345
302.2585738178469
302.2357170530871
302.21208197237604
302.1876934695658
302.1625634670846
302.13673911014786
302.1102534838734
302.0831112235546
302.05526438568376
302.026736294424
301.99751152960397
301.96767142752014
301.93722081144125
301.906181277735
301.87462071445617
301.8425538457962
301.8101329403809
301.77740798950714
301.7443840095261
301.7111834190838
301.6778439251566
301.644560069947
301.6114490273605
301.57861634120565
301.54621156783514
301.51420848004796
301.4825834689974
301.45136367222955
301.4205209845365
301.39033718197413
301.36102409634697
301.3326824151805
301.3054148222168
301.2794022728933
301.25489528015663
301.2320895776073
301.2112019120454
301.19228212341187
301.17535342498917
301.1604956596973
301.1476900292425
301.1369847404243
301.12841239712753
301.1219986661572
301.11777907440546
301.1157356584127
301.1159621572426
301.11841465529307
301.12309320074985
301.129976890616
301.13898208043724
301.150138350559
301.16342533461966
301.17887410256736
301.19635338557885
301.2157573334674
301.2370636014702
301.2525749598603
295.81385989961115
295.84213509995084
295.8717838107964
295.9026887453893
295.93475229362537
295.9678713168034
296.0019063463633
296.03663110817945
296.07189968161975
296.107631767041
296.1437475581307
296.18003319112927
296.2162880069067
296.25242110051227
296.2882202598217
296.32366148958704
296.35846458786347
296.3925107157043
296.425658390698
296.4577521986617
296.48867892251496
296.5183114807923
296.54643879243116
296.57303601734304
296.59787467643923
296.62089861870595
296.64206843617455
296.66130651398765
296.6785994373002
296.6938722256321
296.7071313141688
296.71857858627806
296.7284779333341
296.7370193094986
296.74439910656605
296.7507075462391
296.7560494166085
296.7597993725454
296.76206393748004
296.7629428601028
296.76255770568963
296.7609050449044
296.75804248257157
296.7538404291337
296.7483866992561
296.74168905460533
296.7338139881972
296.7247653464897
296.7146206034612
296.7034425786935
296.69128481466566
296.67814611330516
296.66408141947664
296.6491683022381
296.6333932842582
296.6168357813567
296.59946310435754
296.5813661980268
296.5625505998059
296.54300635003557
296.5228002822052
296.50190030771654
296.48035177215536
296.45815701002783
296.4353322977206
296.4119028344535
296.38783531414657
296.3631781470435
296.33795310517513
296.31214385648934
296.28573688001876
296.2588080810717
296.2313272869387
296.20331453669746
296.1748446558356
296.1458960604638
296.11658709277265
296.0869613764396
296.0570310754556
296.02692279551337
295.99674692963913
295.9665862705575
295.93659122175484
295.907004329546
295.87778408592465
295.84894788445183
295.82043461904027
295.79214926221204
295.76394430210723
295.7358889323624
295.70808108361865
295.68077073498733
295.6540869725278
295.6282091020766
295.6033024283949
295.5796542213388
295.5575241541947
295.53700820455515
295.51837316288606
295.50170791873046
295.4871755376738
295.4748073437357
295.4646099575651
295.4566427452082
295.45098096059655
295.44766269701347
295.44675180906853
295.4483513019502
295.4524224339859
295.45902891956433
295.4679806493515
295.4793191542257
295.4929303804425
295.5088630599499
295.52699185965855
295.5471793925151
295.5693652045158
295.5934230308539
295.61078755074874
302.91344444613185
302.93563260188034
302.96021982580464
302.9870862872967
303.01612319613815
303.04716147712986
303.0801603119826
303.1149362691737
303.15138812162326
303.189389263712
303.228774757517
303.26943068268696
303.3112034497174
303.3539774392009
303.3975237003104
303.4417581200699
303.48653450529986
303.53167323809487
303.57702614409243
303.6224224495974
303.66775431925345
303.7128271278635
303.75746874042255
303.80152954815196
303.84484567513016
303.8872028736103
303.9285017789106
303.9685278535027
304.0071792879345
304.0442818908243
304.07972363244176
304.1134151791006
304.14535746870484
304.17546801571956
304.2038557172023
304.2305717208519
304.2555751607588
304.2789177494333
304.30039848682804
304.31990327419595
304.3373315061104
304.35279153587464
304.366144866059
304.3774155775402
304.3865979204452
304.3936489627605
304.3986135766595
304.40150544924796
304.4022808574368
304.40098702939895
304.3976776126106
304.3923791455289
304.38517072520324
304.3761551623275
304.3653330933029
304.3527986777215
304.3386811920345
304.323014770131
304.30587537006545
304.28731415577454
304.26738738029337
304.2462054793357
304.2237787706082
304.200171562017
304.17547021490697
304.14967454995127
304.12285151218424
304.0950623236443
304.0663558115486
304.03673631496343
304.0062488693611
303.97498508893904
303.94287805635133
303.91003741855343
303.87651732057986
303.8422593856887
303.8073921383598
303.7719415453854
303.7359520013644
303.6994773499964
303.66259680914146
303.62532854232876
303.58772509474494
303.5498841667586
303.5118219574261
303.4737152545247
303.43553719242396
303.39741102791294
303.35939484756057
303.32150907768164
303.2838028647304
303.2463604099944
303.2093056680955
303.172687440151
303.1366553095494
303.10131724570385
303.0668656828851
303.03346705952873
303.0013422797159
302.9706717188519
302.94165373423175
302.91450595870674
302.8893818210582
302.86645232674573
302.8459066114786
302.8278627323064
302.81246449653327
302.7997578184526
302.78988889843305
302.78287064487586
302.77878836000536
302.77764216237495
302.7794366172762
302.7841500097628
302.79177235495746
302.8022357515532
302.8155302025637
302.8315365378661
302.8439010237552
298.08131222856673
298.10754691579723
298.1361920464756
298.16717199352934
298.20034071712666
298.2356416627291
298.2728601422763
298.31195557060204
298.3527637889655
298.39514247813497
298.4389363005832
298.4839992870043
298.5302290841578
298.5773442565688
298.62523286785097
298.67375327111836
298.7227165433544
298.7719215463793
298.82121760400963
298.8704527917948
298.9193815611648
298.9678885372879
299.01575910898
299.0628148801826
299.1088488375455
299.15375135271853
299.1972625279689
299.2392754057783
299.27964882204634
299.31825055480175
299.3549259390613
299.38966084061684
299.4223658168965
299.45313936470666
299.48196834581876
299.5088673594427
299.5339314415373
299.5568615404721
299.5774376501561
299.5955326303235
299.61109954894556
299.62411433559976
299.63464706016697
299.6426367920486
299.64818844824146
299.6512572691979
299.65197365819995
299.65031768441344
299.6464319555918
299.64034601632267
299.63215681179395
299.62194894954564
299.60983545406475
299.5958920464756
299.58024301545714
299.5629332916838
299.5440792705977
299.52380032391346
299.50209132471406
299.47912947337903
299.4549353817336
299.4295709639502
299.4031330874916
299.3756130284906
299.3471538191598
299.3177196683429
299.287458458071
299.25636023230993
299.2244792350335
299.19185590023227
299.15852565421494
299.12455827170027
299.0899493067555
299.0547327166401
299.01897379261095
298.9826793702108
298.9459278906199
298.90871072325376
298.8711123512988
298.8331141171721
298.79473503702445
298.75605972358335
298.717105297084
298.6778703624088
298.63850133850775
298.5989422743538
298.5592807332319
298.5196200853361
298.4799115839591
298.4403450132575
298.4009195372936
298.3617992202665
298.32317100716904
298.2852224918074
298.2481121588422
298.21203027388765
298.17719052358643
298.14388775864677
298.11218446063805
298.08235654848494
298.0545957032312
298.0290651724943
298.00585117955677
297.98521453006475
297.967226181063
297.95197816912685
297.9395745816998
297.9300994454973
297.9235843089892
297.9201221675934
297.91967178938046
297.9223127582913
297.9279819450023
297.93664679156205
297.94833905292177
297.96295501832634
297.9804284704241
298.0006928661118
298.01599869586795
307.6541804609235
307.67168882422504
307.69129179531956
307.71290696800554
307.7364257152484
307.7617889410009
307.788908614777
307.8176542851957
307.84800650639164
307.879822626656
307.913020947575
307.9475291304958
307.9832165310965
308.0200149976248
308.05776228647346
308.09640494871644
308.1357986225641
308.17581638012615
308.21640217505643
308.25731406387587
308.29852131205104
308.33984371566163
308.3811688830492
308.42231476913116
308.46314892409214
308.5034504228858
308.5431954853814
308.58209012546325
308.6201453143441
308.65709800123597
308.6928871091706
308.72740023926656
308.7606146064131
308.7925355776683
308.8231493816281
308.85251264308596
308.88074852843647
308.9075831103756
308.93286483726973
308.9563520787031
308.97796556607994
308.99754517521905
309.01511039976407
309.0305533836256
309.0438198188165
309.0548117118052
309.06359990323955
309.0701332122729
309.07435206253217
309.0763787555724
309.07624747482805
309.07399372719743
309.0696951502545
309.0634994478197
309.0554549894253
309.04567591117745
309.03423669323166
309.02120340978786
309.0066756221767
308.9907632121659
308.9734936517274
308.95495993675917
308.935234697551
308.9143358685868
308.8923549125016
308.8693059436798
308.84530990130713
308.8203264640845
308.79444364359324
308.76769733561804
308.74011127303453
308.7117178206684
308.68258076208576
308.6526626046353
308.62206825625486
308.5907874600736
308.5589055382348
308.52642538241423
308.4934505750978
308.45993337664436
308.42603618655744
308.39176042950356
308.3571898318306
308.3223066492656
308.28717349887614
308.25189435377007
308.21646442043624
308.1809290154075
308.1453543334869
308.10969111963493
308.0740982716085
308.0385643508029
308.00325778119094
307.9682396535817
307.93370351255055
307.89979078453086
307.8666878990368
307.8345483884837
307.8035916619669
307.774069169873
307.7460949221606
307.71988977444175
307.69559355385303
307.6733315707072
307.65329898150617
307.6355876132943
307.6202812530505
307.6074394961282
307.5971533671429
307.58945018442665
307.5843695502816
307.58189414756555
307.5819979102899
307.5847107291055
307.5899376630873
307.59768154591427
307.6078051072813
307.6202834003047
307.6300154389512
305.9200156011205
305.93526032818687
305.9526028148547
305.9718938051775
305.99317383559554
306.0162472218126
306.0410756551916
306.067609128594
306.0957249157664
306.1253479589205
306.15634584462447
306.18871923228323
306.2222538056929
306.2568643327457
306.2924650507801
306.3289444023953
306.36610051880456
306.40390763407885
306.4421797770856
306.48085987560114
306.5197398972961
306.55874055455655
306.597692464452
306.6365332382719
306.6751162479701
306.7132807676762
306.75088710275196
306.7878202240405
306.823988481378
306.85924005263996
306.89342576889277
306.9265591628389
306.9584879057808
306.98923946244264
307.018795662675
307.0470916121028
307.0742827929563
307.1000859933056
307.12440214150206
307.1469683735644
307.167769575719
307.1866910109857
307.2036791661637
307.2186768386628
307.23163478488834
307.2425489883213
307.251430050022
307.25828739619584
307.263072808721
307.2658722178107
307.2666935167588
307.26554697982516
307.2625952420564
307.2578231516973
307.25132877537743
307.2431803184836
307.23347193793285
307.2222234869218
307.20954240007393
307.1954899888778
307.1801591476292
307.163538709575
307.1457598042765
307.12684886430395
307.1068478909809
307.08583537132034
307.0638226088438
307.04090367982343
307.0170600222867
306.9924039381625
306.96693366018553
306.9406592509929
306.9136701735851
306.8859747406947
306.85759269101425
306.8285818665108
306.7989644538069
306.7687500181315
306.7380320026927
306.70679464857244
306.6750657702989
306.6429260431083
306.6104277277926
306.57754030389077
306.54428902019475
306.51081183687774
306.4770964104351
306.44319836755557
306.40917081735364
306.37503527418784
306.3409019244406
306.3068337697528
306.27297675689863
306.23947926586993
306.20637988772654
306.1739278933651
306.1422458892608
306.11146116533456
306.0817828934892
306.05336299783363
306.0263504952348
306.00091683479695
305.9772227489023
305.9553572519993
305.93546246979355
305.91764800787297
305.90201876628487
305.88865360633133
305.8775847174763
305.8688979559778
305.862577935312
305.8587240258891
305.8572454595378
305.8581718864792
305.8615261354196
305.86724055957137
305.8752967235831
305.8855875694484
305.89388322685113
298.0081639713109
298.05858929919754
298.1083846357344
298.15742151936774
298.2056616771259
298.25308146637434
298.2993824486687
298.3438953633808
298.38652616125114
298.42716911172306
298.46583075747674
298.5022569264057
298.5359716223049
298.56682843339667
298.5949992992196
298.62042875230713
298.64300591144575
298.66246066209374
298.67869999969804
298.6917367627195
298.7015375053505
298.70795743374566
298.7109301460843
298.7104353744473
298.7064601231553
298.69896446608806
298.6882276735159
298.67443488764116
298.657780583808
298.63849166614165
298.61695308067146
298.5943361776372
298.5718666434974
298.55014495588307
298.5294231869563
298.50987576565507
298.49162143083873
298.4736795186493
298.4551139445825
298.43566868216067
298.4154469140009
298.39466516479337
298.3734478341542
298.3518893160602
298.32980747777464
298.30720958884274
298.2839953417829
298.2600808586002
298.2354665523432
298.2102068744947
298.1843606180243
298.1579640508429
298.13113332124783
298.1039193706572
298.0763834360356
298.0486134800976
298.02065281968714
297.9924976353744
297.9642505079318
297.935870038588
297.907338467014
297.8787542477208
297.84996896205047
297.821060762752
297.79196075515017
297.7626915384536
297.7332540414959
297.7036202618866
297.673761692062
297.6436438520519
297.6132867427004
297.58264481495024
297.5517338706513
297.52048558160544
297.4889456490267
297.4572657950383
297.42572336594066
297.3945698335687
297.36408630975467
297.33454565875695
297.3062568747807
297.2794704339825
297.2541447455184
297.2320179726188
297.215999132729
297.2059781547971
297.1995447212806
297.19474937173567
297.1903845882562
297.1857976292018
297.1807574396811
297.1750959599401
297.1696196806534
297.1650483723786
297.16227015301564
297.162506922947
297.1667085425606
297.1751655580613
297.18785523147307
297.20462754145865
297.2254344160099
297.25014294814764
297.27843436540866
297.3101997329711
297.34496648203435
297.38221249336607
297.42161636991165
297.462953373057
297.5060240113534
297.5507042478407
297.5966241340094
297.64348214029286
297.69117325801767
297.73971366467435
297.7888167520166
297.8379535233147
297.88704983203013
297.93605350919745
297.9693592221861
