291.5261391660206
291.6600722706672
291.7897376445473
291.9140745491932
292.0332704634796
292.1464920890918
292.2463997420984
292.33747519740666
292.420443796148
292.4955154105762
292.5618223908158
292.6157993265943
292.66007649775105
292.6949616256719
292.7205482681104
292.7364158775847
292.74073153350093
292.73515311915037
292.71991939910635
292.6950446612768
292.6608625790743
292.61748148835187
292.5649150903777
292.5033985083625
292.4329975307399
292.35472035665634
292.26969363197617
292.17742901469546
292.0780724214248
291.97170997695355
291.8657729319454
291.76403335403927
291.6613561615713
291.5575911404087
291.4528098187759
291.35037867847973
291.25087363415423
291.15223844926254
291.05425545631573
290.9570945426828
290.847034346441
290.74346170907256
290.64681704202513
290.5509921922958
290.45668735328957
290.3669815602
290.2784280261153
290.19170354531326
290.10682473516147
290.0238012740742
289.943171716817
289.86451082198
289.78767910043854
289.7125698172607
289.63925520552954
289.56775958238734
289.4980044547421
289.4299587562222
289.3636120903533
289.2988662668238
289.2354045616453
289.1735409695833
289.1131819825133
289.0542118341791
288.9967350410304
288.9410045500723
288.8864541001925
288.8331024586242
288.7809236166542
288.7297904798012
288.6792116308036
288.6295693364188
288.5807922819385
288.53165707961307
288.4814626803122
288.43382227723333
288.3865103067043
288.33406577615176
288.31231383380856
288.35897516459397
288.3598286929977
288.374960044759
288.37832701481324
288.409079558623
288.41707479101484
288.4172411544964
288.4174628911242
288.4180753937698
288.4190322596762
288.42953214573447
288.4514332547865
288.476225701706
288.50335007939464
288.53262793914365
288.5729461429923
288.62379560331027
288.6819323823906
288.747449340305
288.82059733004047
288.90006210994636
288.9867295995262
289.08130954774566
289.1838227069419
289.2941367972724
289.4128971734687
289.53883953174557
289.6715338407471
289.8107560516298
289.95657554564724
290.1106465289725
290.26966953996236
290.4334564937235
290.6019981213313
290.77379957608053
290.9347675876118
291.0930628289362
291.2495456202567
291.4042868856344
291.5085530278616
291.9230838204438
292.0614721987341
292.1910939317096
292.313457751827
292.42953762515117
292.539841830461
292.6429486234979
292.7371686216056
292.82267275503006
292.89983925387384
292.96885499865283
293.0290073306888
293.0798078430202
293.1212185660147
293.15333477602724
293.1763066864546
293.1899572200184
293.1941190970305
293.1888599932932
293.1742403348115
293.150463675975
293.11803228697846
293.0772815338345
293.0282857838069
292.9709826562585
292.9056034149498
292.8333335229787
292.7546770248202
292.66961414290654
292.57816651558977
292.4812477017524
292.3837457694467
292.28692278185275
292.1907078466969
292.0948293447476
291.9997506892449
291.90652873703016
291.8154477595117
291.72608332077033
291.6372531559692
291.5472274482306
291.45121536149327
291.3573210873032
291.2666367345226
291.1782949878015
291.0925107431725
291.0099920214137
290.92961040723594
290.8512708669751
290.7749393874105
290.70071329240153
290.628541740394
290.5582155119745
290.48965963437075
290.4227819648602
290.3575524742624
290.2939819129714
290.2320886529795
290.1718219569823
290.113127365044
290.0557698036981
289.9996610677156
289.9448676663875
289.89137116288606
289.8391345567101
289.7878293456256
289.737446593757
289.6879281920589
289.6392967283241
289.5915139187844
289.54474654402395
289.49873788647096
289.45340996182006
289.4086609468789
289.3623544336443
289.3148937213511
289.26821670849137
289.22021971817327
289.1707541545817
289.1585959143302
289.15884148801723
289.17175391912986
289.2102785302909
289.2578901410709
289.2997827451233
289.3302370560234
289.35311166947224
289.37127448417266
289.38604125240886
289.3972440877326
289.40274011891586
289.4058026035823
289.4083938594139
289.41103207999095
289.4175950000858
289.4369731383299
289.4683778893918
289.5104900423772
289.5624800939466
289.62219088996983
289.68720188344554
289.7589982898909
289.8384003703136
289.9256900019255
290.021241174502
290.12585966357705
290.2388019324918
290.35932368363996
290.48683162060047
290.6207614803652
290.7595426195633
290.9027464483898
291.0501050704512
291.2012745775956
291.35404720415556
291.5057560444602
291.65546498409384
291.80294513393494
291.9019721057581
297.1956421459511
297.2487539434154
297.301010065204
297.3522845695974
297.4025355985014
297.45175461884895
297.4996086972961
297.5458139241773
297.59026820661927
297.6329382302307
297.6737567115289
297.71244252357735
297.7488469474949
297.7828562468792
297.8144047664552
297.8434633373107
297.86983615111586
297.89345078384673
297.9141735340654
297.93206997234165
297.9469845585414
297.9587429070463
297.9672263875094
297.97243299435735
297.97430331491495
297.9728505591858
297.9681286534187
297.9601521298543
297.9489356044637
297.934497279142
297.917094886201
297.8981004402853
297.87775869786935
297.8562160386726
297.83345916123426
297.80965053526023
297.7851306862433
297.7598153785114
297.73264749703367
297.7032095917299
297.6721441650072
297.6387265002565
297.60441839357253
297.56952463865275
297.534101297309
297.498424390584
297.4626374659845
297.42668338552943
297.3905082294243
297.35420437654074
297.3178150780748
297.2814080500742
297.2450939184159
297.208809222948
297.1726568542891
297.13656138890315
297.10062059771536
297.06478808569113
297.029081134909
296.993530277074
296.95814348731477
296.9229184953973
296.8878975850036
296.853025244216
296.8183380807032
296.7838630627779
296.74958137371374
296.71553367182486
296.6817392651512
296.6481600318633
296.61475869133466
296.58160074126494
296.54863200206637
296.51585316988974
296.4826761061069
296.4496783437461
296.4168565590532
296.38390948431453
296.35089194209667
296.3224669665296
296.2958847585787
296.27389034692527
296.25409011493673
296.2351775524578
296.21635770985495
296.1996872869303
296.18558457547994
296.1741321938151
296.16545841214696
296.1594670634339
296.15611130352323
296.15545071986224
296.1574287399961
296.1620719492451
296.16983336450477
296.1818534065714
296.1981909925187
296.21882412625786
296.2437813918956
296.27269111078647
296.3049604459233
296.34053483498616
296.3794023101199
296.4215491349439
296.46631213723606
296.5128579317491
296.5610610714153
296.61091688674156
296.6624149986311
296.7150449924999
296.7684068053982
296.8223857549714
296.8769033842203
296.93192371279525
296.98714791282663
297.04218512289117
297.0968774518831
297.1512870390399
297.188031063766
290.50502094140637
290.5716837066475
290.63495275452794
290.694575473427
290.7508186617848
290.8040341868753
290.85397138949463
290.8997569072745
290.94130769715036
290.97880173514847
291.012360058586
291.04142827792265
291.06508007754974
291.0833923618316
291.09649522691456
291.10469356695506
291.1077152631776
291.1050213514232
291.0967350903186
291.082964329988
291.06383301121383
291.0391177472286
291.00858565580637
290.97237968268075
290.93077230808035
290.88400589723335
290.8325302648871
290.77679111525384
290.71731711531675
290.65436636608166
290.5886095531707
290.5232650688533
290.46156308491544
290.40499434827956
290.35414273539556
290.3090584176746
290.2700938027835
290.2364835977112
290.2076101473879
290.1827170852621
290.1615082580298
290.1418308548537
290.12319070585016
290.1064940370912
290.0917979370078
290.07908241863163
290.06899442619135
290.0608383130944
290.0540829368638
290.048514182626
290.0438415193903
290.0395495220033
290.03542165615636
290.0314140394834
290.0274897977364
290.0235586965439
290.0193795730472
290.01463317060217
290.0093704388751
290.0035397727846
289.9969496968024
289.9890858877519
289.97977927065
289.9689700998244
289.9568412436619
289.94320071703737
289.92768356867276
289.9102071499915
289.8908733358749
289.86978799719606
289.84689639809
289.8218617385829
289.79474127722057
289.76561920270655
289.7340130593749
289.69949159734824
289.66242347754695
289.6228792551387
289.58089567601894
289.5392200835446
289.4994536613928
289.46375661918125
289.4387062696363
289.4215188042371
289.4079989795218
289.3942658007777
289.3779232758667
289.3570041590882
289.3302697128673
289.29773973474965
289.2647817811666
289.2362229000611
289.21428220098375
289.19984171603284
289.1930402184536
289.1942075302207
289.2036048630069
289.22110529610745
289.2465657266322
289.27943969955413
289.31878815649554
289.36384169448746
289.41414334362986
289.4692691127886
289.52861059882224
289.59092749803597
289.65561428025444
289.72247686908423
289.7914675430134
289.86205672994396
289.933206877645
290.0046320762672
290.0763658035827
290.14859060286545
290.2207487665712
290.2914970833977
290.36059548411
290.42807779423134
290.47316923193534
291.2073629226237
291.26624931127566
291.32214627113035
291.3745782480919
291.4237461756901
291.4698342861574
291.51271433584157
291.551532107923
291.58605120179465
291.6164190200199
291.6429114548146
291.6655470973608
291.68383021253607
291.6977550756127
291.7072788768557
291.71255959290073
291.7134593649362
291.7095113200747
291.7007848174942
291.68739420059666
291.669516383886
291.6471165713306
291.6200045690607
291.58836838025394
291.55233739153795
291.51216125744355
291.46825170417947
291.4210787045397
291.37099167026395
291.31841909732344
291.2636168953131
291.2087904097872
291.1562566164222
291.1073755963119
291.06299327291885
291.0235703194586
290.987795692679
290.949904677429
290.91283811719427
290.8770703475817
290.8424510719801
290.80918628177017
290.7772528107912
290.7466767131722
290.7174416415991
290.6895653780151
290.6630585669679
290.6380484842102
290.614516089083
290.5924512881122
290.5718923540282
290.5527398649023
290.5350316069681
290.51876342153395
290.5039800085892
290.49058996440897
290.4786286654472
290.46786096227726
290.45819944861597
290.449572918901
290.4418944634273
290.43496199285954
290.42854226931473
290.4223139418411
290.41604918664774
290.4096299695432
290.40293127099756
290.3957637492745
290.3879919679795
290.3796007996795
290.37041062651383
290.36018680413
290.348820611867
290.3362728012473
290.32225080245547
290.3061782979531
290.28791467959974
290.2673966380231
290.24472117169654
290.221770801975
290.1997933815253
290.1805866547742
290.16914647636986
290.16585708997115
290.1688141746799
290.1738455130426
290.1765750945714
290.17384506725915
290.1639082359483
290.14661710762283
290.1254917384559
290.10433127234893
290.08537054037987
290.06999900792647
290.0590352353498
290.0533260146843
290.0537581817713
290.06096714639153
290.0751956397792
290.096424504
290.1242321847815
290.15802936248195
290.19734231537944
290.24168797917787
290.29053255358986
290.34279290642473
290.3976825696854
290.45485551721083
290.51400765334716
290.57473644100753
290.6360642673672
290.6976294428777
290.7592307867659
290.8209644124684
290.8827832322296
290.94389700620025
291.003771068704
291.06244520734276
291.10165457270165
290.59751538830085
290.62949172624786
290.66233318611387
290.695900033317
290.72997086600685
290.76436273978845
290.79891328582937
290.83346229837133
290.86787977632974
290.9019590694278
290.9355182311519
290.96841224201927
291.000534730674
291.03155305322133
291.0613361177671
291.08962963440433
291.1163520286472
291.14126014607206
291.16425287726054
291.1851089550369
291.2037169906414
291.21999425597437
291.23378532728873
291.2450485723976
291.25371256731955
291.25972151452254
291.2630285362965
291.26373113099856
291.2618877169138
291.25764508493063
291.25113311238573
291.24253359505764
291.2321075282522
291.22004844010047
291.206735203541
291.19236114714624
291.17729239808926
291.1617136063661
291.14590041407763
291.13004253349106
291.11434805375694
291.09895125532677
291.0839199842243
291.0692861484432
291.05505131593793
291.0412142858956
291.0278791143488
291.01502541156293
291.00274772991617
290.99105260619996
290.97998793977195
290.96952184953705
290.95958981149977
290.9501360125182
290.94117334327416
290.9326202360099
290.9244078317959
290.9165438383274
290.9089472750666
290.9016389755157
290.8945151637149
290.8875936457137
290.8807247584458
290.8739087529368
290.867017768983
290.86000023967785
290.85284300078825
290.84540961609565
290.83767333386237
290.82950747236083
290.8209000048719
290.81184503742816
290.80223246082426
290.7920337094216
290.7812413168852
290.769745271697
290.7574681190763
290.7443379984683
290.7302588758961
290.7151619178798
290.69915941305106
290.6824502474138
290.66541227770455
290.6484928723091
290.632273359849
290.6169784162388
290.60260446362486
290.58888864913064
290.5753710868305
290.5616532278956
290.5473556078461
290.5323065952052
290.5165061185471
290.5001906196859
290.48355291616576
290.4669934681538
290.4507754483574
290.4352854955919
290.4210008919298
290.4083076313451
290.3974753320563
290.3888105182425
290.3825366269375
290.37876844680534
290.3776288505929
290.3791842958358
290.3834867557417
290.39052424979315
290.4002244423265
290.41258964439
290.42752422616866
290.44487595387466
290.46456763212996
290.4863876393502
290.51019585916043
290.5358637289741
290.5632065434161
290.5920023430366
290.61230200429065
290.8425599358025
290.8477636456389
290.85318976126234
290.8588107989605
290.8646891254889
290.87072610546636
290.87695335140916
290.8832277546824
290.8895086805204
290.8958080281166
290.9019931712627
290.9081593020802
290.9141811315038
290.9200264139692
290.9257043518918
290.93119960749203
290.93639538539475
290.9413238409462
290.9459441821457
290.95020536428746
290.9541084380273
290.9576001741687
290.96067307510253
290.9632916945472
290.9654713224756
290.9672022344397
290.9684782064856
290.9693994053798
290.9699413948321
290.97019453635767
290.97008061520415
290.96967059410076
290.96904108481317
290.9682779209624
290.9673708053951
290.9664022801534
290.96529854246813
290.96380512880296
290.96214049397514
290.9602341426828
290.9582843285231
290.95624437536196
290.9541284907434
290.95205156555807
290.9499134635885
290.94783310290444
290.9458018638706
290.94386959201347
290.9420962941481
290.94040074495615
290.9388678739605
290.9375158229974
290.9363467755842
290.93534834725716
290.93455084141897
290.9339489878287
290.9335069142792
290.9332450522606
290.93311021071185
290.9331365588147
290.9332316056594
290.93343380026164
290.93361923058114
290.9337846856145
290.9339849159756
290.93411452247506
290.93418958802374
290.93414141851446
290.93403334247546
290.9338120742986
290.9334427008668
290.9329203579219
290.93219531125624
290.93131229668074
290.9301906753631
290.92879057813644
290.9271403152323
290.9252292981873
290.922980584998
290.92056381899897
290.9180207973742
290.91553079183296
290.91340572698334
290.911776183329
290.9104796484043
290.90920636766276
290.90783782039443
290.90612467726544
290.9040352510445
290.90150238240756
290.8985046107193
290.8949801756516
290.891012976706
290.8865605892882
290.8817917910027
290.8767697776321
290.8717588769471
290.8668133027353
290.8620707460926
290.85760926763515
290.85350326804735
290.84983315161566
290.84663387107213
290.8439350237894
290.84177824844465
290.8401892887024
290.8391040461425
290.83851722882355
290.83846808059315
290.8389490813643
290.83996253068165
290.8414851441404
290.8434794835194
290.845990845428
290.84893563794554
290.8522838654685
290.85599992418327
290.86010280236195
290.86305726002365
296.5947629186506
296.6149589639416
296.6362076032466
296.65851566715935
296.6818691778235
296.70629238052715
296.73165235860154
296.75796482607683
296.78507910670425
296.81287774624053
296.8413702065765
296.87038246731737
296.89973003335706
296.9292834511881
296.95896229411693
296.9886482002669
297.0182124409775
297.047507692078
297.07643572773327
297.10486600695606
297.1327330956957
297.1598929197365
297.1861312151214
297.21141914022616
297.235551807365
297.25843985873973
297.280048054287
297.30032778418405
297.31920623883747
297.33657401744813
297.35247850369655
297.36694729932384
297.3801973897592
297.3922062502978
297.4030816225068
297.4128095722019
297.4213958755715
297.4287876912777
297.43490223431917
297.43969532766556
297.44320143774297
297.4454414258198
297.4464615393078
297.44620706696185
297.4448614553452
297.4423680777133
297.43881811041575
297.4341892558303
297.4285746324951
297.42193634616484
297.4143326570631
297.40574278940295
297.39628807017465
297.38592798889385
297.37471387404065
297.36264619775096
297.34978993441166
297.3361912184922
297.3218367959132
297.30677217624685
297.29098193841156
297.2745649914429
297.2574911508081
297.2398380296443
297.2215569556344
297.20269945771395
297.18328953089093
297.16334606228764
297.1429156159215
297.12197665969546
297.10063277105746
297.07886579699175
297.05669701674094
297.0341835356844
297.01124568687226
296.9879554520731
296.96440093196844
296.94060910820787
296.9166840570328
296.89257621443306
296.8683285002092
296.84395424428277
296.8195623651525
296.7952313506371
296.77103487127374
296.7470429822245
296.72321017127416
296.6995123294491
296.6760231454713
296.6527312655532
296.62980583047283
296.6074099457506
296.58563577581225
296.5645090051669
296.5442455058014
296.5249827154638
296.506905406371
296.4901346694642
296.4746664780803
296.46054901239586
296.44785591304685
296.4366617019168
296.42706748284314
296.4190808389128
296.41284165541504
296.4082330778663
296.40534152423567
296.40413397808607
296.4046289565889
296.40686696891703
296.4108127091963
296.4164235716553
296.4237055273054
296.43271005349993
296.4433868356881
296.4556897163163
296.46955122398697
296.48493686175135
296.4962314710716
292.4058349378669
292.42705518703406
292.4492885821082
292.47251337361945
292.49660827217895
292.5215463857608
292.54717985302096
292.573453959303
292.6002305720794
292.6273837271993
292.6548182708635
292.6823979578935
292.70991869115693
292.73730169111906
292.7643499509708
292.79105982971544
292.81721783741966
292.8427910599803
292.86758253747286
292.89156221076405
292.91465898071687
292.9366746877645
292.9575740812078
292.977234288251
292.9955693105039
293.01249413496726
293.0279873801229
293.0420109163836
293.05452860497434
293.06552557494354
293.0749491614235
293.08296298866435
293.0897243015507
293.0953585838703
293.0999706588884
293.10371474367
293.1065348336251
293.10850355350044
293.1096305061189
293.10985181101705
293.1091620221497
293.10757429976485
293.10501612923275
293.1015698347389
293.0972394689139
293.0921202639429
293.0862180383734
293.07961077579796
293.07230222948294
293.06434734635326
293.0557639867223
293.04658143894136
293.0368722273293
293.0265854747659
293.01582737153416
293.0046065804463
292.99294701089997
292.9808569416925
292.9683568842911
292.95547588771615
292.94222895082896
292.92862297819295
292.9146650338181
292.90035535855776
292.885685096632
292.87067888919177
292.85531647124213
292.8396082847995
292.82360679643693
292.8072340843806
292.79053301820926
292.773563079255
292.7562614358726
292.73861174702404
292.7206618975361
292.7023799654885
292.6837762826263
292.66490462122914
292.64572819338724
292.62627837578304
292.6066610295871
292.58688590492534
292.56707455121233
292.5474003932284
292.52792224814976
292.50865377131527
292.48947547463655
292.47037552552194
292.4512570553007
292.432122191322
292.4130877426852
292.3942832876766
292.3757608313265
292.3577135254081
292.34024297071755
292.3235176895538
292.3077763215083
292.2931189558776
292.27966813746724
292.2675065982003
292.25678231285485
292.2475506509518
292.2399006406941
292.2339579364616
292.22970381309864
292.22723465645856
292.2265206101757
292.22753476455296
292.2303831076159
292.23501753933806
292.2414222674343
292.2495644706916
292.2594017116358
292.2709937786796
292.2842069172342
292.2990312698203
292.3153211775291
292.3329975778352
292.34586006720474
301.4771852243102
301.49207131393877
301.5087680602687
301.5272589494127
301.54739242586714
301.5691319740274
301.59231840193314
301.61692609845124
301.6427864701647
301.66985361056794
301.6979706397705
301.7270161926605
301.7569065255191
301.78756570042896
301.8187403214595
301.85036318152004
301.8823676367701
301.91455128568344
301.94683368975035
301.9789834716891
302.01100017258915
302.0427528289762
302.07401313612286
302.1047326380306
302.13480092364244
302.1640669780561
302.19241025081544
302.21977846377655
302.2460016432368
302.2710544055083
302.294816024748
302.3172073716945
302.33828447986593
302.3579630580571
302.3763317944337
302.3934057418049
302.40927421663184
302.42388475889186
302.4372626344397
302.4494038221776
302.46018659296544
302.46962618383225
302.4775783848529
302.48410876622285
302.4891808872105
302.49283512081485
302.49512029308664
302.4960996530431
302.4957685226633
302.4942432154566
302.491574117909
302.4878187906306
302.4829858224586
302.4771844044413
302.47042908869946
302.4627665386986
302.45423608655585
302.4448964594728
302.4347561416255
302.4238590183934
302.41219051516157
302.39981770645625
302.38676658223676
302.37300484833764
302.35858533702174
302.34353851231896
302.32785742133734
302.31154963300173
302.29464773266716
302.2771177337781
302.2590515146969
302.2403937490249
302.2211501857421
302.20138912533264
302.1810233975346
302.16016996587945
302.13873351743064
302.1168163253336
302.094364859106
302.0713890856389
302.04792067588943
302.02398380292965
301.9995983255368
301.97476237988195
301.94956241646935
301.92403669626896
301.8982326239178
301.8722450385959
301.8460397248547
301.81969350824767
301.7932006746454
301.7666808286566
301.7401258769839
301.71373048574907
301.68749909790023
301.6615482881662
301.63612094893585
301.6112310952274
301.5871197885333
301.56388932435465
301.5417853804528
301.5209577485604
301.50154334107236
301.48364307130925
301.46742381082896
301.4530249652401
301.44051759801175
301.42999602360936
301.42154402773116
301.4152127473511
301.4110564319969
301.40909485399203
301.40935105449086
301.41172346068095
301.41633648732164
301.4230502395059
301.4318740301825
301.44276916570817
301.4512889830794
298.7086377986993
298.7283239116616
298.7498072014891
298.77304412396614
298.79791658519093
298.8243500199158
298.8522191138286
298.88143732462726
298.91189086760147
298.94348346175747
298.9760685846213
299.009521008366
299.0437528315433
299.0785055563125
299.1137429959995
299.1492764376823
299.18499270587574
299.2207109050266
299.2563030641653
299.29162861057955
299.32650303291774
299.3608502425713
299.3945417402669
299.42741417405415
299.4593490632629
299.490254029287
299.5200492033786
299.54860130074525
299.5758215224442
299.6016249774027
299.6259589701828
299.648776960227
299.67003841022864
299.6898640083059
299.7082693733534
299.72523499527244
299.7408551070746
299.7550247493516
299.7676880690882
299.77872688558983
299.7881248495235
299.7957439871353
299.80164312483254
299.8058005415646
299.8082724761148
299.80914265109686
299.8084703513871
299.8062691811506
299.8026920927221
299.79774360405804
299.7915050108889
299.78403864781905
299.77538178487197
299.76560225954677
299.75477338805575
299.7429727615023
299.7302098955947
299.71651515945047
299.701903763952
299.68648598182085
299.6702068945503
299.6531148260554
299.6353129579124
299.616772677618
299.5975524401508
299.57768003343426
299.5571802581327
299.5360247764821
299.51428951359145
299.4920422399817
299.46924796275243
299.44594913379547
299.42219085117574
299.39801395140245
299.37340513169204
299.3483699575978
299.3230188877264
299.2972809594869
299.2712366541974
299.2449140737194
299.2183528770809
299.1915548462098
299.1645584831314
299.13734315567245
299.11003866677333
299.08256125836954
299.0549538404501
299.0273516658147
298.9996444845514
298.97200740476126
298.9444788282735
298.9171219501294
298.89004795224474
298.86342054720694
298.83734544183477
298.81192994692594
298.78740068016924
298.76388357123045
298.7415147164919
298.72051143566466
298.70100569922425
298.68309662198425
298.66693162192627
298.65254953425256
298.64014739427654
298.6297287011346
298.6213453324445
298.6151293834687
298.61112207729803
298.6093656456616
298.60985806671596
298.6126184426301
298.61767421145396
298.6249411187289
298.6344494700386
298.6461325783393
298.6599463349147
298.675799863005
298.68772934798585
305.5884777265975
305.5997750980381
305.61282822391763
305.6275668935325
305.6438919464398
305.6617357410152
305.6810590181972
305.7018215796747
305.7238927384515
305.74720681051826
305.77170037248067
305.79724202294307
305.8237677822034
305.85117941012385
305.8793664266731
305.90823599303144
305.93763416310514
305.9675242653197
305.9977174443926
306.0281462151731
306.05869851434545
306.089209537069
306.1196703303759
306.14985508880125
306.17971073753944
306.2090830852297
306.2379271897739
306.26607297429155
306.2934558452994
306.3199683101919
306.34552855382134
306.370091019567
306.39362083256054
306.4160532442892
306.4375044598957
306.4579795654157
306.4775214806008
306.4960883117224
306.51356424189174
306.52991177184714
306.54499786254377
306.5586622350021
306.57079974215634
306.5813931880341
306.59041389059365
306.5978366165881
306.60378239012
306.60823231465895
306.61128263187413
306.6130318583675
306.6134891573522
306.6127342356452
306.61088513671643
306.60788187551276
306.6038928461203
306.59886705026406
306.5929239639139
306.5860389526316
306.5782723031733
306.56963494127734
306.56017378105895
306.54991858173474
306.53884754587057
306.5269625620534
306.514382859015
306.50102985248725
306.48696432725853
306.4721502348886
306.4566997809673
306.4404869284553
306.4236324729085
306.4060659599582
306.38790365348484
306.36903304942774
306.34955812110087
306.32942222731657
306.3086654529512
306.28732791362467
306.26538109517185
306.2428138788995
306.2197239280026
306.1960557193202
306.17188120997173
306.14717922311627
306.1220589395883
306.0965314899216
306.0706073341705
306.044375214682
306.01783407726657
305.99103798315474
305.96404160914096
305.9369190426899
305.909702621051
305.8825949489998
305.85562444016375
305.8289042437232
305.80268026392537
305.7770178891106
305.7521334046628
305.72817904259733
305.7052566592795
305.6835940672775
305.6632676362684
305.64437431433316
305.62713642423086
305.61156180754676
305.59775388909316
305.58581259547765
305.57579540283865
305.56774316592373
305.5616630270525
305.5576259368087
305.55560856173093
305.55559631408477
305.55758302117994
305.56150925447434
305.56738344035654
305.5751431142331
305.5814364857084
300.9811248744738
300.99287970459454
301.0065114680831
301.0219693622712
301.03918411950656
301.05811030812947
301.07863218775213
301.1006502519188
301.1241797311402
301.14901735753995
301.1751384228157
301.2024504404716
301.2308007502935
301.26009656383206
301.29022321224903
301.32106952598735
301.3525173421041
301.3843967593381
301.4166696178175
301.44916339176893
301.48172605160374
301.51428574077136
301.5467392242847
301.5789515127631
301.61081681620135
301.6422228388853
301.673075259477
301.70325678903004
301.73272460437306
301.76135200436113
301.7890376595097
301.8156814532443
301.8413106779331
301.86587439603824
301.8893197427951
301.91165101136903
301.9329297061071
301.9530712684838
301.9720104815395
301.9896553202837
302.0059425830522
302.0207916390118
302.0341321588294
302.04593478792776
302.05610552300044
302.0646701726427
302.0716652380833
302.0771270577711
302.0810222227768
302.0834308441216
302.0843711681073
302.0838932165065
302.0820922782626
302.07891789639007
302.0744875274545
302.0688359420658
302.06201895455683
302.054024026697
302.0449253467103
302.03480902561245
302.02364619314955
302.01147627557316
301.998369525438
301.98437380424855
301.96946872126654
301.95373013223434
301.9371533817809
301.9198000191868
301.90172689515316
301.8828808177969
301.8633772979484
301.8431539422966
301.8222966314958
301.80081634954405
301.7787832680291
301.75611799284513
301.7329514089299
301.709223891545
301.6850096384775
301.66035042298773
301.6352180140162
301.60968429268655
301.58377934649434
301.5574858108988
301.5308272190163
301.5038986019503
301.4767083944652
301.4492629875008
301.4216180045259
301.3938188072569
301.3659078762298
301.3379717639775
301.31010592900174
301.282395300239
301.2549422197847
301.22784991570336
301.20127363170485
301.17533135363374
301.15019573498785
301.12595320006216
301.1027765711079
301.0807863331929
301.0601473411932
301.04091147744157
301.023201794794
301.00718309982375
300.9928895999419
300.980397627805
300.9698208058369
300.96121808393184
300.9546132770193
300.9501181855023
300.9476525324742
300.9472799688428
300.9489971151999
300.95280120305733
300.95870724451174
300.96656259442807
300.97311228384933
295.23613539582743
295.27328775463303
295.3098468048982
295.3456357626875
295.3805858334299
295.41458628344157
295.44754617505276
295.47909925982225
295.5091336934751
295.53758585040185
295.5644141303341
295.58942502562047
295.6121003543266
295.6324062907929
295.65048508266705
295.6662869238636
295.67973563709484
295.69067535781
295.69909417382587
295.7050274146375
295.7085598902319
295.7095849671902
295.7080496072827
295.7039384900911
295.69728919818107
295.6882284894352
295.6768540143224
295.6634611967729
295.64811894092
295.631062226682
295.61237515378264
295.5929340540251
295.57346318398277
295.5545051433832
295.53629489931274
295.51908380051896
295.50292992889405
295.4877369600892
295.473261134224
295.4590860606058
295.44514784274907
295.43142116712755
295.4177794377193
295.4040777449453
295.3901649305365
295.3760455239551
295.36176405864967
295.347313547826
295.3327659527745
295.3182636284555
295.3037932599871
295.28941519385177
295.2752130266226
295.2611851457116
295.2474441771029
295.2340296235204
295.2209891014769
295.2082815779085
295.1958823536079
295.18377981944235
295.1718391193577
295.16005542695746
295.1483466902862
295.1365762676782
295.1246995318862
295.1126652465828
295.1004261772325
295.08789833254184
295.07499078207246
295.0616889836448
295.04795558551393
295.0337423579235
295.0190340691705
295.00378348147973
294.988050322429
294.97167872964434
294.95462749265
294.93688569401303
294.9184395784508
294.8993574185636
294.87978549784407
294.85995604406605
294.8401396265016
294.82166345504953
294.80684120234366
294.79493998939387
294.78408117826797
294.7733618353012
294.7626264342619
294.7519477272625
294.7415811797167
294.7315682004502
294.7220812417737
294.71323921670506
294.7053817988381
294.6993862073725
294.69594601236145
294.69545903518303
294.69801866189835
294.7034659389339
294.7118516737766
294.7230914495644
294.7371445203345
294.7538650878149
294.7730182562823
294.7943754759069
294.81770632796673
294.842876145706
294.86991479972954
294.89857731658196
294.9285611921003
294.95960939521416
294.99158853934915
295.0244445162024
295.0579559958528
295.09174244405136
295.12563035582673
295.15955291591456
295.1826465925327
