-0.0576284550075137
-0.0605565702485028
-0.06325415248612619
-0.06579713496907504
-0.06818951695880984
-0.07042673317104749
-0.07239329179424082
-0.07413511309392726
-0.07567198948456928
-0.0770062885319685
-0.07812679232543591
-0.07896288766000838
-0.07957660389460645
-0.07998287296825525
-0.08018545957133813
-0.08019362246448228
-0.08003067315209875
-0.079670331784933
-0.07911334951868182
-0.07836325100719083
-0.07741259640896259
-0.07625674020696425
-0.07492473617176978
-0.07342584406049273
-0.0717635317945859
-0.06995543147447046
-0.0680357283123368
-0.06599000671700939
-0.06381915385593101
-0.061524320030972544
-0.05928443318155535
-0.05722562692044347
-0.055192432622451666
-0.05317802203562604
-0.051185156767271575
-0.049235091649322826
-0.047349653501312004
-0.04548196364173468
-0.043679187521907935
-0.0419146540397473
-0.039714643256738645
-0.03770707487728169
-0.03447565656090596
-0.03209334991605846
-0.029777315306046555
-0.028079676670526774
-0.026048078409260055
-0.02404220707825163
-0.02206781023506137
-0.020123654430856844
-0.01822554508568212
-0.01636474012835612
-0.014541797887241734
-0.01275183245126524
-0.01099660562511391
-0.009264539048381825
-0.007565515151841149
-0.005902598407939349
-0.00427190355546881
-0.0026753075601671536
-0.0011034215116527233
0.00044326808318042064
0.001966485092621714
0.0034659597665666706
0.004944394474942286
0.006410151250631416
0.007859276195498371
0.009290160857611751
0.01070256175796348
0.01209092933081312
0.013439883048851752
0.01476378344988761
0.016065992986280978
0.017757354983409454
0.020096690485884607
0.02179016845814944
0.02350100806594665
0.0206845444568583
0.019967713408747676
0.017317255754174983
0.017368288953775533
0.015196097327808798
0.012558754520736747
0.010049810405844782
0.008763607077511297
0.008185176948256991
0.007798739843471263
0.007576629160954892
0.007512666733715298
0.007032463833513188
0.00607013929115971
0.005142085057034533
0.00427806355257982
0.0034857268998796536
0.0027256690142524456
0.0019059463263397813
0.0010049051067979049
1.643597922805542e-05
-0.0010693156892536669
-0.002286791755066746
-0.0036602204355353457
-0.005202558404830033
-0.00691313930131106
-0.008794712019080136
-0.011073449998279868
-0.013600605326809253
-0.01633218747605931
-0.019261717947825656
-0.022381772848790112
-0.025729727823785638
-0.029213896903256823
-0.03283094883224553
-0.03658318322375926
-0.04043451608366876
-0.044072214790472374
-0.047623655168128436
-0.05110633919066663
-0.054522815060618846
-0.05681040011154136
-0.04857790993582184
-0.05151225074155841
-0.05416393602628596
-0.056580916028872344
-0.05880665215592892
-0.06086543587405243
-0.06271641620472797
-0.06429882932886864
-0.06563072451569113
-0.0667325633132022
-0.06762162922590365
-0.06829232915807396
-0.06876502380461232
-0.0690495293290168
-0.06914350430006407
-0.06905773491225688
-0.06878865565232964
-0.06834286830242593
-0.06772407400540602
-0.06693289062228866
-0.06597314349835945
-0.06486724292819543
-0.06362677965240317
-0.062249094830918957
-0.060730307087225176
-0.05907460667014079
-0.05730475076548277
-0.05543576699823661
-0.05346385378161457
-0.05138478020559174
-0.04922673318831811
-0.04714409190519721
-0.04516543364623661
-0.04326645757754073
-0.04143133728890324
-0.03966312463497671
-0.03796514871371408
-0.03633255271469041
-0.034741352163192935
-0.03318470311434372
-0.03161061438163734
-0.029843985475464577
-0.027652507225349458
-0.02494025423019708
-0.022250700775733535
-0.019782705415626812
-0.01773980230886716
-0.01573101893234079
-0.013760497723774724
-0.011831861508226113
-0.009941878763423274
-0.008096148647235206
-0.006294680385566127
-0.004533808305396508
-0.0028123602898832783
-0.0011348901079618265
0.0004965964730314151
0.002088576894659933
0.0036418000647511187
0.005158576213916746
0.006657477470499712
0.008144551756328887
0.009615680662409365
0.011067970926266865
0.01250065743704747
0.01389992507280144
0.015269291060811388
0.016619049306376164
0.01795090429477969
0.019265037881818266
0.020563309435259615
0.021838843434704554
0.023086832476612036
0.024314822348470162
0.026228849688845517
0.02850726832319744
0.03050311761464056
0.03101720944632814
0.02955082780907645
0.027164428238399204
0.025020090174912014
0.022631236841186397
0.0195607120836823
0.016465056695308743
0.013640808656306333
0.011365992884264601
0.009632363531393472
0.00831634917564668
0.007330799830866752
0.006681807780312252
0.006479666211958359
0.006640669647029086
0.007049177773420261
0.007648673684032594
0.008234089428159407
0.008359928972089054
0.008050194027355389
0.007388777474406629
0.006445358795444024
0.005278048564790638
0.003913264655845432
0.002339658676516346
0.0005573003369423419
-0.0014273264022351428
-0.0036270807402503983
-0.006069748105183337
-0.008743657252558506
-0.011627724133131812
-0.014701084397540864
-0.017948237560837334
-0.021312712502339667
-0.024779066497038718
-0.02834429313724974
-0.03199282151082335
-0.03560716427494745
-0.03908851565179163
-0.042445164236334966
-0.045693600080904534
-0.04784495252553133
0.014989329349336356
0.013962220844643594
0.012951727272290416
0.011957439151637756
0.010983429053427916
0.010028544739379143
0.0091068265581971
0.008229654049266406
0.0074034780524310975
0.00662527668973701
0.005899131498684719
0.005220856128349938
0.004589104201433745
0.004004307851817863
0.0034671378021454494
0.002979385543567954
0.002541574358059193
0.002155751730583416
0.0018237179384771
0.001544607630520658
0.001321285547628614
0.001154226432564391
0.0010433615109752094
0.0009894523978046497
0.0009940857265733234
0.001054287257751305
0.0011697928876292169
0.0013364878120010269
0.0015560096144972536
0.001827874337752723
0.002147488599181918
0.002491154091657983
0.0028496295186214845
0.0032231051545598983
0.003608581137667339
0.004005721402957558
0.004408588735159854
0.00481433350993092
0.005269020781359716
0.005762600770370836
0.006282218168640945
0.006849631242193775
0.007544219394292599
0.008393619451605959
0.009288300334389238
0.010176865014042141
0.010987388875904641
0.011799715237684241
0.012610749844627721
0.01342498340123217
0.014241665425276292
0.015062573849666859
0.015882520756474325
0.01670735537513767
0.01753328229755593
0.018358521455835535
0.019184272165853243
0.020009752113025987
0.020833837525614417
0.021656475037800958
0.02247929541835024
0.023302224504157792
0.024124683071410274
0.02494606046580473
0.025766728796633616
0.026587423707156884
0.027407257277131464
0.0282258359612339
0.02904456409628158
0.02986254930127878
0.03068013747020766
0.031503691231551945
0.032327095531380544
0.03315585893224444
0.03417427547516091
0.035214192893490995
0.03626866476057285
0.037074419866743834
0.03765095164267895
0.03806531838797039
0.03844387465956207
0.038638179948072615
0.038770939960126746
0.03886683059865374
0.03897722660372205
0.03904338333239767
0.039055987323441066
0.03901546565482063
0.03891809744329463
0.03877949038932258
0.03861633982808784
0.03842669014878063
0.03820951706029655
0.037965132624588976
0.03767228611074513
0.03728875504071153
0.036816153912415814
0.03625318021236005
0.03560340173963631
0.03487214622595376
0.03407649981152306
0.03321393558988805
0.03228960479368117
0.031300113057589014
0.030264030155921277
0.02920742522988573
0.02813559938692606
0.027047546414897285
0.02594198496224507
0.024828387301579966
0.02371580039514457
0.02260571567641434
0.021500199715487344
0.020398972365397762
0.01930328759109245
0.018214864730301695
0.017139524608153104
0.016075258028292454
0.015358678204333627
-0.024335337922056412
-0.02548815851775009
-0.026593624414547996
-0.027656220408284766
-0.028671657471326745
-0.029640518249236
-0.03055412392708133
-0.031392056967648636
-0.03215259477022533
-0.032843327234154354
-0.03346497087242918
-0.03401453233397565
-0.034474055942915666
-0.03484777522022589
-0.035139348882347474
-0.035349024764675926
-0.035475294384909394
-0.03550489011249641
-0.03543784425420546
-0.03527718274258333
-0.03502437840815585
-0.034673069607011504
-0.034215626001103415
-0.03365414377031086
-0.03299096481618633
-0.03223408643369092
-0.03138840321463809
-0.030452282902340984
-0.029430926068782014
-0.02832624677988497
-0.02715000588861611
-0.025954166438354017
-0.024798454628391996
-0.02370738105722456
-0.022697777267774402
-0.021773831896570454
-0.020945753068905178
-0.0202044808449063
-0.019557673699764824
-0.019000870627850507
-0.018537593486550895
-0.018136664407843478
-0.017615270352784346
-0.01662217374981995
-0.015394949101147973
-0.014132430231260021
-0.013213320701462078
-0.012504508348688295
-0.011906787290005676
-0.011366642024313521
-0.010865582139047416
-0.010379987717941684
-0.009909999004923054
-0.009447948805201108
-0.008991749773949455
-0.008542384726844062
-0.008102559882125633
-0.007670563145123446
-0.007245059323682441
-0.006822675268702473
-0.006399931388789673
-0.005967218716519457
-0.005522267082167042
-0.005066941408993405
-0.0046017431011020635
-0.004128018163618017
-0.003641136834067904
-0.0031397350931302625
-0.00262845798972185
-0.0021071767264120244
-0.0015808719809006137
-0.001044028481514731
-0.0005017197896011988
4.87006935665622e-05
0.0007882589798963676
0.001840550797041495
0.003074355888702011
0.004242886843137958
0.004939126077879815
0.005157463252652998
0.005050945537898119
0.004728252691774022
0.004221631096895427
0.0036919726654154597
0.0032394838497995715
0.0028935443081853154
0.002662961877284319
0.0025623001461496904
0.0025961342109762663
0.0027585906489709868
0.0029498691508187944
0.0030767787982272374
0.003091612321848036
0.0029763256806026187
0.002725355293001032
0.002336465966919263
0.0018094986155188137
0.0011493232958955958
0.00035597458219848013
-0.0005568349220467154
-0.001566154632560247
-0.002655329823347136
-0.003815270895111226
-0.005037672923384
-0.006320959261694879
-0.007646144734380522
-0.008998011431174027
-0.01037439453396163
-0.011767946727039338
-0.013172667724007062
-0.0145652149707107
-0.01594256963828927
-0.017308923010771297
-0.018668002613898102
-0.020015053611342655
-0.021335925401883945
-0.02262685698123429
-0.02389156383894168
-0.024738390364519313
0.010754211730422753
0.009873015675291485
0.009011310763021177
0.008190063148067188
0.007412838758191266
0.006670394336108765
0.005961627339047348
0.005292507032521078
0.004662626747762604
0.004071699405377815
0.0035172294319290114
0.0030073191120231183
0.002553989784146316
0.0021666376795895764
0.0018449061349071775
0.0015843898701120203
0.0013940169523029339
0.0012809168084087638
0.0012426062577151299
0.0012702288383983715
0.001362804147960237
0.0015194582023881824
0.0017458444451054042
0.002046799080579048
0.002421299571137518
0.0028701914281344452
0.0033905600474275124
0.0039832565497031685
0.004650642225018317
0.005386851080953918
0.006191878740146102
0.00702047366590956
0.007827537606344009
0.00858688671192046
0.009285515844156609
0.009916657921936608
0.010529422947142448
0.011193452264811608
0.01181383489942142
0.012393777363866494
0.012939163358846846
0.013439452878263501
0.013894719843992055
0.014315399810575516
0.014721203192116795
0.015129373069179136
0.015541511618075533
0.015948830440394572
0.016347510644218664
0.016731910341739552
0.017098642893987118
0.017446015029662143
0.017772941228193912
0.0180751772867429
0.018353242750126238
0.01860622962156861
0.018835542352615618
0.019041307848006544
0.019226088685077462
0.019395622938247543
0.019548599062307742
0.019691960008572144
0.019830893660857052
0.01996884927494679
0.020109979229161346
0.020259836112867687
0.020415214488454562
0.020580932644306667
0.020756831538549306
0.02094344120507432
0.021137044418862917
0.02133017509481696
0.02152751267317435
0.021721483755733136
0.02201334640831153
0.02251155039784275
0.023201907313635334
0.023953415494701154
0.024481099873651154
0.02468048701568412
0.024578039861051157
0.024234413903173976
0.02369376722998258
0.023084427305320936
0.022536030338283185
0.022135552458107284
0.02193660773627246
0.021946601826603032
0.022149244499787522
0.02251175584937022
0.022938313853592802
0.02333742952234609
0.023659923453494946
0.0238858856882382
0.024001908331374392
0.024000542868634175
0.023878645233862083
0.023632194806577373
0.023259357826495138
0.022769687624077762
0.022168630328832033
0.02146761556032994
0.020679242155311053
0.019815231702078443
0.01888543599093039
0.01791581590823131
0.016917567711722502
0.01590114916761419
0.014869199350180145
0.013822175237933656
0.01277258607114538
0.011726053238891136
0.010684159120229653
0.009650097933553576
0.008623166211493824
0.007615143884783361
0.006631647095636651
0.005667974558078216
0.0050235036624406305
-0.013974821378098006
-0.014633018632235326
-0.015306363309604191
-0.01599021619043543
-0.016681332441909117
-0.017375977435934702
-0.018071416646958022
-0.018762837427547193
-0.019450152747264988
-0.020129834620764425
-0.02079773573291283
-0.021452963930492033
-0.022093243135056024
-0.02271435374528049
-0.023318419565387032
-0.02389570289409331
-0.024447586478122674
-0.024972896052115303
-0.02546586126558775
-0.02592124649074195
-0.02634052466576345
-0.026720362161992268
-0.027057196858139905
-0.027352278543162845
-0.027603092158453222
-0.02780708672189213
-0.027965411088897368
-0.0280773427333464
-0.028143464446637557
-0.028164110936370935
-0.028139100956012113
-0.028070622048598677
-0.027962630666043157
-0.027815589605761252
-0.027636141890595673
-0.02742821935343353
-0.027194146446397085
-0.02694078533071082
-0.0266694536006677
-0.026387499494865053
-0.026095312995235747
-0.025793699905103273
-0.02548897557534256
-0.02517967126901485
-0.024851100589435078
-0.02449210484238238
-0.024105349301585914
-0.023705101749587534
-0.023306041359642347
-0.02291643261237649
-0.022536609067247648
-0.02216742482899728
-0.021809030314962667
-0.02145994138826607
-0.021118457474116923
-0.020784329271358447
-0.020455394971239355
-0.020131634127142865
-0.01981179077982171
-0.01949341121098602
-0.019173921807797513
-0.01885680437385866
-0.018539085292196396
-0.018222275079629712
-0.017907027988093936
-0.017590472297650095
-0.017274630391904015
-0.01695534403721556
-0.016633018078289055
-0.01630496604281895
-0.015971892527366
-0.015631155675633866
-0.015286115766019239
-0.01493406899768375
-0.014575431739293224
-0.014204855364792013
-0.013805055904635093
-0.013366716141384159
-0.012892343856466522
-0.0124025054258755
-0.011926148778023775
-0.011487668306095319
-0.011100589501553043
-0.010771194021309409
-0.010497665351894862
-0.010272834443558164
-0.010084062453970406
-0.009918509304164887
-0.009764287843086382
-0.009605837400035427
-0.009439065541057
-0.00925856055576424
-0.00906400185736017
-0.008861935179152474
-0.008659525637255597
-0.008457610068752655
-0.008270443060807672
-0.008100855861331486
-0.007956794836152643
-0.007848182304250245
-0.007776948072283062
-0.007752032940354886
-0.007774866907128274
-0.00784880264807467
-0.00797444835318205
-0.008152990124979668
-0.008381612237435174
-0.008663238869380623
-0.00899406802798629
-0.009368053786264685
-0.009786932171197835
-0.010248175378297822
-0.010746108505833178
-0.011278098221296438
-0.011844228735770061
-0.01243587119147409
-0.013056818387986356
-0.013698623448647768
-0.014147500098551471
0.02459707307233635
0.024415234429858143
0.024224842313758887
0.024030118442018737
0.02382861286533784
0.02362375422428034
0.023414881184296108
0.02320560191335437
0.022994415509180313
0.022784231363801987
0.02257403482569902
0.02236557220558134
0.02215940103413368
0.021956450719321306
0.02175722429691373
0.021561179322568118
0.021372533119043923
0.021188974245409647
0.021011848535785378
0.020842059952028202
0.0206806593587112
0.020528613029255613
0.020388080017381644
0.0202568900265719
0.02014103450450542
0.020037003397429337
0.01994920484604267
0.019878445234125425
0.019825427240102188
0.01978817550737701
0.01977126911461617
0.019770440892021048
0.01978161237881208
0.01980176668968997
0.01982902057252739
0.01986298137748476
0.01990163126036166
0.01994428527018431
0.019989536913924626
0.020038790576291605
0.02009070483192497
0.02014575174961128
0.020202389488636157
0.0202638057723338
0.020334274024792726
0.02041034946748107
0.02049069429274372
0.0205734581521601
0.020656443935578528
0.0207444549591026
0.020831630555306634
0.020921959546160454
0.02101225435414917
0.02110445627014301
0.021196742372333207
0.021289665804742494
0.021385959892623024
0.02148201218250448
0.021579107904262245
0.021676954076302463
0.021775708954103724
0.021875972633440485
0.021980446485164618
0.022086419480504615
0.022195133079522675
0.02230495128792674
0.022418821001780154
0.022535929365459
0.022654790853529484
0.022775942422270403
0.022901819861841408
0.02303113209805149
0.02316203053676639
0.023297809007674877
0.023442825001461137
0.023607682104728703
0.023792918607302503
0.02399043276543251
0.024178730836393002
0.024344139721794753
0.02448438187969068
0.024602828106055828
0.024699460183071977
0.02477792633895886
0.02485092246455267
0.024924340998776714
0.025004959759429846
0.02509846738264169
0.025200829197779002
0.02531316147328638
0.025434410748191246
0.025556620186253733
0.025680769579992768
0.025804251090503844
0.02592203262986912
0.026033852082696537
0.02613479021554475
0.026222068683581925
0.026292534782766816
0.026348828692134185
0.02638600828927395
0.026409036720829195
0.026413618208775327
0.026402584438662415
0.02637323493726367
0.026328653707440915
0.026268804346612388
0.026190906363943958
0.026100621661040057
0.02599559258912014
0.02587812705161709
0.02574751087707316
0.025608829230972574
0.025457088790736507
0.025298516016666984
0.0251282224327999
0.024951626003550928
0.024768798013700515
0.02464026711769163
-0.007057503389343013
-0.007218563927468701
-0.00740629183671398
-0.007622604527936968
-0.00786920697958628
-0.008143495919606166
-0.00844428747818608
-0.008775136176086355
-0.009128527433109107
-0.009503857836305455
-0.009899846732239787
-0.010316513011349638
-0.010750421156885561
-0.011200045783782052
-0.011665853829330186
-0.012142774754905758
-0.012631823503221102
-0.013126731715796777
-0.013629833564938468
-0.014134777797159395
-0.014641029254903855
-0.015145925282205232
-0.01564604093031793
-0.016137416806589307
-0.016618782552203164
-0.017085603185738197
-0.01753779373244441
-0.017973124671958864
-0.018392818541986503
-0.01878818913118145
-0.019167025857308752
-0.019522850504535963
-0.019862650601665952
-0.020187496511625845
-0.020495004502029138
-0.020789582839217193
-0.021071043724098945
-0.021338372475735678
-0.02158663087287048
-0.021819589396539198
-0.02203958926210198
-0.02224278543705678
-0.022432283727053786
-0.0226039216133688
-0.022757454811114318
-0.022893984374274045
-0.023015088836567277
-0.023124633969740363
-0.023220359787131065
-0.023297383286717988
-0.02335654116389808
-0.023401677168612516
-0.02343089311316287
-0.023444737009562972
-0.0234464133759102
-0.02343781187008636
-0.023418010800851274
-0.023384915520026913
-0.02334289742289431
-0.023292294953029848
-0.023231439631888787
-0.023161813469285773
-0.02308246715569399
-0.022996653653157593
-0.022901694098366638
-0.022798678211305465
-0.022687455047575956
-0.022569797243323326
-0.022443467131528175
-0.022315993890739183
-0.02218721405286326
-0.022059677399559836
-0.021932081423469172
-0.02180334344590512
-0.021673928271630425
-0.02154169430768379
-0.02140487998707259
-0.021266425223707416
-0.021122883799479943
-0.020973511234628463
-0.020821853667119257
-0.02066545538766607
-0.020498113866021406
-0.020319771973854473
-0.02013225204683918
-0.019939957345352498
-0.019739084702201877
-0.019533542888727756
-0.01932114155170492
-0.019104410508171372
-0.018884045745564924
-0.018663980191320564
-0.01844807326007277
-0.018234907473977637
-0.018029320746985128
-0.017835273289295017
-0.017652318761977117
-0.017484260579080937
-0.017330015292340975
-0.017192841686255234
-0.017074648767183356
-0.016975738219489497
-0.016904097502149194
-0.01685692573986626
-0.016837713202323253
-0.01684193929015465
-0.01687033688552872
-0.016918027688120917
-0.016988526141136658
-0.01707900262233906
-0.01718991631946762
-0.01732423225479667
-0.017477184098419352
-0.01765224719822294
-0.017846520503275818
-0.018061498061766785
-0.01829542443127852
-0.01854384971380882
-0.018724141177217265
0.02619857591791761
0.026083253487077598
0.02594361260517046
0.0257839757866085
0.025600320561157845
0.025398148830133953
0.025173286146930405
0.024920100963302164
0.024646572739793933
0.02435338992382019
0.024043775258300096
0.02372055518186377
0.023388498381710626
0.023046050670180847
0.022696130612711713
0.02233943966623572
0.02197717776201718
0.021612236925549956
0.021247053354929008
0.020880168597130808
0.02051507406188959
0.020153357216193973
0.019794970813909712
0.019444198267739098
0.019101999459673957
0.01876938254825585
0.018446763808404376
0.018135923801053867
0.01783975554699582
0.01755584879201732
0.01728658532461184
0.017029659682384762
0.01678423297422952
0.01654702794331895
0.016314639681252893
0.01609003702860353
0.015870617793483834
0.015664155170136848
0.015465548703747877
0.015276261389850502
0.015091506816344028
0.014912013402846338
0.014741294797101217
0.01458214105833713
0.014434933922927658
0.014298383717534186
0.014174312247934532
0.014058817220757792
0.013949634784611857
0.013850899283186035
0.013761969254076405
0.013681476032926444
0.01360862429376548
0.01354020444476676
0.013482614860853184
0.013427733833537757
0.013379250936568074
0.013335705490585395
0.013297477720196679
0.01326548231509465
0.013236290061204125
0.013210779350884444
0.01319267766290497
0.013179071101847638
0.013169694461893087
0.013165355214606513
0.013165977625502983
0.013172026334071194
0.013183296397436695
0.013197553126690761
0.013214936745268208
0.013232213881745685
0.013253237848494978
0.013275489313056719
0.013301292587917637
0.013331989334216844
0.013367974279423756
0.013408402291167403
0.013451046250237521
0.0134931580509203
0.01353326910197118
0.013570519453345213
0.013617263160086098
0.01367395721245366
0.013737195700986672
0.013808179756070925
0.013886231005103167
0.013969983107825629
0.014062570951792095
0.014164140010342769
0.014271843835260627
0.01438256522502178
0.014494077587293326
0.014606089612697043
0.014717843518035942
0.014823005330880153
0.014919800340785043
0.015008908245044309
0.015088163514443143
0.015156094642168659
0.01521155824915708
0.015252556754819388
0.01527606957713278
0.015276756768572895
0.015253004357162812
0.015211232182082143
0.01515013943572139
0.015078585147698503
0.014991953865609852
0.014887107319467545
0.014768072101771442
0.01463063362049359
0.014476311293525808
0.014303978287773094
0.014114603682933224
0.013909563932275243
0.013691046204561729
0.013454953268600491
0.013285946255478204
0.010844889062304812
0.010563299829485732
0.010241131280759411
0.009881542472488063
0.009483982365378481
0.009050248591366267
0.008581411122363233
0.008078559594480868
0.007544246013345049
0.006979903041582964
0.006388655600964147
0.005771944414274657
0.00513228158462557
0.004473280405087607
0.003794979500207634
0.003101901999237404
0.002394170211508879
0.0016760342949517137
0.0009482837002824139
0.00021788610927453184
-0.0005181216056304584
-0.0012523297137019204
-0.0019823189988853332
-0.002708435015805996
-0.0034253656410198545
-0.004126153175024654
-0.004812179784610648
-0.0054807322700728255
-0.006126069621243352
-0.006745483914777565
-0.00733904923407972
-0.00790439363770155
-0.00843644623374942
-0.008940821332182573
-0.009413607780323716
-0.009857119684744516
-0.010272100606386978
-0.010654350539062881
-0.011002137331091988
-0.011311420840993064
-0.011578361980641291
-0.011805157324981832
-0.011991496150581399
-0.01213875246196623
-0.012243627170744039
-0.012309102734931507
-0.01233086398334343
-0.012317477015546573
-0.012269982334751703
-0.012191287105525502
-0.012083721732378504
-0.011950031555702248
-0.011793009265897766
-0.011612735564406016
-0.011410237678157568
-0.011190968299474545
-0.01095232173182169
-0.010697469324995065
-0.010426266148639902
-0.01013978557352346
-0.009839244533506715
-0.009527143867316812
-0.00920390376335412
-0.008866192977130503
-0.0085189059803357
-0.008163547381684112
-0.007797621016748377
-0.0074213391804540865
-0.007037391368069404
-0.0066448533172872165
-0.006244767150252437
-0.0058365844540596915
-0.005421062509601282
-0.004996898432799899
-0.004568035354476139
-0.004131698501440004
-0.0036867358367542835
-0.0032343429513145617
-0.0027737045501044044
-0.0023071785088236356
-0.0018308370031660365
-0.0013492970937825895
-0.0008644007722865345
-0.00037545320592421576
0.00011675177045747185
0.0006097463430667485
0.0011021696399495654
0.001592183181331236
0.002079868205960447
0.002563481103057543
0.003045034853549067
0.00352080033417188
0.003991385934620432
0.004454141074711855
0.004910552913399371
0.005354052477274568
0.005786085758088464
0.00620362333985357
0.006602208539390683
0.006981400695341967
0.007335590755286019
0.007665209789328291
0.007964290082734582
0.008232439863697667
0.008466009404863514
0.00866333873343787
0.008820608575218037
0.008940067023630354
0.009017878961828618
0.00905267740882291
0.009044503332659194
0.00899295617274542
0.008898432075537773
0.00876018632370919
0.008577140303667111
0.008352523032861348
0.008085105229346965
0.0077794974994323945
0.007548762657112025
0.04312020121957026
0.04268478788053132
0.04220829516932901
0.04169319127721533
0.041140603201102556
0.04055239680717413
0.039929370979111395
0.039274150095616245
0.03858736985230696
0.03787572224556748
0.03713688360927902
0.036376603184755205
0.035599869045751194
0.03480821624328352
0.03400379377449083
0.03319354723261076
0.03237719729064844
0.031561579082011605
0.030746932017714588
0.0299400524014406
0.029140955759819714
0.02835556728888678
0.027585403212811697
0.026834464008538922
0.02610483507474599
0.02539977227041638
0.024722010968624104
0.02407457154332759
0.023462566839574293
0.022885326444508865
0.022347309605370184
0.021848932810543044
0.02138885064424444
0.020967813182060945
0.020582964543989436
0.020233490310306742
0.01991579008569108
0.019634816825785932
0.01939845273767643
0.01920900020265024
0.0190668190556029
0.018971195306385028
0.018923574776371948
0.018920231544827377
0.018959949308242855
0.019041071002059068
0.019163356701905148
0.019321011214063384
0.019509443657763432
0.019727818407327548
0.01997114092046344
0.020235132794840845
0.020520719132402346
0.020823850583068626
0.021142489440418785
0.02147575069528552
0.02182109885735277
0.02217899743358854
0.022548270567341808
0.022928607025829745
0.023314882143659076
0.023711447108297885
0.024114202591549328
0.02452293225385074
0.02493663970011303
0.02535369899032371
0.025779116020666563
0.0262062282491801
0.026639087055247587
0.02707614795139748
0.027518195659259715
0.02796048312800848
0.028407590727210285
0.02885609555219923
0.02930831824316031
0.029760925190839702
0.030220905865199828
0.030680701631533667
0.03114482327056954
0.031612592529446745
0.032081898017150626
0.03255292400423086
0.03302881189240684
0.03350612633982969
0.03398973037223907
0.03447719536482302
0.03496875015801514
0.03546246499163934
0.035960533041187945
0.036459914615927826
0.03696110021947725
0.03746002317173986
0.037955646071766214
0.038443160783939896
0.038921888317209954
0.03938598939036135
0.03983388740270707
0.04026014056240158
0.04065960158426167
0.04103028101433412
0.04136868493436715
0.04167184239380685
0.041937000724708545
0.04216257533824944
0.04234675650407689
0.042486464455938115
0.04258231316716426
0.04262920414881014
0.04262974235406852
0.04257961837284828
0.04248113236194684
0.04233104148786939
0.042130652747483795
0.04188213292312897
0.041582244108035925
0.04123576721145453
0.040843384539381265
0.04040747586290343
0.04008818562730522
-0.02015081559636704
-0.020347975787409937
-0.020574218338854623
-0.02082556761376244
-0.0211035755143612
-0.021408776089780895
-0.021740557962086356
-0.02209673613863989
-0.0224778139577057
-0.022883006440098438
-0.02330912667578961
-0.02375658045320987
-0.02422337906244913
-0.024706694961311493
-0.02520921226321187
-0.025725343856416703
-0.026254915513262894
-0.02679573978914327
-0.027348841774473807
-0.027908176472819922
-0.028474136825049134
-0.02904383636044115
-0.029615968041645544
-0.030185090945523668
-0.03075091442675491
-0.031310754608222253
-0.031862395923530504
-0.03240226029206716
-0.03292865953604963
-0.033437380500656214
-0.03392862450611337
-0.03440051787963714
-0.03485029773293156
-0.03528167377910367
-0.035693938953376435
-0.036088342877180615
-0.036465276010126856
-0.03682172040961582
-0.03715365846356297
-0.03745291166541493
-0.037719332586949324
-0.03794879459027325
-0.03814318488376409
-0.03830203026469764
-0.03841985829880734
-0.03849519291234748
-0.038528775658428376
-0.038527127431629546
-0.03849242698145374
-0.03842743154515985
-0.03833958680824595
-0.03822861584833031
-0.03809844066411325
-0.037951042333551926
-0.037784597034403684
-0.03760648204869423
-0.037415217071311575
-0.037209895184622255
-0.03699462937981227
-0.03676700307223763
-0.03652992885277658
-0.036282006128282696
-0.03602531850650413
-0.035761924328298396
-0.03548709666259746
-0.03520560082509363
-0.03491728721203146
-0.034620195633447676
-0.034314927667443665
-0.03400386094472727
-0.03368492819881063
-0.03335977728504071
-0.03302605641778558
-0.032688368764894934
-0.032341495935031696
-0.03198992402291813
-0.031630828470013
-0.03126286707586246
-0.030884573911757945
-0.030498605238627883
-0.030106920272535215
-0.029705050099877103
-0.02929857502357685
-0.02888523206500086
-0.028468336210908527
-0.028047593845855687
-0.027623626656253092
-0.027197898468205303
-0.026769232747729018
-0.0263366888004234
-0.025905413716624106
-0.02547471485665113
-0.025046528056426577
-0.02462075682756875
-0.02420124624941004
-0.023790273388760007
-0.023391100205348108
-0.023005335695655518
-0.02263805839202753
-0.02228690560923363
-0.021961452586793804
-0.021657263469524745
-0.021381297174081406
-0.021133316512263203
-0.020915074667697077
-0.020726464658637582
-0.02057022018197461
-0.020447344318172533
-0.020358433901436546
-0.02030209971958804
-0.020278314353262952
-0.02028853397925727
-0.020330904954130577
-0.020406923952439475
-0.020514630421217348
-0.020655860322378698
-0.020825587934482914
-0.02102684266192572
-0.02117944135948996
0.014833728793771013
0.014599024753114656
0.014335078574848007
0.01403896546542665
0.013713192626447318
0.013358454114133708
0.012975110556187842
0.012564819166186835
0.012128381692416474
0.011668109508060824
0.011183859923205912
0.010680035178010498
0.010157641248209158
0.009617731155995476
0.009065936681589148
0.00849909151169663
0.007923441262156251
0.007338643959747599
0.006750441041801318
0.006157558523747873
0.005564021079543876
0.004971426842189027
0.004382561522899102
0.0037985907222100415
0.0032224499633388354
0.002656548018608665
0.002100452603857498
0.0015589739537931265
0.001033291190601328
0.0005267812814392374
4.025843695093451e-05
-0.0004259660495555334
-0.0008708080853334086
-0.001292889403706602
-0.0016931713154952524
-0.002073616004815987
-0.0024330741387442855
-0.002771503250655389
-0.003083710892364643
-0.003365322379721859
-0.003614813947063118
-0.0038279302608898026
-0.004009202724534148
-0.004154841852334149
-0.0042626183393539635
-0.004336071066137864
-0.004373505711434062
-0.00437897862170568
-0.00435139501262408
-0.00429996371779765
-0.004221838029977951
-0.0041188886951966245
-0.00399576212836444
-0.0038521156127263975
-0.0036918037077702795
-0.0035113903793887544
-0.0033186006557783926
-0.00310794096618332
-0.002883455570008851
-0.002644752280411722
-0.0023949212931665322
-0.0021318429289166065
-0.001858473860583066
-0.0015735495417565936
-0.00127743092686033
-0.0009736200522178319
-0.0006597233344111744
-0.0003388477302447811
-7.329018259101438e-06
0.00033135717731925905
0.0006774876922933554
0.001031085898110315
0.0013901606303975086
0.0017569892851223962
0.00212807297942586
0.002508563537625642
0.0028916143350939966
0.0032823996906407088
0.0036796909886282593
0.004081694328398247
0.004488662048760663
0.004902802661873389
0.005321421395854546
0.005745397312938112
0.006173175593503873
0.006607482455607543
0.007044492368810353
0.0074864471707614885
0.007931687655754499
0.00837863821973825
0.008828626008805091
0.009277978099836067
0.009725194395254528
0.010169190160701738
0.010604739683260372
0.011032074180606716
0.011448700643880361
0.011850685444587138
0.012235257715433344
0.012600258482753467
0.012943947756856177
0.013262388409473122
0.013555240473898608
0.013819168877006629
0.014053487292906586
0.014255590644617113
0.014425068683930052
0.014560640231738012
0.014661539190178567
0.014728104133987308
0.014755392745419838
0.014748035966290962
0.014704978443427144
0.014622460096974025
0.014502259693442291
0.014348346480315086
0.014156695983565537
0.013931225803310273
0.013759243606336884
0.01920744554037882
0.01858802147720835
0.01797224730455395
0.01735109933109182
0.016732158676459406
0.016111950087909853
0.015503182304208227
0.014918415590807635
0.014367059142103903
0.01384485952124788
0.0133495708828259
0.012883936202513133
0.012448273160082502
0.012044077346937484
0.011665942278618094
0.011314747524894161
0.010994467750275074
0.010708697378769795
0.010458099123082782
0.010240960189957847
0.010061881075878028
0.009925867213493518
0.00983508166608593
0.009789936597476423
0.009792585072947151
0.009840379551901117
0.00992860260651539
0.010054646938833912
0.0102165368553735
0.010413727771052407
0.01064027243482859
0.010883466142302666
0.011127310810598619
0.011367067424462545
0.011602523825820355
0.011833191485848538
0.012055281901200771
0.012280448692065595
0.012509972259112366
0.012737314112877086
0.012956500981691972
0.013161684755348792
0.01335857167865509
0.013550939498846119
0.013757516320173854
0.013987695459469832
0.014249912937083196
0.014538090330741847
0.014842678763741781
0.015159412967365867
0.015482891170498347
0.01580719145435165
0.01612879420208303
0.01645015566121211
0.016765463016168686
0.017078852155990983
0.017384756291646212
0.01768697585895566
0.0179839937718641
0.018278825285584954
0.018570924838720783
0.01886107746588857
0.019150108143739866
0.01944045530508654
0.019732384487154506
0.020026150443867262
0.020329050043534726
0.020635240789167147
0.020945215104047617
0.021260939030237302
0.021579354596917868
0.021900492766639558
0.02222442470929106
0.02255058340134176
0.022882553845841657
0.02322484044530441
0.02358821566664239
0.02398357630762449
0.024411565914551164
0.024849049491424212
0.02527594560628572
0.02566857030411885
0.02601172374738377
0.0262979297038603
0.026501724671503392
0.02665707196625614
0.02680236659658292
0.026939871632869428
0.027061756835409068
0.027171418817479927
0.027266096180607755
0.027346591368460956
0.02740638409536244
0.027450239688621068
0.02747390182458016
0.027463338477101286
0.0274080624011724
0.027305230543215323
0.027152262652913744
0.026956436476951704
0.026708534441050476
0.02640919193902999
0.02605759520747874
0.025662746954175038
0.025222446142206575
0.024746940668623655
0.02424269769554902
0.023709335911827098
0.02314476566125665
0.02254756117590748
0.021920177480950816
0.02126792693283925
0.02059206924655686
0.019896710922637274
0.0191896647771057
0.0184818378930674
0.017775113621358155
0.01707072663403388
0.01659247255579646
