-0.003681490545515957
-0.0043058690568366234
-0.004891542884732222
-0.0054525968898788925
-0.005981654015834236
-0.006474930143905243
-0.006984323072255411
-0.007481054184530437
-0.007946455923765914
-0.008379157850997196
-0.008789036712713172
-0.009214557784765107
-0.009624983505793598
-0.010015663036898149
-0.010388462419033165
-0.010730188867882713
-0.011032735015048067
-0.011300773967964825
-0.011535932197263368
-0.01174036880684283
-0.011912296863114106
-0.01205733768334546
-0.01217569250214038
-0.012266799483201555
-0.012334214802700121
-0.012369558659606079
-0.012366121896730248
-0.012340181016325976
-0.012294290037668737
-0.012231745201922847
-0.012127908602791011
-0.011942453447858775
-0.011738667519944714
-0.011527711228658623
-0.011312943208964202
-0.0110845676111628
-0.01083241406048954
-0.010583093297432716
-0.010330580108467343
-0.010064176658503819
-0.010348925053539786
-0.010457112747519504
-0.010425229154796024
-0.010376796248647584
-0.010324281723468352
-0.009877863532679372
-0.009651760563859638
-0.009417982925679547
-0.009173379842364065
-0.008917993606155781
-0.008649837452451539
-0.008371703526509176
-0.008086739625888054
-0.007795804310432204
-0.007499405082011842
-0.007191684221090902
-0.0068781428362781295
-0.006558404110141263
-0.006232158522278079
-0.005903880656134306
-0.005585506589564944
-0.005263504199195593
-0.004938921096980202
-0.004613355213266906
-0.004284010876078598
-0.003945705889881609
-0.0036063235633369385
-0.003266144029684642
-0.002925026096611125
-0.0025841751728868027
-0.002247018564060562
-0.001908966011588153
-0.001570413750898513
-0.0014952316606475164
-0.0018459990330618463
-0.0017862620712725508
-0.0017458502272429226
-0.0017069870913955709
-0.000703366079139561
0.0027666796591153714
0.0036114362559417535
0.0035628182032683823
0.0031429101540305163
0.0036312332193114633
0.0033772117436642888
0.0027033923808669675
0.0019340515557561971
0.00110675947069479
0.0002370321673705966
-0.00024322008189996738
-0.0002795925883038755
-0.00021270519460176492
-7.042854202763687e-05
0.00013540475097423033
0.0003027912775322517
0.0004782820364291047
0.0006418483707604214
0.0007847533445048187
0.0009010064501806053
0.000938073757219761
0.0009147965770077404
0.0008661276470207133
0.0007914098563915064
0.0006856293626638646
0.0005940342354375461
0.000468604562629987
0.000291862083656606
6.159310381429603e-05
-0.00021515754162095666
-0.0004279050118101204
-0.000660290978447458
-0.0009132358530997062
-0.0011796531240308974
-0.001458752405418399
-0.0018402254599479578
-0.0022607055904357797
-0.0026949110136849294
-0.003132930202557412
-0.003430945568051868
-0.0031662717626948322
-0.0035890181648593226
-0.004004971929939794
-0.0044070251022493385
-0.00478288129578396
-0.005124924893743317
-0.005452067965556404
-0.005791034113416136
-0.006130680799546579
-0.006459509980527845
-0.006771235771565758
-0.007068469558312735
-0.007342352479437272
-0.007595783248516094
-0.0078309436560586
-0.008048264733657008
-0.008238208653057109
-0.008400656652341161
-0.008535576708060705
-0.008646001058142446
-0.008730966622402544
-0.008786254440135043
-0.008812094360285372
-0.008807796488999004
-0.008778199956853463
-0.008723731423310614
-0.00864603934089795
-0.008548919302182607
-0.008433529270746781
-0.008300632125297146
-0.008153032490156477
-0.00798436747599609
-0.007797455781791395
-0.0075960518054436705
-0.007384750603613896
-0.007165468427676136
-0.006948899497741683
-0.006713750672128934
-0.00645254498050605
-0.006136451451816376
-0.005878910956847749
-0.005911178226325239
-0.005963243611820069
-0.005997295842121309
-0.006015395608057388
-0.005934627584307428
-0.005618806350273674
-0.0053111340933624405
-0.005005265145511558
-0.004696217412508447
-0.004381727238483677
-0.004062713835042217
-0.003740958159368737
-0.003417009146942984
-0.003090515550910197
-0.0027597036101405046
-0.0024223328446945276
-0.0020778943334828852
-0.001728393361614355
-0.0013731805736068416
-0.0010148652202201425
-0.0006554123197218678
-0.0002939740423423649
6.963990153293537e-05
0.00043470794410313107
0.0007939791856431393
0.0011498179041061467
0.0015022847008191458
0.001852122724448995
0.002200074640781303
0.0025513660504414863
0.002905505158663411
0.0032612663788717904
0.0036150537105627003
0.0035148468445151525
0.003171452104000038
0.0030024982755035
0.002900777324203227
0.0028458317480680897
0.004147823932877161
0.0058385327082967
0.00640921108670383
0.006811553490861731
0.006792256247744904
0.00661130399402205
0.006416076366779923
0.006194916862824762
0.005951533955547633
0.005687347379604435
0.0054393754290892205
0.005222829758407587
0.004991981127840982
0.004757682917081997
0.004529518622539241
0.004355450934772294
0.004319188313815142
0.004356235120881626
0.004427464268919727
0.004514314803516493
0.004553944883886052
0.004473235766627846
0.004318513200148893
0.0041148381832268495
0.0038755632054187496
0.0035928738187798515
0.003267690674237401
0.0029036937605865652
0.0025013720513910676
0.0020602886357553255
0.001580358124919673
0.0010273129215921915
0.00042137120096752054
-0.00021374000385122083
-0.0008740078315288361
-0.0014661915642379061
-0.0019574832758801905
-0.0023989190318544668
-0.0028120043648918623
-0.0030807480677957594
0.00036706287768185404
0.00022310088419692298
8.676710778607987e-05
-4.028821421692466e-05
-0.0001578455358961385
-0.00026451571337012306
-0.0003648108480471357
-0.00046427072075262054
-0.000562436578686186
-0.0006599787910691404
-0.0007568550548845052
-0.0008521771979651568
-0.0009453634416837859
-0.0010372424805906641
-0.0011278308467377169
-0.0012158316562322362
-0.001299932276505817
-0.0013768317047227945
-0.0014494226194465187
-0.0015146808018244575
-0.001574983563464089
-0.001630792408343177
-0.0016832415313895643
-0.0017337802883823545
-0.0017804936719360352
-0.0018244325223667336
-0.0018634366612743673
-0.0018961859824053976
-0.0019239749629891697
-0.001945800371240395
-0.0019646950892135535
-0.0019836480419441393
-0.0020022478930838616
-0.002019913492671149
-0.0020370308795142314
-0.002055703853394009
-0.0020763868550015543
-0.002074752391635969
-0.0020679839904673802
-0.002034283705759621
-0.002004790351800447
-0.002024732595963973
-0.002054537156864464
-0.002089982949950905
-0.0021291772435081562
-0.002144005158464753
-0.002094518361274584
-0.002030623364018302
-0.001957222172917273
-0.0018757305006067272
-0.0017871636474736468
-0.00169179688713799
-0.0015899361908585262
-0.0014841187905919439
-0.0013725770809993952
-0.0012580013590026437
-0.0011384483435037634
-0.0010147498252823892
-0.000888726574041118
-0.0007595458175228817
-0.0006262535223441937
-0.0004900205208441021
-0.00034981204134256584
-0.00020717398230343545
-6.225847997576714e-05
8.46802178063066e-05
0.0002333482964295426
0.00038333684205792823
0.0005352412265523806
0.0006882496680316074
0.0008421693298288687
0.0009991094550758787
0.0011581001156884888
0.0013177444158447157
0.001357950285945295
0.0013874130431765208
0.001409627626099244
0.0014262054195793876
0.0014395636158947259
0.0016090733651227833
0.0018184333316056097
0.00188249843102955
0.0019926932656029192
0.002115097497361128
0.0022393049824245867
0.0023363191832153594
0.0024043803200717202
0.002443807603207616
0.002456774318155598
0.002455062135114311
0.002471339177341479
0.0025076168380198504
0.002561185655205883
0.0026309315307987396
0.0027015791487549775
0.002750973308448253
0.0027785226657502777
0.0027834103972220908
0.0027673984393892436
0.002731787856106101
0.0026803679077701064
0.0026133594682766366
0.002531535944337715
0.0024353294014971055
0.002329060072667736
0.0022147937241391736
0.002091060527958241
0.001958230031858034
0.0018171492456286959
0.0016712497011425618
0.0015253216502838483
0.0013797050848380174
0.0012333076465222365
0.0010878668392101682
0.0009439670833895223
0.0008020562550100891
0.0006596397929827179
0.0005185942091891052
0.00042361981947383403
0.00014598848921607374
-8.78339974951397e-06
-0.00017134641606842516
-0.00034368934302525674
-0.0005215730992963349
-0.0007000381520192768
-0.0008680429781251814
-0.00102194018457354
-0.001160788595917786
-0.001286796641278048
-0.0014028617924084566
-0.0015094605655675067
-0.0016078467316953725
-0.0016968001725606477
-0.0017773808753492129
-0.0018506736873576154
-0.00191182549311827
-0.0019594052145194612
-0.0019913183315281072
-0.0020077239971540294
-0.0020097764134502935
-0.0019945038469256888
-0.0019608879634032727
-0.001907809611194736
-0.0018364648747295476
-0.0017443024064991571
-0.001632899254326639
-0.0015052275844624062
-0.001359202431878963
-0.0011905210864710746
-0.0009954988414507537
-0.0007775447526215625
-0.0005356196549669491
-0.0002712653338928813
1.1590207501734707e-05
0.00030649614158604173
0.0005984616013294472
0.0008577416149409086
0.001070367907531095
0.0012317898963312818
0.0013542775552097621
0.0013915273181158492
0.0013486593146102702
0.0012623053441094979
0.0011546652886992692
0.0010752249362443597
0.0012304802986980521
0.001519489598074496
0.0018708794445660938
0.0022509268244599546
0.002643290220965631
0.0030373552377253544
0.0034295997550430647
0.0038176011498659316
0.004199184098699872
0.0045744910947057415
0.004941556909676932
0.005298444093169913
0.005647276083757678
0.005986675985007327
0.006317600220617387
0.006636428397648306
0.006944410982419566
0.007239368879894125
0.00752396968778569
0.007795755302753651
0.008053987834942992
0.008296939977505276
0.008525837922987682
0.008740473465559508
0.008941891044093835
0.00912603103826579
0.009293792172643763
0.009446536085179756
0.009466204693652504
0.009276212492707688
0.008963031645217933
0.008602218263236781
0.008244713958927322
0.00800297159678328
0.00793149502823075
0.007878413584235138
0.00784208485004547
0.007651693733152896
0.007356337583770887
0.007047612633844581
0.006775852233824706
0.00654976399444159
0.006363887305826557
0.006206635892393658
0.006050881788488648
0.005883010854963909
0.0057015666489959645
0.005508894484671633
0.005302591765257802
0.005084117930856955
0.004854053831989779
0.004611766828263366
0.0043581924403067965
0.004097815712584155
0.0038324484860294853
0.0035655316492232557
0.003299201147530976
0.0030344519099529677
0.0027737388607390365
0.0025172520015388825
0.00226662228028833
0.002020777357597974
0.001776745490024612
0.0015335637969952388
0.0012946585647818937
0.0010637314584841908
0.0008402273188506511
0.0006243496942877875
0.00041697246321051806
0.00021684389930499604
2.2515644895759563e-05
-0.0001707925462810511
-0.0003008450939410123
0.0016174414948698468
0.001499944705246413
0.0013796544072190622
0.0012489908027043368
0.0011114923137637658
0.000969270376612443
0.0008264134220467562
0.0006862866991988663
0.0005497956066871288
0.00041765648706247333
0.00028981364182450466
0.0001737540309756133
7.35536818121137e-05
-1.0382955680563586e-05
-8.49143333633241e-05
-0.000151662702509517
-0.00021457762707885578
-0.000275674305957923
-0.0003306204475929434
-0.000378556535977254
-0.00041814372826967856
-0.00044534830450664844
-0.0004572445377500351
-0.0004529239857775106
-0.0004320275629455637
-0.00039448434717584294
-0.00033958759375124736
-0.00027039515931870037
-0.00018836580586192175
-9.08781398434364e-05
2.2772583960978594e-05
0.00015596204117390862
0.00030165741089389404
0.00045148985846735397
0.0005985292576674408
0.0007379647728640529
0.0008227969736267023
0.0007909865929775394
0.0008061945677745516
0.0008785746977764466
0.0009919527898429924
0.0011340815509360235
0.0012872665209183573
0.0014409512485896638
0.0015867578310234318
0.0017220123776886737
0.0018464870312630943
0.0019681926109555584
0.0020891045517981406
0.0022131490413213454
0.0023422256470636534
0.0024759586659171906
0.002616462431351648
0.002764822621736574
0.002923128510569231
0.0030896117677928128
0.0032659512526201605
0.003450237824658847
0.003642571449617386
0.003841842541317185
0.004049035991614472
0.0042605931088529345
0.00447627017113391
0.004693282837242134
0.00490925106986289
0.005122679078785931
0.005331557230100198
0.005533339486344107
0.005726941654589277
0.005914289690870909
0.006092280639653834
0.006261131892214777
0.006421827037601138
0.006573301205487099
0.006650491671682098
0.006587045840326659
0.006396145113014389
0.006114091176381916
0.005789135845068405
0.005518299507747697
0.005377101224524521
0.005292952672408694
0.005254246087345267
0.005176430907922965
0.005065091206293462
0.004948098756009697
0.00485240670191585
0.004787728927830989
0.004754500074187901
0.004748922801696864
0.004744348885263837
0.004728647748804895
0.004695987492075987
0.004646907295524656
0.004579641735647484
0.004490391400426153
0.004375705808875916
0.004232393918358756
0.0040578068097613645
0.003855299549289683
0.0036312795441927302
0.0033951991434111634
0.0031522042714622507
0.0029068273178413416
0.0026620952341278948
0.0024196750490322948
0.0021805740465937846
0.0019476197510305225
0.0017195238483641345
0.0014932225323356033
0.001268137589079767
0.001050887954122596
0.0008404589091839381
0.0006387833968124453
0.0004562278719108755
0.00030004739070808563
0.00016426388065958694
4.611176344462727e-05
-2.7397323976928098e-05
0.0026908202153334087
0.0025318196451408347
0.002368759510818215
0.0022036811595531314
0.0020373000497656757
0.0018691390624400424
0.0017009584794102984
0.0015333930198216993
0.0013693469612124126
0.001209595024968657
0.0010550226142484933
0.0009070804357488357
0.0007663865824504052
0.0006295816527453693
0.0004981344822196165
0.0003698477639031492
0.0002459106782630071
0.0001250729323662839
9.839039804829241e-06
-0.00010137131803977823
-0.0002065447825527879
-0.00030503479829348723
-0.00039740880678755275
-0.00048304668614606943
-0.0005605722291654106
-0.0006296751233377148
-0.0006901622945840797
-0.0007399402078888278
-0.0007787632879724946
-0.0008051047784520111
-0.0008190537968150492
-0.0008191850173377464
-0.0008045601870856696
-0.0007776028747461148
-0.0007392077882735224
-0.0006926474943285824
-0.0006387768135274976
-0.0005812775656979515
-0.0005219653826279813
-0.0004638365553936307
-0.0004068296858372383
-0.0003522973347987245
-0.0003029656676103885
-0.0002601843511466771
-0.00022731550882372498
-0.00020418539161208332
-0.00018630096487580708
-0.0001638521713197411
-0.00012569872398822507
-6.788604251498273e-05
1.0743368807284232e-05
0.00010780532585289159
0.00022258293246525245
0.00035177342100527794
0.0004941623562047054
0.0006477997721152483
0.0008098512256470856
0.00098059415815193
0.0011574810048258519
0.0013400645334929607
0.0015272346575204965
0.0017185198119928082
0.0019123828012702654
0.0021084804514546907
0.002306599265920905
0.0025042532221945853
0.0027040857158171843
0.002902024754648044
0.003099069778596511
0.0032936101687033796
0.003484720034829223
0.003674092784095053
0.003860921608922921
0.004044262311213102
0.004224693318279161
0.004396345682159983
0.004552277679281303
0.004683947965161369
0.004787463549224264
0.0048649613076117565
0.004924524080901552
0.004976473352937529
0.00502704038999637
0.005077576006140998
0.005126911261563578
0.005169288168815928
0.0052039963265750775
0.005230977621154103
0.005251502548291146
0.0052660834755658085
0.00527775148048965
0.005285855279863862
0.005288769340301954
0.005286058016758406
0.005276803252757574
0.005260362182180745
0.005235082032192153
0.00519864580612665
0.005152805569397645
0.005097009775266195
0.005030950095676068
0.004954540935158977
0.004869659611802253
0.004775001723908455
0.004671416306367131
0.004559756354383748
0.004440323397464456
0.0043143838213781415
0.004182512545409228
0.004046739171491727
0.003905958965902156
0.0037606625616328397
0.0036124614443394376
0.003460780063984879
0.003305036000746384
0.003145558296075094
0.002983806354740915
0.0028179909828835214
0.00270330390225513
0.002581999736445894
0.0025479694462342355
0.002513203456791385
0.0024772293090914513
0.0024424988493914725
0.002407149521208343
0.002373018403213716
0.002338477231887397
0.0023025544058013487
0.0022670720376108235
0.0022307698618336987
0.0021946972038933386
0.002158082814984275
0.0021216189023815814
0.002085596371865425
0.002050553743620246
0.0020143548154699822
0.001979568151529289
0.0019457264129980989
0.0019128411435768702
0.0018806053293516129
0.001849527198670645
0.001820590430290584
0.0017928365638098496
0.001767336670636912
0.0017442582015674884
0.0017230241043475088
0.0017039136520192232
0.0016874548223764728
0.001672635599742308
0.001659705627713249
0.0016490420683209798
0.0016399211515926843
0.0016339916716435223
0.0016276962324431384
0.001624191668978405
0.001616960912587114
0.0016095481102241594
0.0016071350710461386
0.001606777327985624
0.0016096931374000628
0.0016154219052301627
0.001621147127410386
0.0016292646828798836
0.0016366650152774497
0.0016451267821319827
0.0016555574868659044
0.001669566381931308
0.0016883534180289275
0.0017096079363223835
0.0017349265434990475
0.0017638770075565652
0.001794484954864847
0.0018285879837248535
0.0018648488821676548
0.001904461995216278
0.0019459600876313035
0.001990390182986683
0.002037096938368446
0.002086626371335197
0.0021370742834549753
0.0021901948792595405
0.002244471442655408
0.0022995504513910097
0.0023562466597251163
0.0024139157462161197
0.0024716787246446877
0.0025303232917231553
0.002590288751201602
0.0026498641413414607
0.0027106504200839526
0.0027707156692989214
0.002830733759868137
0.002891996413123237
0.0029477683762767722
0.002993281891504961
0.003028199438724278
0.003053188153116739
0.0030724962045521587
0.0030927757533372557
0.0031174579684963683
0.0031462682087222845
0.003176330409350364
0.0032013604501742667
0.0032171834796923104
0.0032248074984331937
0.0032301599687332492
0.0032353413805596785
0.0032438794965466543
0.003255686530631129
0.0032700486107246434
0.003284717950235023
0.0032978924560831376
0.003308766310864444
0.0033181277975467415
0.0033239090676060643
0.003326948031428911
0.003325435733075778
0.0033184458282435915
0.003307139655069003
0.003290929353568865
0.003271691175799164
0.0032479916317058174
0.0032213145338757555
0.0031923084823944183
0.003161163370133092
0.003127491953420713
0.0030921212688988847
0.0030544486170396255
0.0030160764068054434
0.00297702022785963
0.0029379939565356136
0.0028978341671487234
0.0028585236967389274
0.0028178121046512176
0.0027766110076760993
0.002736100073773126
0.002695682202861371
0.0026676668465591457
-0.0001605885383741683
-0.00012647070714845218
-0.00010057466326362152
-8.200727530563635e-05
-6.985216217484728e-05
-6.299605875283982e-05
-6.166682508875916e-05
-6.202727355656292e-05
-6.605042605801593e-05
-7.504282905604828e-05
-8.823519758963565e-05
-0.00010700014362564999
-0.00013133052424065087
-0.00016183217114303723
-0.00019791688556885912
-0.0002416211641055748
-0.00028976276032692354
-0.00034394693791825465
-0.0004025952108474788
-0.00046606386247352826
-0.0005337843234579562
-0.0006047730670770957
-0.0006793202127035161
-0.0007561848511833261
-0.000835805429878299
-0.0009190426419611847
-0.0010028525466579256
-0.001088071280574306
-0.0011745810820576036
-0.001261132170860527
-0.0013472248827438391
-0.0014342586993739848
-0.001520011498480515
-0.0016044484569138016
-0.0016873776436084867
-0.0017680745834411707
-0.0018482725880122188
-0.0019228050596263226
-0.0019931703159564917
-0.002060742173054912
-0.0021234004588604645
-0.0021825198311392607
-0.002239794498024027
-0.0022965363513842846
-0.0023507533323715284
-0.0024028754099531444
-0.002452352479048325
-0.002498540685010099
-0.0025421719626598713
-0.002586741488171104
-0.002631357514475379
-0.0026768953686676505
-0.002722408898915979
-0.0027665064922105277
-0.002810444856652893
-0.002855384940471529
-0.002899077500710371
-0.002940996946006692
-0.002983013312459028
-0.003023591040047335
-0.0030640103241998183
-0.0031029348971138085
-0.0031412078489321533
-0.0031776567384547497
-0.003213353101115282
-0.0032487994245607335
-0.0032827385957743265
-0.0033157048627956622
-0.0033471927366281826
-0.003375858915934359
-0.003398538058207745
-0.0034170970725458214
-0.003430993250732788
-0.0034390640056734868
-0.0034454860586575816
-0.0034484994936105785
-0.0034487438947265435
-0.003448600804630134
-0.0034475522512419647
-0.0034483300800053516
-0.0034490379462665294
-0.003450945284982421
-0.0034533965854700193
-0.0034546223657301654
-0.0034550727378359156
-0.003455589852560723
-0.003456308000064841
-0.0034582047401912662
-0.0034594984491554876
-0.003460424007920214
-0.003460800625213517
-0.0034605444074954357
-0.003458332243322097
-0.003455701346176527
-0.0034509984419271895
-0.0034440759082869734
-0.0034354574219338644
-0.003424184241481331
-0.003409839589770863
-0.0033914732251826775
-0.003368869099054666
-0.003342327777862567
-0.0033088214539815784
-0.003269970259559412
-0.0032250474895714745
-0.0031767569297999876
-0.0031265355075572204
-0.0030762506762087526
-0.003027053775037534
-0.0029763792300818207
-0.0029279237493574297
-0.0028791243697265305
-0.002832400338822357
-0.002786549452506279
-0.002741633914618528
-0.002698342590658099
-0.0026578870013289
-0.00262078102544538
-0.00259792327142564
0.0016997720873128998
0.0016981018376131865
0.0016885913536216473
0.0016744177951942864
0.0016538348018293341
0.0016291225748472004
0.0015996965176566318
0.0015704307007772245
0.0015402097981866184
0.0015059778026734237
0.0014699992864781073
0.0014298143086184409
0.001383685775549939
0.0013334033544109855
0.0012771017734616377
0.0012154489017496676
0.0011486735555673348
0.0010772172210719419
0.0010023492777109884
0.0009241032970788338
0.0008428880575497551
0.0007582175866161361
0.0006711522098265298
0.0005821941705042441
0.0004899906501819074
0.0003971169819828094
0.0003027946309459996
0.00020764963402145683
0.00011256058458232553
1.8092875715184425e-05
-7.609040446497357e-05
-0.00016874319251490648
-0.0002601698882168131
-0.00034992065504910365
-0.00043804892052122366
-0.0005230547174334883
-0.0006087911216231263
-0.0006878239569083086
-0.0007586208150697334
-0.0008209193080590283
-0.0008767087928339947
-0.0009271707207386734
-0.0009757497294691702
-0.0010221230753777871
-0.0010671373009039954
-0.0011101877090085954
-0.0011509107441886781
-0.0011885861944919982
-0.001223189673481413
-0.0012553560567198584
-0.0012851554646485714
-0.001312549553606642
-0.0013364920839087874
-0.0013585988353960095
-0.001377049523945741
-0.0013925221346134538
-0.0014041053892649789
-0.0014135676921914289
-0.001419072354522588
-0.0014222014835396245
-0.001421948181677777
-0.0014189212440876373
-0.0014136395820827056
-0.0014052412849313652
-0.0013953304707896525
-0.0013828563228231248
-0.0013684952370045316
-0.0013531500699487224
-0.0013359817500186793
-0.001315700051503046
-0.0012933757592332668
-0.0012671636117409155
-0.0012393780734509569
-0.0012093608629002383
-0.0011767560683909033
-0.0011442999837902607
-0.0011126812061289463
-0.0010806229589518858
-0.001050095048348703
-0.0010193796126002038
-0.000986050177765431
-0.0009522967083461604
-0.0009189960708675777
-0.0008821562945391055
-0.0008423363730709028
-0.0008009737613574122
-0.000759818189713667
-0.0007187124346186243
-0.0006781682309279271
-0.0006388882119018355
-0.000600033273525821
-0.0005604330486037259
-0.0005217304568283975
-0.00048250993076148774
-0.00044282150271651017
-0.00040261348514467917
-0.00036133662058397415
-0.00031860338788356905
-0.0002754806314855256
-0.00023176263770041664
-0.00018707201340809106
-0.0001421052864797484
-9.395009334081805e-05
-4.1585193449546376e-05
1.261709351579279e-05
6.947872349069071e-05
0.00012534196825275844
0.00017547582634859664
0.00022465933010539947
0.000269865720605041
0.00031294296497558503
0.0003524811344327804
0.0003899976519857849
0.00042478769244083133
0.00045660844720578104
0.0004862163890821287
0.0005121934027908463
0.0005337001051495048
0.0005479050522396228
-0.040893985724323324
-0.04096054491348392
-0.04102885350999368
-0.04109755722074581
-0.041166006408963174
-0.041234641952557397
-0.041302483713891794
-0.04136791131295499
-0.0414335031949821
-0.041496403026793915
-0.04155870851419626
-0.041619421786428364
-0.04167832094113595
-0.04173421095645309
-0.04179039266459266
-0.04184410008050535
-0.04189569087624272
-0.041945342841239845
-0.04199305122453733
-0.04203955103898227
-0.04208352737756747
-0.042124107287378386
-0.042163338149756736
-0.04219935986838896
-0.042232522271838026
-0.04226413565589231
-0.04229267957286693
-0.042318516947291454
-0.042342272415637955
-0.042362134121177154
-0.042379948765854956
-0.04239541975844496
-0.042407249715538754
-0.04241718822204479
-0.04242509408098377
-0.0424306099869916
-0.042434805027295984
-0.04243911219343495
-0.042444115449231094
-0.04244676105410938
-0.04244789963567302
-0.042445716475963215
-0.04244379485444897
-0.042440328230278476
-0.04243666871227725
-0.042433702587483274
-0.042430624718391104
-0.0424268168527942
-0.04242215102741664
-0.04241465586001667
-0.04240389537502344
-0.042389371190369535
-0.04237254085166336
-0.04235141483864122
-0.042326688469575574
-0.04229871281428133
-0.04226745155330297
-0.0422327644441067
-0.04219466964420661
-0.04215450303551117
-0.04211166844920459
-0.04206677383761823
-0.042019854781092
-0.04197143392561286
-0.04192209627797622
-0.04187091652158109
-0.04181902635418165
-0.04176617645464325
-0.04171236444141536
-0.04165911871171281
-0.041604925672118556
-0.04155090910261088
-0.04149703306322221
-0.041442793905681376
-0.041389862865970385
-0.04133667509363304
-0.041285131523441154
-0.04123547123340669
-0.04118796578886507
-0.04114378485114652
-0.04110237082655131
-0.04106408573844939
-0.04102804247454336
-0.040995711144790885
-0.04096655723860359
-0.040940285737452
-0.040916850613395575
-0.040895133441958734
-0.04087687317794156
-0.040859798422297255
-0.04084569278127336
-0.04083189803837474
-0.040820948801102735
-0.04081126962802914
-0.0408036696100567
-0.04079811611226098
-0.040793670977965296
-0.04079266175751951
-0.04079409949725269
-0.04079871781614847
-0.0408064288494042
-0.04081622768879175
-0.04083015502306683
-0.040847263964961
-0.040869501739086246
-0.04089450091485731
-0.04092373294797981
-0.04095649203336216
-0.0409927647257606
-0.041032959938472
-0.04107601449583456
-0.04112228742661563
-0.0411706958221596
-0.041223330674240964
-0.04127780264088278
-0.041335278843713366
-0.04139479413010494
-0.04145512359052073
-0.041497662699408015
0.03898634795727989
0.038919422849822055
0.03884719772656588
0.03877078486062342
0.038690019308200894
0.0386050838062796
0.03851727753196828
0.038425530904039655
0.03833091804322298
0.03823410309223424
0.038134732209878994
0.038033283911452456
0.0379297671949978
0.03782429251672558
0.037718010547517285
0.03760970984617096
0.03750112910151726
0.03739175446214772
0.03728220295223832
0.03717296809110735
0.03706366169990244
0.03695599015017207
0.036849262091995454
0.03674224554937216
0.03663756217726068
0.03653331540120206
0.03643102892771831
0.03633070605567163
0.036233080042600105
0.036138128341981664
0.036046371955186486
0.03595903897848913
0.035875205706348674
0.035796084649359475
0.03572143930721254
0.035650317545742
0.035584194503583015
0.035520303224984597
0.03545817605970446
0.035399280768826875
0.03534539331200147
0.035295916735541395
0.035251575081102694
0.035211567157564086
0.03517578129518344
0.03514449204831373
0.03511801800985253
0.03509716864882255
0.035083062792342676
0.035077153218307205
0.03507892252787198
0.03508825682145874
0.03510515269331812
0.035129968890754135
0.03516179472992317
0.035201839147846796
0.03524715366882739
0.035299033096306
0.03535557335078337
0.03541815320422492
0.03548449309906987
0.03555425982876689
0.03562829443170343
0.03570470771044041
0.035784118403295595
0.03586585485965617
0.03594938616117449
0.03603458420014012
0.03612047417404999
0.03620786965240532
0.03629590486855257
0.036384221503757086
0.03647282106292533
0.03656183100808323
0.03665135052336803
0.0367399623011202
0.036828930559100345
0.03691795184934071
0.03700620297965749
0.03709384820978735
0.03718126769657348
0.037266789067791115
0.03735171756422396
0.03743480939830474
0.037517895517964236
0.03759871273611368
0.0376777866523452
0.03775672347412188
0.03783284604627484
0.037908311392693544
0.037983518236944264
0.03805632121099487
0.03812843183612963
0.03819933826474089
0.038268638318975194
0.038335763056892146
0.03840038130649973
0.03846308656202878
0.03852264756073869
0.038578516851562765
0.038630628181343815
0.038677951286719886
0.03872030410975033
0.03875566029164464
0.038785791792376706
0.038809361269216455
0.03882565468800461
0.03883637968120624
0.03884034914330676
0.038837963201237787
0.038829011827163785
0.0388133933208618
0.038792008400018355
0.03876376188220579
0.03872911024820671
0.038688868976741404
0.038642020542361336
0.038589526016582415
0.03855035093714846
0.054595996161660984
0.05454258704175034
0.054486358739852886
0.05442721771555151
0.054365939926341374
0.0543017460066522
0.054235175701403515
0.05416919579976143
0.05410167215446181
0.05403257002775726
0.05396262070271768
0.053890934402983516
0.05381798276833064
0.05374424455479325
0.05366848593274431
0.053592409627747285
0.05351414800218694
0.053435757632987545
0.05335627877106371
0.05327641932777881
0.05319712354669098
0.05311700157113832
0.05303904059081038
0.05296144879793551
0.05288436337389961
0.052808155184559495
0.05273411512067539
0.05266028152618774
0.05258847568810781
0.052518203723534065
0.05245032479142735
0.052385009870275535
0.0523216953613709
0.05225975070986792
0.05220019045694428
0.05214344573272231
0.05208900280906208
0.05203576750978579
0.05198188154178205
0.051930966751963445
0.05188386104587651
0.05184132518851347
0.05180268044259912
0.05176696043995635
0.051733032560088654
0.051699595685726754
0.05166884623566732
0.05164046302873803
0.05161729874361801
0.05160014212099126
0.05159071342173656
0.051588795812511364
0.051594928893853205
0.0516079135908818
0.05162911021796955
0.05165781634923324
0.05169441182723506
0.05173641524609317
0.05178489326305008
0.05183929754986926
0.05189882896337345
0.05196334575884068
0.05203147240147495
0.05210297667756732
0.05217884048771275
0.05225715659681393
0.052338695204609126
0.05242145128863077
0.05250765968680151
0.05259444677776894
0.052683215122336154
0.052772809729167786
0.05286433506994693
0.05295565443030842
0.05304759113922581
0.05313946661904788
0.05322943475354659
0.053320082161679785
0.05340696174443298
0.053491280636468456
0.053573310884149
0.05365142274215513
0.05372773113382793
0.05379914200472908
0.05386815710434951
0.05393461150818495
0.05399729360616322
0.05405772521547542
0.05411571298307084
0.054172130939056436
0.0542260529817119
0.054278223204777605
0.0543283144781196
0.054377579003062226
0.0544243570589891
0.05446793330809446
0.05451089494639258
0.05455045088971431
0.05458775379122686
0.054622600033193996
0.05465341712307723
0.054681700118696705
0.05470509919945549
0.05472408817610722
0.05473950407700966
0.054749195310956664
0.05475404500057709
0.054754735663487354
0.05475003813835179
0.05474059742574434
0.054726696258479875
0.05470789879266606
0.05468481029989768
0.054657231995094875
0.05462440131300995
0.05458747199305139
0.05454737300340719
0.05450232902443013
0.05446865962648012
-0.047820516184181684
-0.047839907678280245
-0.04785922374596406
-0.04787798795344761
-0.04789675058438181
-0.047914687038583266
-0.047931984130032516
-0.04794964795323592
-0.0479649400013343
-0.04798055269361086
-0.04799502191586377
-0.048008820544722906
-0.04802343373710587
-0.048036635486724204
-0.04805053989439082
-0.04806345581222591
-0.048076884269499
-0.048090471858336085
-0.04810387385040187
-0.04811708522261537
-0.04813028049773908
-0.048144285620134494
-0.048157537629374095
-0.048170547014833816
-0.048184587759512995
-0.048198447255980256
-0.048212537250528764
-0.04822658595575358
-0.048239765906104085
-0.04825357374586536
-0.0482674298211884
-0.04828080979233189
-0.048294776510988915
-0.04830779474827931
-0.04832152769079793
-0.048336530918855654
-0.04835091018556411
-0.04836662247963288
-0.048383003620276435
-0.048400041562234916
-0.04841515342925723
-0.04842850397952026
-0.048439981042786316
-0.04844953591768779
-0.04846001164989833
-0.04846964959369636
-0.048480465518847535
-0.048489150617655206
-0.04849786166266948
-0.048504716846056735
-0.048509841549930655
-0.04851252790880778
-0.048511293761822
-0.048509486396799285
-0.04850392502971579
-0.048496546523400984
-0.04848655861321255
-0.04847539173594679
-0.04846171720450313
-0.048445811857631124
-0.048428438406301226
-0.048410556340554835
-0.04839141989656416
-0.04836999567736703
-0.04834994643031013
-0.04832715457845759
-0.04830462482041063
-0.04828147623173653
-0.04825712215253319
-0.04823317186204462
-0.04820840559468723
-0.04818352403070334
-0.048158981854236796
-0.0481339756802265
-0.048108073170028985
-0.04808316368614608
-0.048057359087274
-0.04803238312045279
-0.04800811097269587
-0.04798432793681912
-0.04796136186337194
-0.04793926577527284
-0.047917657828801814
-0.04789796196813771
-0.047880101973119024
-0.047862027405477806
-0.04784554099318394
-0.04782978755175676
-0.047815544444487705
-0.047802447471646775
-0.047790596517616406
-0.047779266149719425
-0.04776993876814291
-0.047761092816324235
-0.04775395474062798
-0.04774841012491081
-0.047744536618369054
-0.04774217666061082
-0.047741248348916056
-0.04774265881091205
-0.04774552741205572
-0.04775094165149876
-0.04775750086261555
-0.04776625261462819
-0.04777797025799415
-0.047790977284746766
-0.04780503143651877
-0.047820815234592695
-0.04783778110368289
-0.04785501823545564
-0.04787331117608352
-0.047890521416537574
-0.04790988622226562
-0.04792874628192203
-0.047948230641089315
-0.04796725615791278
-0.04798584877018602
-0.048006113387819294
-0.048018194479277465
-0.000846797950711514
-0.0009371698981754951
-0.0010236620381595654
-0.0011031334469098777
-0.0011777755374129592
-0.0012504042396925352
-0.0013195001749237295
-0.0013847802899993988
-0.0014483552007612378
-0.0015099340686428916
-0.0015710060099150256
-0.0016333025594676847
-0.0017008403924236469
-0.0017723143614147153
-0.0018456937742289807
-0.001919630377544496
-0.001992467289193278
-0.002063201637576835
-0.002130423222314944
-0.0021933437545017826
-0.0022520313900353207
-0.0023033502109912453
-0.0023474738038344236
-0.0023849172109364305
-0.0024133860065996006
-0.00242976693462991
-0.002439982490199111
-0.0024434888600667042
-0.002442262312440952
-0.0024347705804520945
-0.00242385032516305
-0.0024086729135027306
-0.002391918772968249
-0.002372262094421592
-0.0023494898307348574
-0.002323096181482978
-0.0022949777688099806
-0.0022639890566374964
-0.002224828066863661
-0.002181859293447998
-0.002132202730088361
-0.002071870116394509
-0.002005936023222372
-0.001936941441196366
-0.0018730252472780686
-0.0018140900565458836
-0.0017606761636194319
-0.0017100684178283734
-0.0016584926846259032
-0.0016011943162583622
-0.001538946502407834
-0.001471723156271539
-0.001398140282212647
-0.0013190775678332816
-0.0012339163852476743
-0.0011427202778986462
-0.0010440004711218616
-0.0009404325211973498
-0.0008316125992724955
-0.0007177820070807564
-0.000600990459660236
-0.0004806790428661231
-0.000358886225627747
-0.00023549010628787182
-0.00011204068743468385
1.0343246787811726e-05
0.0001322436158989878
0.00025272497213832444
0.0003707167274584644
0.0004867831925980884
0.0005999300544813067
0.0007113281494880552
0.0008198557062665523
0.000926285840710083
0.0010281988472385201
0.0011217492255154926
0.0011984662985014436
0.00124966992808164
0.0012740231176811996
0.001276244859080862
0.001264066661635995
0.001246884635930877
0.0012259993653549845
0.0012081595198395463
0.001241061722249275
0.001282622647213563
0.0012769204713317087
0.0012213920421532242
0.0011392482152303232
0.001055575767187005
0.0009830524709321272
0.000927096117839072
0.0008841345863271104
0.00084627177521314
0.0008042180337231561
0.0007567920303791115
0.0007034433414365806
0.0006438743952903827
0.0005735364439432533
0.0004869300442645512
0.00038253219379009935
0.00026286386114046943
0.00013269836716573493
-8.639152957213664e-06
-0.00016036154856491653
-0.0003122370391477764
-0.0004651492655019427
-0.0006172176958554574
-0.0007654752654778665
-0.0009114627462418793
-0.0010527210551378352
-0.0011902001416498771
-0.0013257738352935905
-0.0014585191694295944
-0.0015892769124428174
-0.0017178735892481227
-0.0018448354825143299
-0.001970858708573168
-0.002054954783195284
