-0.030499355459611775
-0.02844069735558832
-0.026990252087844224
-0.02573122009859905
-0.02462495974677847
-0.02357910414940301
-0.02261543232987185
-0.021779597159080656
-0.020962932727031123
-0.02014824282733663
-0.019333680424394026
-0.018733069890183432
-0.018114849568050647
-0.01745012034472588
-0.016739404457347083
-0.016045944675768305
-0.01545735005515034
-0.01481469350895789
-0.014118052671363355
-0.013372398024645045
-0.012637786174456614
-0.012003063609321222
-0.011409410841863343
-0.010878164975415756
-0.010414824509440377
-0.010033520241005936
-0.009666480591012033
-0.009377889868616237
-0.009189365426379496
-0.009092910354715515
-0.008511271375378007
-0.007238197428613556
-0.005983192134987831
-0.004800450394192877
-0.0037009035148844725
-0.0024968035896787894
-0.001099515076018649
0.0002148944075886463
0.0015345376563530245
0.0029306411515551273
0.0025375078438778014
0.0028154684261639186
0.0005691958518004636
0.00011229578390482863
-0.0002815621053450527
0.001209168877751181
0.001532570757296889
0.0018426941008704172
0.00215720820479814
0.0024683971074541
0.0028688748941898034
0.0032820197005695184
0.003685869088169471
0.004071765706116523
0.004438416761838291
0.004729654640768009
0.005011763930503143
0.005289954510219644
0.005557661970246421
0.0058312361682012264
0.006155465976004978
0.006476326727617152
0.006810872862208566
0.007140761851981137
0.0074672098534335676
0.0077533901036078365
0.008022635849210681
0.008281707753918427
0.008526296506209145
0.008747304707013424
0.008924327274216399
0.009060687816690392
0.009180057917340546
0.007953984967883835
0.004612346126155911
0.003295712103784018
0.0018516117109959127
0.010236181265193151
0.015547693110650431
0.029015099472395087
0.03103690894518164
0.023119944147222276
0.031279222266484934
0.01585521262249159
0.008493156265527012
-0.001263636459342263
-0.011641774520797357
-0.022434968732775725
-0.03356117406705118
-0.041376562790876904
-0.04573935314977511
-0.04905102802207629
-0.05147725754726804
-0.05310917858736034
-0.054979470901841646
-0.05674236146999037
-0.05831014922364743
-0.0596849894694793
-0.06085105930062025
-0.0621496699298564
-0.06326116752268895
-0.06399210609695695
-0.0643077349259093
-0.064204565439665
-0.06411960311203743
-0.06375273805555311
-0.06313144147770446
-0.06224818840037243
-0.06107577021717861
-0.059196586700515134
-0.05709342491962874
-0.05477583708989305
-0.05220996010513484
-0.049371970665028755
-0.04653301342327245
-0.04343783042116314
-0.04000399909529253
-0.03620048969078064
-0.03339987357959891
-0.024483884552653146
-0.02132316644714449
-0.018459605716452797
-0.015958524608047742
-0.013758936283989798
-0.011790932378005539
-0.00990808270306678
-0.008080730676447205
-0.006331262200598579
-0.0046221208215835
-0.0029480732222281095
-0.0011936907634687998
0.0007295702807948753
0.0027505955430020797
0.004838086592410881
0.0069559036977924656
0.009140954202373786
0.011381691459448591
0.013669500755087589
0.01598039235271869
0.018308029267755616
0.0205759149650634
0.022760114582281943
0.024844936512730665
0.026789404450727788
0.028612409497506618
0.030262934111597705
0.031760537903103105
0.033141242725328826
0.03440622391016026
0.03554520227035299
0.03662097567255191
0.03766332315946373
0.03868091885293802
0.039682042042127226
0.04067669368372204
0.04175853838086391
0.04297736850779407
0.04420777264916699
0.04587640166389769
0.04747344182872392
0.04819446314674453
0.04791885932779727
0.046474116721040556
0.04502893246725028
0.044118740670698486
0.044439296154106495
0.044767723971603765
0.04511823810859505
0.04551204315822113
0.04590769033289498
0.04625833042636277
0.04657753191438623
0.04687012030703648
0.04713652588105601
0.047413541559955655
0.04770960002502327
0.048020865131105504
0.04835212913085286
0.048697144916438714
0.04904902876522087
0.04941860833235503
0.049807815646981335
0.050206869740971306
0.05060740779099982
0.05100711917399589
0.051399312829261364
0.05177044271742815
0.05212654780086472
0.05247290571218588
0.05277318494567073
0.053012762890523764
0.053211864770073725
0.05336423867471164
0.05121653251152317
0.04783927076388611
0.04529829673121995
0.04604652760874185
0.05114982671248356
0.06041378109097802
0.06971993391118966
0.06836511056740026
0.06503071740876067
0.06463686757008308
0.060414191797697074
0.05398359268381294
0.04757718357982111
0.04130964867226774
0.035037314105990154
0.028825884232588004
0.022369608824265034
0.015322011641039603
0.008039953877868444
0.0007845636149336683
-0.006840357756008944
-0.01494561767468921
-0.022585911830043444
-0.029683013306905787
-0.03640076451233819
-0.042237129806776935
-0.046455796597775885
-0.04952927429631451
-0.051743284524946545
-0.05326022527330725
-0.05410606350395227
-0.054267873605052454
-0.05391192766354115
-0.05315506292493581
-0.05205067691258729
-0.05052497042485599
-0.0485642337529054
-0.04615969281677188
-0.04334770018779877
-0.040200474749473
-0.03713653692529745
-0.03426753589168494
-0.03134073968751615
-0.028266604586975944
-0.026080242524828955
-0.01092860658684588
-0.010651483766034397
-0.010387170352210037
-0.01013319479259351
-0.009909556162473528
-0.009703396666222466
-0.00950121449113969
-0.009278005067296941
-0.00905607998599453
-0.00880900032065229
-0.008548552429770784
-0.008257580950593755
-0.007907813126223044
-0.007496655160587228
-0.0070185326719112645
-0.006478511942065271
-0.005924485397760958
-0.005362406045890113
-0.004786268184909563
-0.0041950339443571774
-0.003593406436576034
-0.0030333626191558463
-0.002522717408590519
-0.0020545984717204474
-0.0016295510707448582
-0.0012427145047120417
-0.0008713345049805109
-0.000517374273779856
-0.00017944968505218743
0.00013401644296472267
0.00042997654144374004
0.0007273666481654131
0.0010485910706501632
0.0013804436530820293
0.001733561693371776
0.0021051161074484297
0.002554066524753202
0.0028303155092859514
0.0030346255470278627
0.0034927150555364842
0.003980961107304343
0.004317101473720994
0.004397147423309488
0.004160128836541581
0.0038249108819031537
0.0035602338406116574
0.0035689696675146165
0.0036119982018211192
0.00367076762319006
0.0037449097079157207
0.003832479485800016
0.00393596335976062
0.004051702569808513
0.004179089187046754
0.004327817329459019
0.0044898378667663965
0.004671006785398012
0.004872983296440101
0.005089414372221531
0.005322677581665176
0.005560654785625934
0.005791076815075982
0.006024211024567429
0.00625853303059957
0.006480063856638677
0.006702494400342318
0.0069434569714435295
0.00718763031213842
0.007445049113741244
0.007704167796507344
0.007962927472774415
0.008217851060966579
0.00846002096199753
0.00868611153418255
0.008318605853838727
0.007866441926258615
0.007380305648883642
0.007422690496410662
0.007959137816108299
0.009103834736675954
0.010389853208136476
0.010049011238345416
0.010101627207766096
0.009953292728273324
0.00982375023066783
0.009433807377044684
0.00875858714813049
0.00777872646521731
0.006514951774892715
0.005088472185799444
0.0038987160586207432
0.0029956243284419586
0.002399763846506032
0.002101965219771891
0.0019693810748385382
0.0016784507565038064
0.0012353491427879908
0.0006459335119567999
-9.48662640561514e-05
-0.0009450155956390393
-0.0018755840909087569
-0.002891564451184866
-0.003991419411954813
-0.005192080794525708
-0.0063727640067732325
-0.007412954203043123
-0.008308528314377474
-0.009086071641516896
-0.009715888270819857
-0.010229244890795264
-0.010644963950679548
-0.010974663917049076
-0.011209176793509513
-0.011351662312280972
-0.011417598162854379
-0.01143775753198903
-0.011384094030343144
-0.011273843720557177
-0.01116442012829087
0.01510027004352422
0.017181449056786324
0.01923054121351644
0.021265903041712896
0.023300188250459763
0.02529354979389325
0.027260046357053862
0.029162476441440478
0.03097066468691789
0.03267270928747838
0.03426343789295964
0.03566428146263982
0.03684663792141437
0.03780526494040781
0.03857921315557705
0.03921561546009932
0.03975291060604338
0.040205340767235136
0.0405343329732652
0.0407285343577719
0.04075178705132208
0.040613471309132954
0.04029406346004239
0.0398113271785154
0.03915440337677014
0.03833918861250365
0.037356055560832456
0.03615224149685262
0.0347355708340122
0.03310047176835203
0.031197017290374215
0.029110271329850692
0.026934947991206066
0.024720781554121368
0.022538805916908246
0.020408607350151153
0.018353707358928897
0.016697263742714904
0.015419820036656227
0.014539203906037646
0.014096901893047296
0.013867959360939298
0.01341097048290763
0.01197143261308224
0.01006263703919495
0.0081858326012451
0.007492354713449709
0.007505043457590542
0.007879934615635773
0.008451393557052886
0.009145230155395569
0.009877613459126968
0.010625500597732932
0.01137058522966226
0.012110717413381291
0.012837476686946346
0.01354183693961914
0.014204007145066356
0.014827121743302621
0.015406246720731475
0.01593142555587799
0.016389096878685356
0.01677899293766981
0.017115323080703067
0.017400477466644495
0.0176397876568354
0.01780037690203491
0.01789281569905467
0.01791621930040131
0.017885339630517673
0.017796194948852543
0.017648179526157683
0.017423315746925343
0.017136292823035804
0.01620269518742226
0.014230186579710966
0.011632245182149135
0.009076595573952507
0.007521827854674561
0.00718999242352332
0.007829264542201477
0.007767486613939274
0.00656321814767056
0.006526434497241507
0.007008597164930293
0.007044133834519235
0.006331581460078111
0.004932236672676407
0.0030366108141924105
0.0008028480433389768
-0.001490600527795081
-0.0036356536695372494
-0.005569893650831642
-0.007248771437065605
-0.008643140056485154
-0.00971812553539269
-0.010481084193141263
-0.01094108893870143
-0.011102904521065686
-0.010983714580541069
-0.010641378456783387
-0.010099469537660942
-0.009366877713118867
-0.00845248379099017
-0.007382538123216561
-0.006176705052475073
-0.004854639055521983
-0.0034218969458774144
-0.001842723995227091
-0.0001151582235474825
0.0017501209793994023
0.0037191722571683974
0.0057858929142262285
0.007934598365808322
0.010144038495517326
0.012395635346780919
0.0146787241174401
0.01697922876286982
0.01854702060171318
-0.016286233207797728
-0.014019334584842677
-0.011841749846609967
-0.00966864573500162
-0.007496805952952184
-0.0053425876594650696
-0.0032553797013483796
-0.0012910187282146903
0.0005125837201600308
0.0021444746743046832
0.0036078410776699123
0.0049109657838102986
0.006022673483309383
0.0069313448434395125
0.007645855253038253
0.008156175512007166
0.008505634420017177
0.008676065320613902
0.008645488537530497
0.00838673389782458
0.007907801878628884
0.007194200465826264
0.006275955951256926
0.005141126678413284
0.0037952280358995345
0.0022454952216051155
0.0005033128651201174
-0.00144814913241402
-0.003641961664317574
-0.006052327639217962
-0.008703176520156232
-0.011765050113296418
-0.015346494130556294
-0.01940509859344919
-0.023856902834684814
-0.028560587097413756
-0.03281653916750427
-0.03470095100042461
-0.03578701846400361
-0.03672745516765583
-0.037635122590591596
-0.03853656948759857
-0.039452086774469985
-0.04041217598367477
-0.04145380905058728
-0.04257873344327114
-0.043750237244198145
-0.0449096213359306
-0.046019652705081356
-0.04704834911466294
-0.047971379598058916
-0.04877750378950138
-0.0494793307276726
-0.05007819328911826
-0.050585312123600325
-0.05101518775604577
-0.05136592290520559
-0.05166777837676766
-0.05192348195510208
-0.05214827203807761
-0.052344452933609724
-0.052511953849687903
-0.052653680898360325
-0.05278140889203771
-0.05288264038655579
-0.05296997710827214
-0.05303833724679168
-0.05308770008211684
-0.05312773167532928
-0.05315155421627238
-0.05317020053679263
-0.05315982400245517
-0.05314715838200973
-0.05311149497455631
-0.053385876349571634
-0.05432366685951418
-0.05591254776008563
-0.05780184878972639
-0.0592898381810618
-0.05999053424734507
-0.059836481517436174
-0.05990376937574994
-0.06076383820754021
-0.06124671218508831
-0.061186605555599
-0.060620284340098037
-0.05972359347668287
-0.058745563500766415
-0.05795560718467256
-0.05756373083133763
-0.057568360105796204
-0.0578772027741624
-0.05839876432994542
-0.059033316289673766
-0.05966930863715054
-0.06020056560937424
-0.060489876376505755
-0.06042671567242042
-0.059935110632977406
-0.058989219512419894
-0.057624791653946884
-0.05591477974184885
-0.05390371525641524
-0.051664596100770455
-0.04922722375288808
-0.04657308206992658
-0.043741413665851936
-0.04078981810409174
-0.03772660321078426
-0.034563159077438815
-0.031336197515065764
-0.028084666669278655
-0.02482732801685286
-0.02157065381425743
-0.01834147138712244
-0.015180595748683875
-0.012102747864606144
-0.009107078910427654
-0.007128876838796388
0.009267269174076798
0.009949750946027127
0.01065129902450951
0.01138816035461721
0.012143772347239635
0.012908879675714606
0.013680097966880418
0.01447490924583039
0.015272984522040017
0.016076815035534032
0.016887604546300027
0.01770219418304098
0.018510673954642096
0.019299158003497602
0.020070407581302865
0.020800754483166532
0.02150296843798283
0.022161498055798007
0.022784464607440772
0.02334863721541677
0.023868329621896524
0.024329404218161637
0.02474224211847755
0.025088638681515618
0.025374715922517884
0.02560315222654404
0.025768232593577217
0.025872040653776445
0.02590249610987319
0.025848009344323915
0.025711279134008336
0.025477134354554735
0.025143408675856453
0.024704111806238414
0.02417441696852025
0.023573711971806924
0.022896041294684193
0.022193402853728693
0.021476388923271673
0.020783194668583083
0.02011894649926438
0.01950086391493037
0.01893131578588235
0.018398423718504347
0.017848596251991825
0.017263536375115365
0.01663338145026654
0.01602653546115779
0.01548162190074042
0.015022160047443046
0.014648927656780457
0.014362475527462172
0.014137985653044449
0.013985177723379741
0.013869552369077361
0.013780013594165802
0.013726136119987046
0.013693841798896803
0.013667819012707146
0.013675379781209317
0.013680781510696741
0.013705395281742618
0.013738659713954063
0.013777859264763102
0.01382474027469945
0.013873982658000205
0.013933109585611876
0.013993112214799331
0.014048446571902847
0.014104487768778925
0.01415202608012664
0.014192846657957737
0.014214540722738447
0.01422339653318973
0.014201922274947858
0.01412966421709541
0.013961197646700022
0.013660865790557683
0.013246137183796068
0.012752754681766907
0.012252292066969102
0.011808677479394252
0.01140771132324552
0.01102416881030984
0.010636368541021552
0.010262214102214128
0.009877082723770894
0.009485359866428534
0.009064683536028862
0.00860456090461851
0.008090387995276607
0.007530780159534831
0.006931877101335023
0.006300663370703081
0.005663310959651304
0.005029825844583715
0.004432719866305815
0.0038823413031357345
0.0033846400285594772
0.002958316160715719
0.002611586255186384
0.0023396625949257312
0.0021484453436782713
0.0020424733637744203
0.002011957255180864
0.0020669889680224006
0.0021997963869497825
0.0023979565707336107
0.002662488676463756
0.0029975452431949797
0.003387099462917482
0.0038373652236535173
0.004332540340313958
0.004869321531017738
0.005450548599837784
0.00606580731109595
0.006722719913972432
0.007422579997795346
0.007915826067308077
-0.01829811515833492
-0.018358980776457694
-0.018414394220107422
-0.01847100962019587
-0.018536271444637976
-0.01859636303386017
-0.018653988707348617
-0.018725346398848756
-0.018788653104524614
-0.018854142121230946
-0.01891516822860615
-0.018986568142886327
-0.01905562764153052
-0.01911072151499354
-0.019179748494498623
-0.019244536357422324
-0.01930689290231082
-0.019368025253778825
-0.019434429303297206
-0.019504336230269866
-0.019572674315502626
-0.019657199190722886
-0.019742415076607726
-0.019835272446678535
-0.019937423823975675
-0.020045960655528005
-0.020166590689578965
-0.02029373040889571
-0.020440538730996605
-0.020598840146136166
-0.02077624651644683
-0.02097146417508458
-0.021178223132886396
-0.021394530233714987
-0.021618563736957724
-0.021846110043836846
-0.02203888862567504
-0.02216643776301194
-0.022321715190690285
-0.022488685595088848
-0.022645730423972325
-0.022803328473935718
-0.022952132717179823
-0.02310120803566082
-0.023250841348375458
-0.02339927888713046
-0.02354588183892644
-0.023678760130336953
-0.023789889379257134
-0.02388383472768159
-0.02396202287791387
-0.024020962335495204
-0.024060126497169893
-0.02407821861052177
-0.024081543551886908
-0.02406564444641639
-0.024023854101662544
-0.023970193988910645
-0.023896337087156407
-0.023813823013448282
-0.023713445966981224
-0.023600087211289127
-0.023484877689685883
-0.023359882029300928
-0.023218918483807315
-0.02308018389314012
-0.022928547039617008
-0.022776475332139258
-0.02262331730252451
-0.022465887980799078
-0.022303388411058323
-0.02214458767110314
-0.021988024923015874
-0.02182909050489055
-0.021689045124741197
-0.021604970392213128
-0.021573977535014957
-0.021585047087603983
-0.02156996359622236
-0.021506093006014165
-0.02138335391419505
-0.021227375611089203
-0.02111773854225594
-0.02098355439434849
-0.02078208006070406
-0.02051595264850179
-0.02023877982757196
-0.019973011191057734
-0.019759867782256083
-0.01957708755895502
-0.019450724468919853
-0.019357849785372395
-0.01930696289832968
-0.019292777881421776
-0.019304957890901607
-0.019344156130781675
-0.01938887214186802
-0.01943068481692902
-0.01947546433099061
-0.019500454305471076
-0.01952713296932351
-0.019547816997957313
-0.019565698825890744
-0.019569343860467797
-0.019581989686022323
-0.019589406741169227
-0.019592809533281692
-0.019591256997248847
-0.019604413624735275
-0.019613020749244574
-0.019615262603163687
-0.01962499682818183
-0.019628752489633385
-0.01963190869862681
-0.019630215142837786
-0.019629376698601316
-0.01963081908149557
-0.01962433727543703
-0.019612736211320307
-0.00853157023182462
-0.008136609704279998
-0.007777780546201938
-0.007470248964875695
-0.007226844206908891
-0.007046791444588516
-0.006921225671842721
-0.006843624820818464
-0.0067988937573272784
-0.006781965918984443
-0.006811528494540989
-0.006870358741288682
-0.0069724400513753015
-0.007100432924900724
-0.007265115883460588
-0.007462540540279173
-0.007688452164518147
-0.007932087451756567
-0.00820736380791162
-0.00849679770222721
-0.008802600589088562
-0.009128882303017345
-0.009458972911890937
-0.009793307864605505
-0.010139322300749036
-0.010496627334560804
-0.010853881430862761
-0.011221590812102085
-0.01159433092543321
-0.01198254189473964
-0.012367352028419834
-0.01275790271802648
-0.013158185211536617
-0.013548318190202208
-0.013951746171504098
-0.014338827507930214
-0.014715821348454148
-0.015042368251148108
-0.015354524834237951
-0.01563710459391549
-0.015879342619861847
-0.016081315345865026
-0.016248946683811924
-0.016388594754756198
-0.016510975888219787
-0.016614993019537398
-0.016684134391136925
-0.016730860834285412
-0.016749878454172785
-0.016744921233037925
-0.016703608115494872
-0.016643723355430913
-0.016559832319457582
-0.016452662660141337
-0.01632574845232533
-0.016171201022954
-0.016003926947766194
-0.015816743495105066
-0.015616604644429932
-0.01539892961823379
-0.015166786281802305
-0.014912550022208895
-0.014652533293183478
-0.014375925037063263
-0.0140875260629171
-0.013787978393076989
-0.013477056328953647
-0.013162271080307587
-0.012831836685883957
-0.012497447692039683
-0.012158280815016086
-0.011818872782874865
-0.011472161310819401
-0.011119052104144954
-0.010773325194000703
-0.010425320301093258
-0.01008261394208231
-0.009760392360845315
-0.009451462993389509
-0.009167951595522028
-0.008886400543460416
-0.008624222423337937
-0.00838519914003844
-0.00816681448453474
-0.007973997439947434
-0.007827666959661552
-0.0076966871355577254
-0.00760210413197058
-0.007546966998348043
-0.007508369979172514
-0.007503283527091997
-0.007508445927528996
-0.007529514469475631
-0.007567041344064709
-0.0076328011979609
-0.00769130958460038
-0.007734763730164915
-0.007765408276511916
-0.007768117234627523
-0.007711495609835754
-0.007610551601024224
-0.007473971693320692
-0.007271372358896673
-0.007017141946594907
-0.006711947881420875
-0.006364669148869776
-0.005979157533955876
-0.0055583193979000306
-0.005108835767404237
-0.004624991415228879
-0.004128090275884751
-0.003611333457344348
-0.003098586271567939
-0.002572233420685472
-0.0020581391026848845
-0.0015396319455506632
-0.0010136010094950769
-0.0004997368996344208
-0.00016194083919817778
0.035950644521819654
0.036646193043128786
0.03734085461874319
0.038017672869059826
0.03868371555917639
0.039316009321534055
0.03992200006065327
0.04049300315089617
0.04102370759169005
0.041508161402988006
0.041944543060238815
0.04234344815457302
0.04270775700068063
0.0430432362833614
0.04333907377264299
0.043596244943014714
0.0438121411339141
0.043993512893186
0.04412745854711615
0.04423397542372177
0.04428517770549914
0.044302132464403184
0.044264771315186816
0.044172841719404936
0.044036694376685184
0.04384227594837496
0.04360480373164085
0.043306257437864155
0.04296844834894241
0.04257215175593256
0.042125369242889295
0.04163138077321395
0.04110137537922403
0.04054228312696241
0.03994567158138593
0.03932477899878525
0.038730136382451784
0.03822620853119799
0.037737522440505517
0.037283657057354216
0.03685101082124057
0.03644918975174997
0.03606286416509194
0.03569187634547247
0.035327229910918106
0.03497045351675984
0.034620019274383025
0.03429345371433905
0.03397362473854811
0.03368972753192443
0.03341381799572635
0.033160437274067915
0.03292876719068623
0.03271809264545417
0.03252217306293067
0.03235317209740416
0.03219885716547113
0.03206342631904037
0.03195431446436011
0.03185968811539287
0.03178115751295612
0.03171530010638831
0.03166563736138519
0.03163816876653774
0.03162328688003631
0.0316221320466906
0.031624383325975156
0.03164728571913872
0.03167828399345169
0.031719643077282936
0.03177682640122701
0.03183804551289017
0.031911481982599396
0.0319967966966261
0.03208219419640943
0.03217109610553717
0.0322514388015334
0.03232344675966969
0.03239708340867315
0.03247504380144838
0.03256252013638551
0.03264064470258677
0.03270667931336352
0.0327442961774989
0.03276867319139415
0.03277766739796924
0.03276666020697024
0.032737162242506605
0.03266504380045634
0.03256535383254573
0.032428838905599215
0.032279739738684136
0.03210206062649156
0.031917012041884504
0.0317255484273081
0.03153822685274582
0.031363781721620146
0.031211269925394414
0.03108637371272975
0.03100006951276959
0.03096296445905636
0.030964135960382475
0.031032696458883277
0.031183118726301095
0.031398423216271586
0.031672937843802866
0.03200999743628513
0.03241520413654944
0.03287766402488253
0.033390483170498565
0.03395440452244787
0.034570417896434426
0.035218230315531
0.03591340637521648
0.03664170869152923
0.03739635006342705
0.03818484134880937
0.038980977026154114
0.03953900840253015
-0.0036733697491026594
-0.004344149844100433
-0.0049956976472062395
-0.005640406292407327
-0.006279180216765152
-0.006900467853911554
-0.00751986967447698
-0.008142655068206241
-0.00875622947093924
-0.009370466252158063
-0.009991118314525548
-0.010605418072266368
-0.011224031700483047
-0.011844809434378418
-0.012459772187822361
-0.013070936075020667
-0.013673404740287972
-0.014276084204477185
-0.014856404690812041
-0.01543384640817559
-0.015991402725409075
-0.016525870655145963
-0.017047505212836225
-0.01754734385775516
-0.01802770555445151
-0.018476049841019276
-0.018919910901492577
-0.01932331610005753
-0.019710189563692266
-0.02007195434223577
-0.02040016389046073
-0.02071595049133007
-0.02101164454759519
-0.02128399667592034
-0.02156140938182588
-0.021842982124659304
-0.02211075615609739
-0.022345147410524444
-0.022500377566311996
-0.022563970427472137
-0.022511893773692948
-0.022353660997554398
-0.022080457635769348
-0.02171100204331108
-0.02127106958122581
-0.02077583567875359
-0.02021795772286014
-0.01963051693040886
-0.018999146273437947
-0.01833700533140234
-0.017647447838821526
-0.016928966907585295
-0.016194108304868046
-0.01543915608130275
-0.014676483453226787
-0.013899446989041539
-0.0131216475923697
-0.012329758414187555
-0.01154244875976931
-0.010748045790463553
-0.009958043273262536
-0.009167588555725529
-0.008383274332526558
-0.007595515000722833
-0.006822987475729619
-0.006057325237248055
-0.0052975635411975815
-0.004538889064530638
-0.003799403218657679
-0.003062058097991796
-0.0023395847511499955
-0.0016319638443109466
-0.0009285412262390906
-0.0002427425193897304
0.00043426595977953507
0.0010982899384025203
0.0017448051478679161
0.0023807919321623874
0.002983420827441028
0.003560807298241212
0.004131471933366035
0.004681634622251633
0.00520521400480503
0.00572189324948826
0.006200516508039026
0.006652074956307658
0.007082726333850747
0.007462572774439932
0.007808177277490318
0.008112656366408115
0.008365535580802516
0.008589678311607047
0.008759767376522204
0.00887743109133666
0.008944404684766389
0.008957514903433385
0.00891184808944993
0.008805313011382796
0.008638286548632957
0.008412275139764122
0.008132235560280343
0.007795441219340433
0.007407014738257306
0.006959691557089197
0.006474984191282787
0.005939826570353696
0.005374420159517539
0.004777949816399473
0.004153289447881524
0.0035107928652418656
0.0028445689987337446
0.002171147742546205
0.0014906346550044524
0.0008076551284909115
0.00011946707266893127
-0.0005601703161913815
-0.0012361392731527754
-0.0019082163829534952
-0.002348033126691656
0.008670176304847631
0.006936503925603337
0.00516400347283977
0.003352201824617475
0.0015097086148133743
-0.00037078503692082295
-0.002274773291726127
-0.004206293463437245
-0.006162962653224249
-0.008123069649172072
-0.010094798455702653
-0.012070365544316744
-0.01403719841881416
-0.015993755415564834
-0.017925498338919196
-0.01983457447205475
-0.021708115245079318
-0.023525983178848266
-0.02528540489435531
-0.02697867794133722
-0.028598280700577034
-0.030133857678035877
-0.03158197554732557
-0.03293208285231693
-0.03418522559547275
-0.03532836682521367
-0.0363639922642775
-0.03728909504267396
-0.038090416819589926
-0.038771439599675134
-0.039332029834890404
-0.03977857373815251
-0.04010470140496652
-0.04032615104607841
-0.040457017633437536
-0.040492245761489194
-0.04043858191299488
-0.04023309952467569
-0.03984046399399913
-0.039253625410707316
-0.03847680462359775
-0.0375109623298302
-0.036375087383907184
-0.03511351273327122
-0.03373984655188029
-0.03227755005935334
-0.030746528297194167
-0.029151151364768434
-0.027514389988459936
-0.025840028702426864
-0.02414070884850231
-0.02242583218412687
-0.020694896941644097
-0.01896597795657169
-0.017233577504024225
-0.015509007223626185
-0.01379688751228723
-0.012108570249216999
-0.010427275295638964
-0.008781095898163274
-0.0071614400070154636
-0.005561756018389395
-0.0039929478490612035
-0.0024558709979183163
-0.0009534128823261525
0.0005182989904073726
0.0019593287670240903
0.003357272315242433
0.004717397994141873
0.006043329435276988
0.007324836709083829
0.008585963827715584
0.009803480514045513
0.010989193069699352
0.012139082389042002
0.013256752422389285
0.014332118480464002
0.015386258909654988
0.016396144073420382
0.017366947131217902
0.018314507929013145
0.019227441061589367
0.02010903631499393
0.020955453224935697
0.02177515626877437
0.022555291163195962
0.02329311624898118
0.02400055887081055
0.02466613565278777
0.025292823030780245
0.02586250541232993
0.026390322822972025
0.026855876453533396
0.02724375200094688
0.027568290188156482
0.02780002173169029
0.027958463567913837
0.02801603574199052
0.02799453706980345
0.027889205482450493
0.027687361864689824
0.027409678576433467
0.027039682823002023
0.026578321253064828
0.02603204955283382
0.025400280866753437
0.024683819440433904
0.023874830873809715
0.02297896674493627
0.021997663858411714
0.020932085669017296
0.019769226099802122
0.01852557251213125
0.017203915391883293
0.015802760659825433
0.014323745046992095
0.01277036529132533
0.011162012340798512
0.010034160060903895
0.00888750490078603
0.008086475936453556
0.007278292355696697
0.006455660706081397
0.005626706316146701
0.0047808695605283695
0.003918864829849145
0.003034857007324058
0.002139177887835912
0.0012243132115636816
0.0002957174487391612
-0.0006526105378455795
-0.0016083614449463512
-0.0025782189229674483
-0.00355151339680113
-0.004530392986482622
-0.005512066004335655
-0.00649529919472812
-0.007467361252823048
-0.008439050738041189
-0.009398589212694089
-0.010349003310945067
-0.011289496709144135
-0.012207000328130206
-0.013110775614106375
-0.013993112538908656
-0.014859107469814324
-0.015692844044189375
-0.01650080366138592
-0.017281186856486035
-0.018017905589912855
-0.018722271277043064
-0.019398109721979275
-0.020022607972948605
-0.02062823276881954
-0.021190378902386876
-0.02171626838151373
-0.022161446975007933
-0.022492589337797797
-0.022703226466734967
-0.022766356803298398
-0.02268871202152138
-0.022467652588977996
-0.02212659506983858
-0.021687836647321976
-0.021175722334484216
-0.020603181600301217
-0.019963536807941554
-0.01928065717389889
-0.018542757216804016
-0.017753250499060746
-0.016926772026840328
-0.01604714694229901
-0.015152075284238278
-0.014214780764344084
-0.013252975200030092
-0.012275595159219048
-0.011271644662657876
-0.010260586556526109
-0.009230763155909491
-0.00820276890471033
-0.007169371229503484
-0.006131798588942749
-0.005093053088879548
-0.004059309283028737
-0.00303051489617067
-0.002013672193556955
-0.0009969122920432379
5.630131412665734e-06
0.0009990573252127055
0.001973238071402252
0.002936280332546371
0.003883843307750598
0.004823553541453862
0.0057370342352746975
0.006637751315256106
0.0075152834734454575
0.008368700178705574
0.0091964771387613
0.009995043042224231
0.010766033952319736
0.011511331082439197
0.012231207968941777
0.01292217228718994
0.013584464345418141
0.014223801034498785
0.014816574284782322
0.015390467880296735
0.015919664421004533
0.016418840800118628
0.016875760889637378
0.017279993130043067
0.017656231457711676
0.01796508203549304
0.01822463363284574
0.01843428152010833
0.018584600269953056
0.01866680889057288
0.01869807241663593
0.01866473323613322
0.018567604112600385
0.018415387263776596
0.01819762774267224
0.017932477533881025
0.017613813072859526
0.017236388096325835
0.016818247304811497
0.016348493507824254
0.01585355311141993
0.01530929755777802
0.014728463516451639
0.014112582155020535
0.013475223840974342
0.012798626436042527
0.012099673709416055
0.01137240292885795
0.010626204000787383
0.009863581135874223
0.009339399385627146
0.012992247417794396
0.011858937580955504
0.010703898611497922
0.009523528252082985
0.008321260002021784
0.007109451641230018
0.005858823868304087
0.00459369793040626
0.0033105661798987986
0.002009258949112095
0.0006938126811087766
-0.0006293929472293895
-0.0019712976587952127
-0.003321658259336065
-0.004663852631846066
-0.006008266363400851
-0.007344747889453328
-0.008671112688261545
-0.009982240036699333
-0.011264505266903554
-0.01251627168621841
-0.013736909848664181
-0.014921734658092099
-0.016066731518268124
-0.017169593320447075
-0.018225538164950577
-0.019225314459334317
-0.020182252261834267
-0.021087218561871516
-0.021925638613932937
-0.02270446948639837
-0.023430269887966888
-0.024094340790423566
-0.024691208516525613
-0.025244302610491508
-0.02573052499941227
-0.026170472328835386
-0.02653524742411363
-0.02677650358946546
-0.026895610650062973
-0.026874547339349804
-0.026709774283504583
-0.026408473424077043
-0.025978365311805668
-0.02544135403744493
-0.02480264165325973
-0.02408234869348059
-0.02328189610029423
-0.022422843251370582
-0.02149570495927157
-0.020508474769798217
-0.019475211708749614
-0.0184093552888633
-0.017296119727461593
-0.01614742002552781
-0.014986785099884306
-0.01379339306560593
-0.01258601662533622
-0.011372609406227526
-0.010149848501925294
-0.008918543137335155
-0.007695606409188979
-0.00646260668124339
-0.005243189732160248
-0.0040264205090451005
-0.0028191232776939167
-0.0016278070494473785
-0.00044816654150006577
0.0007114270787514019
0.0018645570574216657
0.0029883690902217323
0.004099480258359521
0.005194715022476376
0.006261217602615081
0.00731374301740417
0.008346180528457628
0.00934796785273278
0.010331325080485832
0.011288588026392885
0.012218615115936984
0.013129891898270978
0.014009967983056685
0.014866438355614423
0.01569805065497171
0.016504693594174252
0.01728803421279033
0.018033885997644557
0.018757655232954754
0.019452469199133283
0.020118870625429594
0.020747350661297712
0.021328797535612606
0.021879930119274384
0.022376018103236806
0.022821561518922198
0.02320485556445474
0.023537123145783805
0.023796920953735475
0.023997986841379344
0.02413199925113878
0.02418944192889168
0.024182877649716376
0.024096652958048095
0.02394114009785239
0.02371330787865088
0.02341008901939887
0.02303345954302556
0.022582449403686478
0.022055501517087572
0.021458128628870705
0.02078524605873142
0.020045069419599746
0.01924397541195938
0.01838484945652403
0.017468444185850907
0.016493896152621555
0.015476185877786847
0.01442372973854984
0.013689449167737235
0.013605001088320811
0.015295044902130364
0.016910002254031692
0.018423002777704554
0.0197967408304901
0.02103563632424493
0.022140345830105896
0.023150682151273992
0.02411432664387132
0.02502161264932782
0.02590019489521518
0.026773098453211474
0.02765972830061055
0.028509890190743074
0.02929048821344265
0.02997067192618475
0.030553601758405702
0.031026333536755286
0.03138521526904222
0.0316327551401095
0.03177797987332586
0.03182098978664197
0.03173177491171637
0.03151158810821911
0.031153259867870545
0.030639691085676598
0.03001418931042566
0.029295678514163783
0.028459389819827742
0.027505392863249708
0.026382736492772275
0.025057107974499372
0.02350198436093653
0.02175690828169386
0.01989986342493352
0.01799429333527294
0.016068899887380944
0.014422888459357948
0.01310963385423249
0.012046860315641629
0.01120058377658081
0.010543641861962813
0.010050665244900881
0.009647092454540868
0.009301312660596311
0.008920141129389646
0.008489162920430426
0.008011026606226537
0.007502552808446264
0.0069702091028418
0.006439243554942929
0.005913785399136494
0.00540077432829266
0.004909974811830363
0.004435366551312382
0.003994241912557904
0.003605023897618703
0.0032479917662751583
0.0029324007502966264
0.0026601204359386196
0.0024190945907007644
0.0022195007465378564
0.0020454318466415784
0.0019005264399794687
0.0017757997034299584
0.0016815340395855004
0.0016050406291944796
0.0015565728242260017
0.0015229650384915225
0.0015054671834120032
0.0015047704138924825
0.0014989071826201508
0.0015062602382070328
0.0015079920950622847
0.0015109749379831
0.0015021000393124133
0.0014217059592526008
0.0012461600015222635
0.000972026624519718
0.0006523812519862255
0.000369479855703027
0.00015435343530265368
-4.055784549313854e-06
-0.0003018453399890457
-0.0015144290252117826
-0.0034226351192107474
-0.005349432530549195
-0.006945717623032203
-0.00814824845125007
-0.009016431985584035
-0.009598941935792282
-0.009959428200775416
-0.010180255118931211
-0.01031027577003267
-0.010378775823683326
-0.010451104509207049
-0.010510866787303726
-0.010479467710977875
-0.010269307827566236
-0.00983056692735537
-0.009136358525052384
-0.008216491509849495
-0.007109947862540777
-0.005817084482004393
-0.004362296544394587
-0.0027765434581600527
-0.001090402409681815
0.0006555725614143362
0.002447834321011876
0.004240724845932218
0.005970898578426568
0.007635127175151995
0.009250692481083535
0.010832544740957876
0.012444934227676618
0.014141165652839717
0.015897571593149244
0.017689034219410753
0.018924245520011068
