293.3519733741547
293.58471724478613
293.80788135489564
294.0220930605383
294.22720451575856
294.4223122996226
294.60178019680257
294.76817521643096
294.92163727595886
295.06221782961455
295.1883657860832
295.295131781033
295.38606287183484
295.46123644193557
295.52082680737556
295.56426572451124
295.5894478508058
295.59744457349314
295.58850516097044
295.56288773280926
295.5189373997385
295.4555350034741
295.37521696123224
295.27847527729284
295.16567851068544
295.0389639155763
294.9004420922606
294.7494938052755
294.5866064743376
294.4121193514287
294.2373397301339
294.06646006159167
293.89468652861336
293.7223446359843
293.5497759388406
293.3800368567087
293.2126872157359
293.0470169260303
292.8825596812059
292.7190496442489
292.5606920804707
292.4031979392034
292.2392262382245
292.0808947087022
291.9242200562823
291.76872479066424
291.6150469801763
291.46295344169374
291.3124331568789
291.16352680569327
291.01579953790684
290.86960246045805
290.7249586625162
290.581801840755
290.44021262123624
290.3003509588476
290.1620868993734
290.0253956938056
289.8902928998127
289.75661980615496
289.6240195506303
289.492745427287
289.3628040538259
289.2341459804837
289.10680337080606
288.98094102170893
288.85636713456125
288.73313140057513
288.61118292204634
288.4904335218696
288.37073485619544
288.2522751981178
288.1349512212015
288.0190789567358
287.90479729483707
287.79109285083524
287.67849186290334
287.590567907622
287.4833820983004
287.3636423313175
287.2770198494378
287.23140286579894
287.2310031289058
287.3433349335063
287.37762761693887
287.4219574193627
287.4726976719491
287.5281922479641
287.5873367133862
287.65294647486695
287.72501910542144
287.8022256584775
287.88455427914374
287.97196955652595
288.07399414638354
288.1894634775317
288.3168664676709
288.4565961159885
288.6090709914908
288.7732055213992
288.94983795002764
289.1391244787223
289.34125780588505
289.55630476599663
289.777631518179
290.0086124787289
290.24947567852917
290.5000617847874
290.75987803959066
291.0214472072779
291.287491457714
291.55774899665124
291.83186024862596
292.10806826876427
292.3733461879666
292.6337546641167
292.88919350908947
293.13944099153696
293.3065415323021
293.3629978510893
293.5894802048795
293.8050006000677
294.00963497971935
294.2038648064572
294.38806031524143
294.56132519118995
294.72266023673865
294.8718317448251
295.0086950204611
295.1332287491415
295.24354368592265
295.3379426301478
295.4163927103457
295.47928068849023
295.5268153766765
295.5578289924349
295.5718655197693
295.56928839138993
295.55045638795644
295.51574617066706
295.46461605515304
295.3972870647019
295.31409730040167
295.21536038540523
295.1016914509166
294.97559352620146
294.8385568437163
294.690731190124
294.5321433370516
294.3646235190135
294.1962787322248
294.029500021707
293.864236622379
293.7003554241161
293.53812621665156
293.3781749006794
293.2189651195606
293.06043503321297
292.9011536167962
292.7428662318217
292.5876947166707
292.43200464259456
292.27498488176707
292.11947057625116
291.96580577615043
291.81380633499197
291.6637211092307
291.5155192302607
291.3691327489812
291.22457679359144
291.08154443997734
290.9400716613751
290.800096747538
290.6615943792589
290.5246636289898
290.38934292968065
290.2556348492238
290.1234421183761
289.9927598783763
289.8635295785258
289.7355825492643
289.6089535265233
289.48357919719234
289.35951334971276
289.23669215045516
289.1151846376654
288.99499971999217
288.8761063560104
288.7584388268396
288.64198414556915
288.52658250146044
288.41227305112056
288.299020475729
288.18729386189364
288.0767973042408
287.9670510443344
287.8653455471846
287.7744383899636
287.6762736567501
287.5749999336755
287.51599547488803
287.48899552824014
287.5691115026726
287.69107763907465
287.7904187673764
287.87266596699277
287.94607502306206
288.01426751480557
288.07839020639426
288.14031189759436
288.2042177595754
288.27146746155523
288.3424699890013
288.41898983783574
288.5059047776114
288.60571484485547
288.7192385371006
288.84634511401833
288.9869430080835
289.1411436024489
289.3089135651957
289.4901706936235
289.68479112177545
289.8923475887526
290.11192165565905
290.3424257231207
290.58304360359784
290.83315077937493
291.09041749171723
291.3512697733871
291.6149453622907
291.8810521688561
292.1492240520206
292.41356740147495
292.66982243077643
292.9186113616531
293.1602288668866
293.32057210888456
295.1956764109047
295.28556728658845
295.3734760284695
295.45933024528114
295.54305152154046
295.62461108154946
295.70385923730527
295.78062812562735
295.85481898683605
295.926370745383
295.99515568326905
296.06090300298865
296.12334152022856
296.1823682863036
296.2378027414009
296.2895223704848
296.3371194020007
296.3803386036706
296.419009354312
296.4530619099716
296.48230015546477
296.5063504779746
296.52515660310854
296.5386146575101
296.5466599540487
296.54924001774145
296.54627148878586
296.53777055240204
296.52378836914926
296.5043627918808
296.4800900973823
296.4536598552056
296.4254733421602
296.39576903219375
296.3647065262648
296.3323730698443
296.2987498606166
296.26137503874935
296.22066112341076
296.17614612774844
296.12950806798005
296.08140307895417
296.0314261133297
295.9795057596285
295.9263587641337
295.8721800248435
295.8169955159462
295.7610012454583
295.7042841137308
295.64692028841773
295.58896432017315
295.5305051981269
295.47162276251703
295.4123020875215
295.3526185830461
295.2926294543159
295.2323581221695
295.1718170693978
295.1110389635621
295.05008589891054
294.9889307101795
294.92759431575575
294.86612905935334
294.80451178921555
294.7427860019524
294.68097953898604
294.6191048053666
294.55716729090994
294.49525142442934
294.4332869877044
294.3712606986426
294.3092663890576
294.24724505235434
294.18522530883985
294.12329614877274
294.06145881124974
293.99966307512165
293.939328153218
293.88029176594654
293.8206885917847
293.7614305799213
293.71030615558215
293.66008362940266
293.61648056387077
293.572229893363
293.53063515993665
293.4924454869214
293.4577707862347
293.4266954911587
293.3996810670955
293.3783556838602
293.36300189652667
293.35373085596
293.35060034642726
293.35479364666224
293.3687287757008
293.3923471031344
293.4256395932009
293.46856358412
293.5201192266838
293.57891259447416
293.64473654100243
293.717461898217
293.7970286783744
293.88167916388346
293.9693059958299
294.059743142614
294.1529011341859
294.2486550014598
294.34590337450237
294.443507933425
294.5413004432324
294.63910888640777
294.73686746478535
294.8339411537341
294.9297644565091
295.02417972879846
295.1171447588697
295.17945135018596
294.8097688246541
294.92803080761615
295.0398114043436
295.14540919212084
295.2453243477921
295.3401824554506
295.42906868043764
295.5102623028011
295.58390570195496
295.6504452877255
295.7102675749287
295.76226164374253
295.804995034982
295.83871427848095
295.8639746050576
295.8812223650049
295.8899009366389
295.88929934724825
295.8795308561225
295.86074810433104
295.83313874207386
295.79590261274495
295.74833605446827
295.69049762583455
295.6226446631122
295.54511899692517
295.4586437718583
295.3643157513047
295.26307788217565
295.15540959431326
295.0419827817136
294.9274060926887
294.81624783619577
294.7106262109698
294.6114233194706
294.51909926349686
294.43391193229644
294.35176959880016
294.2704335324129
294.189699977879
294.10984984515875
294.03169570550665
293.9546571110586
293.8766859746007
293.79903529084896
293.722333539087
293.6465548667338
293.57191958653544
293.4985065786659
293.4262985755749
293.35531927574016
293.28546909271944
293.21666612648596
293.14885209275093
293.0819361199368
293.0158189307037
292.95038986431314
292.8855246627421
292.8212397785117
292.7574707808023
292.6942024140608
292.63135842578123
292.5688688245008
292.50672058810045
292.4448462282883
292.3832846369338
292.32192835895853
292.2607107850236
292.19966247003754
292.1387283175585
292.07789386922656
292.01707996005564
291.9563074300264
291.89555850462807
291.8349255099197
291.77450961891515
291.7142216949171
291.654597114841
291.5973289935537
291.54135905691396
291.485332028208
291.4344891532635
291.39418211632136
291.3782730881673
291.38731690789774
291.4116593589537
291.44266790905516
291.47228326033303
291.4951193545314
291.5093647448199
291.5234259209138
291.545122038913
291.5780713337698
291.62380820875654
291.68240083624664
291.75364292396154
291.83717039470207
291.93241015651137
292.03859914308856
292.1544548236994
292.2781783458075
292.40837268260043
292.5441936930636
292.6851308359639
292.8302410797266
292.97765076520034
293.1264923149563
293.2764498773472
293.42756599363923
293.578820341016
293.72803450736654
293.8748784601461
294.0196674080174
294.16272870745445
294.303019227454
294.43843189104575
294.5689555732153
294.6951242764989
294.7787116700337
296.0368653069739
296.13625967691735
296.2304304159325
296.3191678723974
296.4030269536635
296.48255746308206
296.55753449069374
296.62657563416343
296.68942312231576
296.74636880888073
296.7978691500541
296.84341768351925
296.8819845788711
296.9134705540123
296.9380799154682
296.9561048974873
296.9671959946101
296.97043416994325
296.96583907431256
296.95356970857006
296.9339058052863
296.90653920938206
296.8710014831141
296.8273108554883
296.7755695230856
296.7161176470211
296.6497488095635
296.5775140351442
296.500424455044
296.41921995624483
296.334897881787
296.25303224401137
296.17942927428277
296.11741159643515
296.0689356983762
296.0345958091726
296.0098498560097
295.9670810577684
295.90912105744815
295.84248500385746
295.77077591486744
295.6965956290459
295.6217281115877
295.54721173890056
295.47371970893033
295.40153952435827
295.3308848668895
295.26174590594457
295.1942364349743
295.12823005752375
295.06376322743284
295.00068368414674
294.938982504584
294.87846927033416
294.8190873780199
294.7607357907684
294.70334750639313
294.6468326800805
294.5910877145648
294.5360735371528
294.4817691618687
294.42820160912026
294.3753562018269
294.3232053144566
294.2717053054792
294.2208234802541
294.1705435046025
294.12081133651856
294.071579739715
294.02277923601264
293.9743188429783
293.9261303447829
293.87810135266716
293.83020778790547
293.7824512299294
293.73492884787163
293.6876375321049
293.6408987553072
293.5958028793338
293.55198688460007
293.5085079574764
293.46870879946096
293.4366375350405
293.42185878179464
293.4284850116416
293.4506153788142
293.478193972649
293.50228602821124
293.5174772777
293.52204876795514
293.52198477908235
293.52385601801313
293.5316982054627
293.54783622618106
293.5735795430238
293.61002320909097
293.65811838121374
293.7181203845843
293.78982241340685
293.8722531563485
293.96362017938435
294.0622044665952
294.1668451320808
294.27665280627946
294.3908043728707
294.50743188583294
294.625589065186
294.7448008787791
294.86505208844636
294.98605612908597
295.10637041250516
295.22543433752224
295.3431623469197
295.45976142510796
295.57466779417575
295.6861567466019
295.79375538845
295.89768273700435
295.96647870679624
294.1686827052198
294.24433884350094
294.3211728710382
294.3988206684261
294.4769896397701
294.55534126109876
294.6336172108954
294.7115598447712
294.7888214411114
294.8650294372775
294.9399563345574
295.01326549751343
295.0847573075421
295.1540836993258
295.22089386080273
295.28492906415016
295.34598169533473
295.40370584412386
295.4578283569927
295.5081082715719
295.5542805131871
295.5961499098413
295.63355380713347
295.6662774822587
295.69418064740165
295.717091476531
295.73490544124473
295.74760682672877
295.7551855039262
295.75782089194496
295.755673014478
295.7489565386505
295.73806494527065
295.7235000118372
295.7058709535038
295.6857298903316
295.6636107693825
295.6398798394229
295.6147180654511
295.5880345345328
295.5598021735216
295.5300126038372
295.49884690298245
295.46635505550313
295.432657650939
295.39779735056993
295.36190149160285
295.32502966849637
295.2873007454801
295.24880676670705
295.20962768319833
295.16979965460206
295.1293806855115
295.0884216294425
295.0469518677245
295.00502959762537
294.96265824990144
294.9199044318429
294.8767803462845
294.8333471157551
294.78961436021314
294.7455948969753
294.70131330054494
294.6567967016238
294.6120153465134
294.56702133528125
294.52180881433645
294.4764143630631
294.4307962744295
294.3849962496754
294.3390259062979
294.29287471696176
294.2465593565886
294.1999966187239
294.15325061315355
294.1062693238394
294.05910819538394
294.0117751578628
293.96426826849836
293.9166890407098
293.8691865068366
293.82175721360153
293.7746946582985
293.7285989197945
293.68480741944984
293.64460285446825
293.6085257033514
293.57637163743317
293.5475960902085
293.52131841098077
293.4967538482272
293.47347757785064
293.45145426656234
293.4309763622097
293.41229591661124
293.3959508023189
293.38234496734617
293.3719812538913
293.3653495542591
293.36294966132203
293.36508705278095
293.37203316315083
293.38398585364274
293.40097970862445
293.42310522196027
293.4503402505145
293.4825169661841
293.51956947949566
293.5612018114239
293.6073016847978
293.6576053867252
293.71192898490676
293.76997668029384
293.8314680158655
293.8961613802524
293.9637741693956
294.0339208231604
294.10618574330266
294.1563674459001
294.97894058870423
294.99357598582384
295.00857286934223
295.02392430299045
295.03956408937563
295.05546812482686
295.0715994999619
295.08779329006774
295.1040630338617
295.1202958188476
295.1364664375961
295.1525258021558
295.1683630351454
295.18389187151115
295.19913489792344
295.21398643535304
295.2284243106571
295.2423504477578
295.25574328965666
295.2684766456319
295.28057835769124
295.29192576919803
295.30248433157965
295.31216843303173
295.32097093410613
295.32883133212516
295.3358970364672
295.34241955860966
295.34846564975953
295.35415172224714
295.3594781660569
295.3644873952298
295.3692830527124
295.37395658800114
295.3785708410045
295.3832033113969
295.38769188167544
295.39012303899267
295.3909634723398
295.39067771660865
295.38954205702834
295.38758821204067
295.3850229750187
295.38184955930575
295.378104384326
295.3738726881036
295.36919896212584
295.3640271836219
295.3584706975191
295.3525371031207
295.3462335866624
295.3395540133622
295.33257175858523
295.3252323291952
295.3176168685939
295.3097113477782
295.30148734922864
295.29295706848916
295.2841711044016
295.275095178095
295.26571396514856
295.25610498965125
295.24622277015607
295.2361144505209
295.2257271762933
295.2151227577185
295.20425518965425
295.19313866923454
295.1817942816481
295.1702343029078
295.15841493650447
295.1463531012239
295.1340545821827
295.1215148437949
295.10877763969205
295.0957588385933
295.082557031522
295.0691703690392
295.0556214191588
295.0420079425521
295.0282433049718
295.01449083281227
295.0011203683662
294.9885650606586
294.977112034041
294.9665916964066
294.9566488520016
294.9470489819769
294.9375214006098
294.9279465990561
294.91840958660106
294.9089984455845
294.8998493388624
294.89107188818815
294.882787525753
294.8751041682542
294.86830570379345
294.86250450470067
294.8578039269133
294.8542429903543
294.8518514784883
294.8506584641645
294.8506547144322
294.8518504415246
294.8541881300026
294.85764114570543
294.86214609692445
294.8676437297559
294.8741617719869
294.881656688708
294.8900521554568
294.8993153443348
294.9094012809893
294.92027148733297
294.9319397071543
294.9442439060759
294.9571507946957
294.9706139781951
294.98009023505017
303.7000654697188
303.72726169253997
303.7569816298805
303.789204172665
303.82391230771145
303.86105770610084
303.90050232884744
303.9419133040161
303.98519866955803
304.0301849918044
304.0768116628275
304.12494279905434
304.1742386745486
304.22454757321884
304.27569565206187
304.3274838854631
304.37958453073236
304.4317516601234
304.4837800911476
304.53550334202606
304.58672228708195
304.6371360540091
304.68638686779593
304.7342963588164
304.7806497811402
304.8252541400716
304.86793720482666
304.90854313229414
304.9468509815039
304.9827310243523
305.01606422263626
305.047123455297
305.0761262662096
305.1031469900236
305.1282837212472
305.15156172781604
305.17288365150523
305.19120769230636
305.2065966263422
305.2191523643249
305.228980684801
305.2362305209419
305.24101311891803
305.2434171052615
305.24361157513596
305.24158817573294
305.23755924407146
305.2314993164126
305.22359339914436
305.2139929322653
305.2027139508061
305.1898242251837
305.17541892795805
305.1595577070351
305.142283461778
305.1236552316251
305.10372148180596
305.0825496088915
305.0601552813223
305.0366200576985
305.01193378723326
304.9861884767238
304.9594122600006
304.93165606249846
304.9028916815108
304.8732091752988
304.84264318055074
304.81122946678096
304.77894107178025
304.74584015397807
304.71191251820335
304.67714777750706
304.6416328915085
304.60538012419397
304.568381806332
304.5307330317803
304.4924204661237
304.45342468747396
304.413844390906
304.3736924315972
304.33298779635476
304.29177549039406
304.2500904621086
304.2081916664785
304.166379608827
304.1249267663156
304.0838220271015
304.04303780076117
304.002568813226
303.96242004269556
303.9228842305109
303.8841961438525
303.8464977592998
303.8099452601796
303.7747456899781
303.7411096060391
303.7091854854774
303.67910134452325
303.65105003736045
303.6250918444817
303.60133234292283
303.57987271900225
303.56074349645024
303.54396965424814
303.5296690353836
303.51781299321374
303.50852004288265
303.5017585497767
303.497637146627
303.4961627060979
303.4973530375093
303.50117812425333
303.5077885819422
303.51718582137255
303.5293484309494
303.5442270153439
303.56173095259373
303.5819113336717
303.5971105706056
297.89835706788375
297.92822172025035
297.96012045635064
297.99390417620464
298.02955443653326
298.06693668419854
298.1059573167152
298.146299528649
298.18787945353733
298.2306114674206
298.27431572287963
298.3188069719462
298.3638481944857
298.40920534616583
298.4547069758492
298.50029671967866
298.5456308610104
298.5905427888692
298.6348028017542
298.6782564429395
298.7207649051152
298.7620632461262
298.80206604756853
298.84051804648055
298.8773095141774
298.91226641857946
298.9452855103081
298.97630313801307
299.0052116971917
299.03192109498093
299.0564244011135
299.0789273224932
299.0997285029354
299.1190922406172
299.1371584081382
299.15421777214306
299.1699380904982
299.1828052424883
299.1931810131241
299.2012216288823
299.2070553567777
299.21080671177197
299.2126170221996
299.2125590633575
299.210697614013
299.2071320460477
299.2019164920126
299.1951368477587
299.186862796075
299.17720220348673
299.1661570990912
299.1537941108672
299.14019854898334
299.1253936545642
299.10941690829316
299.09229573993815
299.07409443156615
299.054855605305
299.03457611936113
299.0133365515454
298.9911590502758
298.9680477290257
298.9440984905398
298.91925043678106
298.8936119462809
298.8671623699388
298.8399258800596
298.81196318704286
298.7832765185556
298.75385185231085
298.7237185691558
298.6929063676913
298.66143678779537
298.62933149473014
298.596568085615
298.56320600852683
298.52926116251706
298.49475192138794
298.459671906655
298.4240869137275
298.3879577024094
298.3514013336737
298.31442188061436
298.27735076654994
298.240533299968
298.20417333277175
298.16816177747836
298.1324608356132
298.0969785001056
298.0616651224972
298.02673762508397
297.99240229049525
297.9588205191894
297.92615716028297
297.8945914467802
297.8643822524327
297.83574232879363
297.8087823726372
297.7837448764798
297.760812219963
297.7400662537258
297.7216258865492
297.7056000701128
297.69211784763866
297.6812339229381
297.6729840966564
297.667409974924
297.66466042081436
297.6647447267433
297.6676361149344
297.6732881584786
297.68174023518293
297.69289151909885
297.7067939282038
297.7233586527045
297.742428730674
297.76393939265574
297.7878029048427
297.8053185073665
304.30418949138004
304.3334703153126
304.3656037694271
304.4004918167902
304.4379228979912
304.4778534205374
304.5200730320471
304.5644593034765
304.6108633467991
304.65916379165907
304.70917449385905
304.7607448254596
304.8137396783071
304.86802191337597
304.9233412608414
304.97955529045066
305.0365104728577
305.09400105932843
305.15189123669023
305.2099336042539
305.26798077939515
305.3258279192589
305.3832868775539
305.44018305791434
305.4962232091149
305.551284243186
305.6051517700152
305.6575832743417
305.7083911919049
305.7574340297759
305.80448356722457
305.8494152114534
305.89224134717074
305.9328918340033
305.9714323544298
306.00799784306355
306.0426144639604
306.0748855377591
306.1043539487859
306.1306335097604
306.1534717197985
306.17281309147876
306.1886112523041
306.200911590222
306.20980913757364
306.2154492859188
306.2179232269616
306.2174288236686
306.21405437746336
306.2080152217907
306.199427823292
306.1884009545158
306.17512344163293
306.15970723915984
306.14228353114953
306.12293133437703
306.1017921915439
306.07895876634126
306.05450629814857
306.02856034841153
306.00115409918345
305.9724097346314
305.94235457168304
305.9110866964582
305.8786513321257
305.8451001227512
305.810512766869
305.7749029662845
305.73833987682735
305.700890496369
305.66256649214887
305.6234293646363
305.58346450758364
305.5427878785901
305.5013741369532
305.4592865953971
305.4165371403721
305.37316652787
305.32921951388477
305.28467341847227
305.2396392550723
305.194054402249
305.14800930059516
305.10154683422843
305.05473280507994
305.0077552308395
304.9606090018288
304.91354853550524
304.86657975458735
304.819815396773
304.7732496047054
304.7270776398394
304.68139558982324
304.6363971262417
304.59214406739727
304.5489396058909
304.5069364753512
304.46640287916557
304.427603102223
304.3907700457317
304.3562033614919
304.3241197548381
304.2947438785806
304.2682962097987
304.2449904092342
304.224964097734
304.2083255101898
304.19526216661274
304.18579191483127
304.180016785894
304.1779735259885
304.1796422887163
304.18500346692514
304.1939930626182
304.20661632173784
304.22270479326835
304.24219954080036
304.2649640897875
304.2822019455774
301.2036662839815
301.24135277950967
301.28213304422496
301.32592070828076
301.3725242371575
301.42183057154324
301.4736469852682
301.5278550653273
301.5842771676226
301.64275275188186
301.7030995534024
301.7651509927181
301.8286845195729
301.89341103510975
301.95918087932375
302.0256866365125
302.09272571387106
302.1600605974238
302.22737720637735
302.2945042944876
302.36107276485114
302.42696212053613
302.4918086026772
302.55543153448957
302.61761498878695
302.67806538059017
302.73666397707785
302.79310755374604
302.8471901105946
302.89874420537745
302.94759963876015
302.99368891929674
303.03690803844137
303.0773693944572
303.1151216183006
303.15018305110846
303.1826303234235
303.2118222021615
303.23704302123843
303.2579442058166
303.27443669277164
303.28656417660164
303.29438274186793
303.29817270155155
303.2980580214809
303.29426538644293
303.2871180093218
303.2767480130467
303.2633864227517
303.2472815872748
303.2285981994103
303.20749860652626
303.1842407490487
303.15892421466964
303.13172179636564
303.1028020041318
303.0722588096834
303.04021663465795
303.00678165240873
302.9720769163011
302.93620446686504
302.8991777742199
302.8611627714554
302.8221740486139
302.7823094291515
302.74162645051297
302.7001834669856
302.65799350374414
302.6151670885956
302.5717346703349
302.52771705494115
302.48316139591594
302.4381443618781
302.3926475623077
302.3467296798063
302.300439651821
302.2537531673803
302.2067531179777
302.1594043387104
302.1117743561975
302.0638659007053
302.0157576570997
301.9673676867181
301.9187663534215
301.87000621189986
301.8210769779958
301.7720144321221
301.7229117890016
301.67376717333036
301.62475355439653
301.5759115320128
301.5275175112078
301.47981108142454
301.4330393166141
301.3874547465625
301.34328870584596
301.30091007897977
301.2605851203304
301.22252383273917
301.18706766802245
301.1544443433379
301.1247881681582
301.09836848874727
301.0753312206199
301.05587132814844
301.0401060236901
301.02811829107515
301.019993607483
301.01582190776236
301.01569005079426
301.0196123645665
301.0275585180418
301.03955431745624
301.0555145977157
301.07535824166246
301.09900336671853
301.1263275471964
301.15717898934145
301.1800997890864
304.8552413032541
304.88095961950967
304.9092778710888
304.94000959105017
304.97308635124
305.0083721641983
305.0457801803248
305.08522288757064
305.1265853619112
305.1697789158255
305.21470963730667
305.26129093115344
305.3093922903695
305.3589293105177
305.4097589319376
305.461775051076
305.5148830509679
305.56886942876383
305.62368274837314
305.67910431220906
305.7350013579589
305.79118384032523
305.847481392521
305.9036805315441
305.9596192908664
306.0150438659227
306.0697837905179
306.1235938575362
306.1763094773644
306.22765358897044
306.27746024069194
306.32555593984
306.371942553077
306.41655033022425
306.459410514032
306.5005765496844
306.5401267803568
306.5774703322978
306.61200276328884
306.64324423916986
306.67083407949605
306.6945731979933
306.71442235794683
306.73040531840326
306.74265264099
306.7512213043128
306.75631629585666
306.75811071189247
306.7567699756233
306.75247812355303
306.7454083053869
306.7357715305465
306.7236811632534
306.70930918922204
306.69281139450277
306.6743316463564
306.6539703183245
306.63186501234065
306.60809357670735
306.58278768968063
306.556023774031
306.5278927670439
306.4984779359255
306.46782496024997
306.43606694208205
306.4031735453448
306.36926341044995
306.33434460388594
306.2985379782299
306.261814105167
306.22424224885424
306.18586554355835
306.1467437734586
306.1068801624827
306.06635000758956
306.0251494679906
305.98330293398425
305.9408605299984
305.8978748380424
305.85431656260806
305.8102878919533
305.7657579596154
305.7207875259114
305.6754113260231
305.6296805980585
305.5836807047264
305.53749269675984
305.4911824856215
305.4448201145664
305.3984327658893
305.3521521173021
305.3060733085904
305.2603568995491
305.21518295803037
305.17078565243264
305.12737834340993
305.08517889994897
305.04448477292755
305.00556751592956
304.9686806206068
304.9340845388151
304.90204341900545
304.87272842482525
304.8463217241668
304.8230491853502
304.8030259830998
304.78639472695863
304.77317550815286
304.7634742209931
304.7573063616511
304.7547087036065
304.75558388817086
304.7599249675042
304.767648878142
304.7787079310704
304.7929513941011
304.81021175535443
304.8304622383125
304.8457943665182
304.0180580251764
304.04204078636343
304.06883556157317
304.0982700169023
304.1303296951349
304.16488828495
304.2018278074392
304.2410447824803
304.2823848465297
304.325820249799
304.3711922290863
304.41837317341015
304.4672470325542
304.51763224542134
304.5693904263933
304.6223525054552
304.67635415136965
304.7311961230233
304.78676520230346
304.8428042660644
304.89913831562774
304.95562285596424
305.01205842669947
305.06826893270545
305.124079315657
305.17933238047664
305.2337659896022
305.2873001957637
305.33971993673566
305.3908311476403
305.4404581774405
305.48847205897744
305.5347876046441
305.57934535289235
305.6221039002366
305.6630563644022
305.70219770457084
305.7391770799149
305.77344768524034
305.80462355500265
305.8324277118785
305.856681580256
305.87735073991627
305.8944575763072
305.908013805997
305.91809455569955
305.9248852271766
305.9284346609386
305.9289328295125
305.92648639941973
305.92123350552447
305.9133270205794
305.9029471700925
305.8901898667625
305.87515481569574
305.85802054513016
305.83892261744245
305.81788667368403
305.79510948328226
305.77066104015006
305.74462734274067
305.7171188833268
305.68819711025947
305.65797794742184
305.626510736912
305.59389777150403
305.5601609828261
305.5254018162136
305.48969096959235
305.4530574628457
305.4155696916259
305.37725203383377
305.33819645545066
305.29842356923444
305.2579845875933
305.2168956008539
305.17524532686605
305.13299919785345
305.09024941386593
305.0470338197639
305.00331525105054
304.95918673234473
304.9146488113272
304.8697849279546
304.82453254335036
304.77899522215677
304.733203608393
304.6872234967654
304.6411269873766
304.59495974941234
304.54887706591904
304.5029920986245
304.4574811402576
304.4125546830992
304.3683710214177
304.32516089001456
304.2831168176801
304.2425260907582
304.2035701207508
304.16650793121926
304.13151655977214
304.0988650415995
304.0687241583097
304.04128160175827
304.0167068630187
303.9951491672022
303.9766962492681
303.9615050052528
303.9496136906586
303.94113338332176
303.9360723376537
303.9344249419085
303.93622063250035
303.94138778438236
303.9499052278349
303.96169766664013
303.9767012101078
303.9947761347113
304.00879325953713
299.8065636435686
299.8732335244518
299.9389462799222
300.0037527104429
300.0675905312166
300.1303476133447
300.1915579666086
300.25015237783794
300.3058241793353
300.3585315611474
300.4083051582478
300.4546756528454
300.49697281458975
300.5352244242574
300.5696848353019
300.6004669644016
300.627389990273
300.6502090730569
300.66888507393605
300.6834704708453
300.6940401030918
300.70036257759307
300.70234783038666
300.6999746749992
300.6930828194982
300.68164071522534
300.6655979802671
300.6451232650807
300.6205077164799
300.5921341109404
300.5606172261941
300.52796274039935
300.49610741700087
300.46602530588154
300.43803143635245
300.4123451812869
300.38915630612513
300.36577111040896
300.3401808727155
300.31237499011525
300.2824102252151
300.2504912186804
300.21692959316357
300.1819689471438
300.1457804922402
300.1086375531572
300.07070601778264
300.03207521733015
299.9930090052416
299.9535452565166
299.91377680025624
299.87377816083176
299.8336316716199
299.7933020485715
299.75292201699637
299.71248776761865
299.6719593302268
299.63142864781304
299.5908915165728
299.55030335850944
299.5096898598804
299.46905293203815
299.42837335413344
299.38760785092376
299.34674445496046
299.30576554491574
299.26465815302294
299.2234023203207
299.182004000527
299.1404434362873
299.09877192639766
299.05697449788244
299.01500088403674
298.9728229224108
298.9305142240182
298.887961140569
298.84521533165184
298.8023229421
298.7593210395479
298.71628270205207
298.6733164218633
298.63050945360106
298.5882359487179
298.55066102053564
298.5243076900035
298.50912482053843
298.50073846324193
298.49601904183226
298.49340878370793
298.49218320402167
298.4917125658936
298.49152325643377
298.49235181962297
298.49524620867624
298.50144533974856
298.5128231809882
298.5306263405227
298.55497457923417
298.5853766124173
298.62123910987003
298.66220265729277
298.70785515602813
298.7576509159473
298.81132625205635
298.8681412740649
298.92729516476237
298.9883732450514
299.05119548415774
299.1156791380419
299.1815918587515
299.2483745095896
299.31577032786356
299.38366253585974
299.4520580156963
299.5205709065838
299.5886787214134
299.65618334459134
299.72314536228834
299.7683981323639
