292.8454788809203
293.0264482700819
293.19900767975906
293.3646841116619
293.5234258923822
293.6745919350098
293.8134343790456
293.9420868564582
294.0608340853581
294.16972452112606
294.26720723473386
294.34839427330286
294.41716807548113
294.4736565458025
294.5180034306656
294.55003597498023
294.56857407160635
294.57398082546734
294.5664498678345
294.5461286846614
294.51218791799994
294.46399749372745
294.40302124212997
294.3296576902434
294.24413302836484
294.1479618234729
294.04275272076046
293.9280601550323
293.80419687301884
293.67142774796486
293.53857978695174
293.4090302096275
293.2786816230354
293.14768807870587
293.01631819004143
292.88733482030545
292.7606655094022
292.6352682499246
292.51085769762705
292.3872071270376
292.26394286131887
292.1428747059497
292.01021998905173
291.88665442750073
291.7646962168727
291.645052991762
291.52636305338865
291.40905255254427
291.2930957351055
291.1785660366762
291.06530093650525
290.95342119463646
290.84290508805736
290.7336503735239
290.62576696819644
290.5193460228467
290.4142873706267
290.31058361018853
290.208277661817
290.1071942316044
290.00720088926215
289.9083850573257
289.8107491315828
289.7142471515122
289.61886775612936
289.52460055494345
289.43144277246273
289.339409027325
289.24846955667823
289.1585901200064
289.06964764435054
288.981739671278
288.8947679823207
288.8082707295235
288.7218149063507
288.6368156386508
288.5526307108461
288.5129675716685
288.44887293180113
288.39171092759386
288.3341208829202
288.32503898417656
288.3281818513756
288.3937468533953
288.41547966268024
288.4391587250865
288.4661563830433
288.49550974516
288.52657172545355
288.56595159121997
288.6140497238223
288.66621703671046
288.7222189040933
288.7819945534371
288.853802656925
288.9369170946858
289.02971963234444
289.1323998721233
289.24526007767025
289.3660699596443
289.49600804683865
289.63566860624127
289.78519834199494
289.9446114245164
290.1085449803
290.27991588930314
290.4588341240582
290.64515262510474
290.838663706222
291.0378701151738
291.24182210751155
291.4501382676789
291.662588187558
291.8775834856071
292.0832781581032
292.28548549829287
292.4842075466808
292.67933080148885
292.80985739712224
293.0403996804121
293.21653564029486
293.3835200991609
293.5418055666836
293.6919907198374
293.8344405369889
293.96834205156927
294.0927091647492
294.20754727886685
294.31283649359153
294.40862101388785
294.4934628125766
294.5659690082096
294.6260499308417
294.67402945192697
294.7100235759815
294.73330977352117
294.74366347476786
294.74136655792057
294.7266333020297
294.6997740441834
294.6606599172829
294.6094899476588
294.54643566285165
294.47162499871587
294.38553453646864
294.28997439470896
294.18609699143
294.0739577808392
293.95356159509333
293.82632072414486
293.6985793184336
293.5720825657367
293.44676139134134
293.32245819349123
293.19937816651304
293.07802029128436
292.9577599983614
292.8388694299787
292.71975572450384
292.6012199610421
292.4835632266994
292.36329155407725
292.23922241373646
292.11652809278723
291.9960517491039
291.8779780594166
291.7618012500559
291.64745616670075
291.53484032982635
291.4239861165698
291.31453741888186
291.2064890300733
291.09974982723395
290.99430767805364
290.8902721689998
290.78775266451396
290.6867044163504
290.5870117985557
290.4886582199065
290.3915721333667
290.2955688371724
290.2007214013259
290.10696969846606
290.0143404018912
289.922775948343
289.83235543030446
289.7430894852813
289.6549227086516
289.5677842612827
289.4816415324247
289.3962883211695
289.3117530840114
289.2280175223937
289.14424059277144
289.0607169807436
288.9782472022817
288.90986712676863
288.86087117981396
288.81437723651544
288.76468985914335
288.74613783991293
288.7450641675154
288.80798243542796
288.89559106524047
288.9641528093785
289.01950917832426
289.0677734659688
289.11143881324716
289.1512937848578
289.18877521058477
289.22682813186265
289.26654633857
289.3083846393385
289.3542367968121
289.40898610724054
289.47468918506644
289.55197775470947
289.6404657612605
289.73989581551047
289.85025143825027
289.97156564698304
290.10367101120005
290.2464040270993
290.3995758325107
290.56266219039406
290.73460680631365
290.914579684712
291.1019826709281
291.29557373821876
291.4929086968638
291.69344463367383
291.8969088768387
292.1029441781263
292.3064971446166
292.50421979940376
292.6966691811534
292.8839897032799
293.00855292669627
296.9589308031615
297.0281844350717
297.0959547785846
297.16221680696566
297.2268746812503
297.28994395245434
297.3512088628616
297.4104822809064
297.4677283126022
297.5228708660667
297.57581820880216
297.6263414541312
297.67418717232863
297.7193007315499
297.76152863722496
297.8007892563368
297.83673331264293
297.8692154906923
297.8980769232132
297.9232985336264
297.94471610322637
297.9621962352741
297.9757357551715
297.9852105671619
297.9906059054899
297.99185782427526
297.98888647475036
297.98167216042197
297.97027676183035
297.95472277240896
297.93543419140724
297.9144520708035
297.89204794129466
297.8683688940698
297.8435792402417
297.8177234286337
297.7909357661088
297.7614820759529
297.72976803652983
297.6952621750067
297.65916126123284
297.6216826611097
297.58215332978165
297.54032703604935
297.49734381597864
297.4535378416365
297.4090772755003
297.3639853346326
297.31833311749426
297.2721944238006
297.2256115589811
297.17868704297535
297.1315139622922
297.084031772025
297.0363396521478
296.9884787064272
296.9404383865216
296.892249225801
296.8439177079639
296.7955151071573
296.74701597525166
296.69840823636736
296.6497645910089
296.6010416269316
296.55228329050885
296.50354643724063
296.45482815714547
296.4061545310567
296.35759748913966
296.3090635064464
296.2605643216778
296.2121555209238
296.1638058408381
296.11551576044013
296.0670127940074
296.01863961583905
295.97029907089467
295.92460065819995
295.88130751330215
295.83898054691895
295.79727244415
295.76268865692657
295.7286640910815
295.6986270056023
295.6685087998007
295.64090213415835
295.6163517030625
295.5949573904313
295.57676156985207
295.56191035907506
295.5509929347145
295.54416162388696
295.5414471511723
295.5429173521984
295.54944327472856
295.562908126387
295.58321701918186
295.61042206901374
295.64448902162803
295.684672917349
295.7299989973659
295.7803182185572
295.8355252815897
295.89562197099167
295.95940889894763
296.02549223254107
296.093741312315
296.1641073458185
296.23647952822023
296.3101172837801
296.38417893251506
296.4585773077685
296.53316768069146
296.6079093497645
296.68229316180356
296.7558359813752
296.8284319689286
296.9000489233429
296.9481195158909
292.38629985993236
292.4764336754232
292.56159053234387
292.64213606000413
292.71843681337384
292.7909610405098
292.85904512893035
292.92131162033513
292.9778811379832
293.02902978059797
293.07500900772266
293.1149659175535
293.14773335503276
293.1734787184164
293.19260349061415
293.20547498643174
293.21176641275497
293.21099059211355
293.2031976356519
293.188506692692
293.1670386881804
293.1381809619805
293.10137910758914
293.0566752649398
293.0043021697696
292.944548042833
292.8780135673131
292.80550712198686
292.7277984395832
292.6452871881801
292.55850836412935
292.4710710577805
292.38658591243995
292.3067222792681
292.23217399556387
292.16323745242414
292.1003109797196
292.0408604331992
291.9834548035514
291.92793147818657
291.8744394874601
291.82308430379896
291.7722149784501
291.7181970704355
291.6632778490686
291.6087956355101
291.555487109667
291.5034044069286
291.4524284210966
291.4024818493147
291.3535516067788
291.3054857270618
291.2581977046144
291.2116135484216
291.1656871298268
291.1202661387625
291.07524114256705
291.0304958916124
290.9860312451332
290.94181260851923
290.8978117156244
290.85389886301346
290.81001803424283
290.76613573623393
290.7222324177446
290.67832062876454
290.63425087676785
290.589967340969
290.5455163044339
290.5008602086358
290.4559334176994
290.41070444185385
290.3651485050842
290.3192694682013
290.27280286337475
290.225668777203
290.17796929887646
290.13106966645887
290.08827836711106
290.04888070592665
290.0110135523821
289.97751126134796
289.95119815503966
289.94085130837243
289.94675974466094
289.9618139795792
289.9799600172026
289.99553661641977
290.0048571547439
290.00689532383143
290.00834076734566
290.0154497830914
290.03107354519125
290.0565616877414
290.0920338916107
290.137431869692
290.1924932946076
290.2568253125169
290.3299244214234
290.41080833297934
290.498171363645
290.59097353562277
290.68853666974456
290.7904884327769
290.896097920037
291.0039938430931
291.11355423086644
291.22447226315484
291.3367429171388
291.44944971657816
291.5607473342671
291.67045267541636
291.77883335201415
291.8861744258649
291.9918742774791
292.09436557858214
292.1935215638808
292.2895860641369
292.35332590018163
293.403753675915
293.4803327098363
293.5534097787861
293.6226895008456
293.68843150680806
293.75095807552975
293.809993194005
293.86436301789536
293.9138802171785
293.9587673803984
293.9993803521462
294.03535599558404
294.0658994541635
294.09094965852177
294.11061355273245
294.1250627588408
294.1340563144434
294.1368905417859
294.1335703053595
294.12413815956415
294.1088453622856
294.08743796397863
294.05964951248154
294.02547912932795
293.9850739868464
293.93869659168394
293.88698463435594
293.8306950790504
293.7705798496704
293.7071697026241
293.64120857354504
293.5766891126111
293.5178009950724
293.46684620118106
293.42535101187036
293.3937494698867
293.36912347528283
293.33267471536567
293.2866179804005
293.23509455889985
293.180337975825
293.1241429003654
293.06770763909986
293.01166216235936
292.9563697522385
292.9019584704633
292.84856922293375
292.7962182314616
292.74503731188213
292.69496080176
292.6460561878106
292.59819468970454
292.5514464296071
292.5056109912801
292.4607021401445
292.41665980659934
292.37345604175783
292.33101636048843
292.2892588238112
292.2481731595248
292.2077240303238
292.16796692651894
292.12882843218097
292.09033588103296
292.0523941883737
292.0149744689885
291.9781066100587
291.94168182673036
291.9056945718691
291.87010061753966
291.83475628774323
291.79956173053205
291.76441097749705
291.72926898498883
291.6939488541206
291.65838093123114
291.62260921543907
291.587410751886
291.5550021292872
291.5255805579459
291.49812021163336
291.474449198661
291.45656468582666
291.4500873500464
291.45737337370264
291.47419123050975
291.4935250069897
291.5092529789276
291.5176796887354
291.5176644844919
291.5138641519278
291.51125623945006
291.51286914153013
291.5205374429101
291.5352260846331
291.557832898791
291.58921047400224
291.62956547581445
291.6788672013874
291.7364265405895
291.8009817656105
291.871333038825
291.9467132237685
292.0264152598708
292.10985331778204
292.19550907863277
292.28267920151904
292.3709829919117
292.46040614599843
292.55075005478744
292.6409285977792
292.7305366935872
292.8194790360206
292.9078657327757
292.9952630719267
293.0802391742421
293.1623909047052
293.2418670340971
293.29456411339373
291.99622805082146
292.0497795195354
292.1043201298047
292.1595722429041
292.21529944162336
292.27125833197965
292.3272631989147
292.38310394288317
292.4385381507304
292.49324431184283
292.54707572835787
292.59978087074455
292.65119518706615
292.70111090621026
292.7492141701878
292.7953671387689
292.839389192844
292.88101663962965
292.92001622678833
292.9562375355587
292.9894786966148
293.01957101120354
293.04641218441094
293.0698283380975
293.08971491044804
293.10595353010604
293.11847445639495
293.1272814319107
293.1323389271085
293.1338160535363
293.1318721077356
293.12663668042796
293.1184357203138
293.1076477354355
293.09467901107774
293.0799628247391
293.06387995419533
293.046686581223
293.0285930635
293.00957683758384
292.9896460751886
292.9688182737868
292.9472536114005
292.9249741445752
292.9019696251831
292.87817555964
292.8536577960039
292.8284832909887
292.80275702715477
292.77655664238995
292.7499089885703
292.72287631091405
292.69549935850284
292.6677903677748
292.6398047666728
292.6115696126976
292.5831034198374
292.55439469433526
292.52545482524044
292.4963172309726
292.4669806515672
292.43744109349205
292.4077117015716
292.3778266339938
292.34774066197434
292.3174979555874
292.2870708181572
292.2564841186897
292.225653461142
292.1946113345739
292.1633511505375
292.13184200752033
292.10011639406594
292.0680941511941
292.03583592257064
292.003277982329
291.97042763175
291.9372571592912
291.903788994552
291.87020271557606
291.8367835452403
291.8036114893936
291.7709921164854
291.739250830579
291.70922182832555
291.68166925700183
291.6568291141571
291.63448089585233
291.6142025800958
291.59533220845975
291.57730104371234
291.55980550684615
291.5428393495997
291.5266705337484
291.5114657355605
291.49766597226704
291.4855903441154
291.47563941158893
291.46819316604734
291.46365649376816
291.462243351105
291.4642062335298
291.46973475391957
291.47883547999976
291.4916451259992
291.5081518192942
291.5282771325182
291.55200836863764
291.57917863506447
291.60974691429755
291.64349697488757
291.68031403976664
291.71996607871415
291.76222609295826
291.8069000641571
291.85378594881286
291.9026360143162
291.9531504059758
291.9883586767159
292.50463203931463
292.51484423390934
292.5253559205293
292.5361857238622
292.5472276051617
292.5585094244792
292.56997988525217
292.581488370868
292.5930696802812
292.6046293769966
292.61612066893156
292.6275655289084
292.63883306211824
292.6498959184253
292.66074064435566
292.67133334855794
292.6816268726646
292.69153648482535
292.7010590422679
292.7100981726395
292.71867614658134
292.72668375893386
292.73413907588963
292.7409571955315
292.74715040937684
292.7526672426852
292.75762545746625
292.76218246587945
292.7664219974127
292.7704166993652
292.77417733931145
292.7776831567511
292.7810504335669
292.7843288557122
292.78754235611666
292.790739975989
292.7938116294709
292.7953843849879
292.7958494680363
292.7955474118302
292.794692643263
292.7933025522672
292.79153359220163
292.7893572268614
292.786783590925
292.7838873584829
292.78068553496485
292.7771742538818
292.77341852406767
292.7694161716606
292.7651990157959
292.76073647771324
292.7561050835675
292.75125084767575
292.7462439844974
292.74106974921875
292.73568561317813
292.73011051795623
292.724368964027
292.71845246665026
292.71234729579123
292.70606946248637
292.69961158294535
292.69301017419343
292.68622031109743
292.6792699106748
292.67214125886875
292.6648310114557
292.65733985633904
292.6496903670913
292.64185970159207
292.6338247996496
292.6256102942486
292.6172081063003
292.6086494978419
292.59981776256956
292.59081139714283
292.58165732065476
292.5724420634437
292.56333741220254
292.5542702069283
292.5453576709933
292.5368015912868
292.52882099142164
292.521608506651
292.51496991889144
292.50867096872315
292.5025276161063
292.4963327759276
292.4900111872154
292.48357116842294
292.4770875377094
292.4706102979272
292.46425300154567
292.4580697709236
292.45217632139526
292.44679312294187
292.44201387159643
292.4379256592431
292.43454563390594
292.4319708627438
292.43021786024656
292.429289038609
292.4292098310161
292.42995470247877
292.4315143795417
292.4338502593237
292.4368993868856
292.44072472104375
292.445266459981
292.45049043207734
292.45636460160677
292.4628479741635
292.4699312340899
292.47760077454666
292.48575520059154
292.4943910149884
292.5034557352031
292.50987243961265
302.2910287803587
302.3103382897839
302.3313199947063
302.35393736904723
302.3782066470447
302.4040530927652
302.43143293592425
302.46007082307614
302.4899631415439
302.5209858662933
302.55311865290537
302.5862563208033
302.6201681153699
302.65475861216527
302.6899306873398
302.7255320888544
302.76132685734666
302.79716622843966
302.83289086496876
302.86839225591973
302.90353188039865
302.9381411739825
302.9719678255444
303.00488268978415
303.03679195213266
303.06751222877
303.09695978015526
303.1249988309333
303.15149220784207
303.17634695277917
303.19948548677723
303.22105653149373
303.241154015457
303.25981488183373
303.27712868451897
303.2930947764537
303.3076295990299
303.3201618116242
303.33073867769934
303.3394029462428
303.34623639390543
303.3513271392119
303.3547273327609
303.3564560531586
303.3566493085057
303.3552777064375
303.35249868146735
303.3482642031165
303.34276827426555
303.33616695505566
303.32843933058336
303.31960697786116
303.30975783205804
303.298899440733
303.28705948088987
303.2742533236119
303.2605220748111
303.24591737522354
303.23042755667785
303.2141167580964
303.19693936052545
303.17902244936664
303.1603226063933
303.1409166336051
303.1207310653455
303.09989414949655
303.0783734451149
303.0562301889513
303.0334228022754
303.00997063545645
302.9857933227394
302.960879243751
302.9353375217178
302.9091673099658
302.8823598092262
302.8550162280166
302.8271113371873
302.79868562155
302.7698380117845
302.7405920523597
302.7109735641719
302.6810253781309
302.6507695711576
302.62039997256045
302.59004164255276
302.5598365615919
302.52977801690696
302.4998420623678
302.47003679197155
302.4403649870025
302.41102184974545
302.38215060890906
302.35385258144834
302.3262442681303
302.2994711478315
302.2737149953398
302.24906053492197
302.22561878984084
302.2035445330687
302.18279159646124
302.16348618995636
302.14571752819325
302.1295251228581
302.1149201405305
302.102043574422
302.09083600770936
302.08147050616157
302.0739598787659
302.06836648986643
302.06468801353213
302.062952217589
302.0631235296208
302.0653281814283
302.0695570416513
302.07580638264955
302.08404637192547
302.0941944315841
302.10631673507504
302.1156348247767
295.9363618004706
295.9558378822842
295.9766843255353
295.99878330518186
296.02215035949376
296.046693939835
296.0722994984743
296.09867228420705
296.12580180730305
296.1536611426558
296.18214748674717
296.2111423836506
296.2405203869693
296.27010454466813
296.2998112942507
296.32959921972116
296.3592133632261
296.3885709585819
296.4175057055454
296.44591451006704
296.4737244954999
296.50070872932184
296.5268977670066
296.5520630367604
296.5761618222168
296.59906440024906
296.620719040458
296.641091006313
296.6600979316119
296.67766529862166
296.69380138089065
296.7086310406395
296.7223148991333
296.7349941759658
296.74675737622596
296.7577833668145
296.76785096730487
296.7761748974229
296.7829823243637
296.7883845344383
296.79245402046575
296.7952402907253
296.7968207525759
296.79719338852516
296.796352624193
296.7943641469013
296.7912548075377
296.7871104701535
296.7819481998372
296.7758800482756
296.76889470296794
296.7610112014694
296.7523305628718
296.7428116545472
296.73249949915527
296.7214192466074
296.7095834868083
296.6970447133783
296.6837868734043
296.6698742691822
296.6552935621288
296.64006220824575
296.6242564100871
296.60779089998067
296.59079633777577
296.57319665953787
296.55503821279245
296.53636171403
296.5171642155179
296.4974125817994
296.47711115685564
296.4562658726634
296.4349259181829
296.4130822024094
296.39070712224753
296.3678727897602
296.3445560222195
296.3208032768049
296.29661328992336
296.27204617430874
296.24709997058693
296.22185664617353
296.196307155102
296.17067826837166
296.1451488087062
296.11982858944515
296.0946080950264
296.0694722658989
296.04433329743745
296.01919428173966
295.99416357402515
295.96939937933035
295.94501137671745
295.92109351207586
295.8977586129819
295.87521481177293
295.8535831722252
295.8329546463821
295.81347749091066
295.7952920589225
295.77846048490215
295.7630633434889
295.7491859364563
295.73695417883476
295.72637608251796
295.7175056084831
295.7103977762807
295.7052665475299
295.70207619357154
295.7008061688207
295.70139172994544
295.7039019381471
295.7082545979085
295.71450573941144
295.722581883894
295.73242540134805
295.7439880895872
295.75722307111374
295.767154745256
303.35831533973663
303.37688457059704
303.39769323870655
303.4206403467831
303.4456034187598
303.4725671645094
303.50135603694355
303.5318651995054
303.5640331024037
303.5977143520247
303.63279258606406
303.6691384736697
303.7066505478525
303.7452290846377
303.7846744159306
303.82486983353573
303.8657121754699
303.9070377143164
303.94873913280475
303.99062104089694
304.03261372833873
304.07452157226606
304.11621456922705
304.15757910289443
304.1983947458874
304.2385713266759
304.27795674589373
304.3163486219193
304.3536677573479
304.3897772429777
304.42452207621625
304.45780195752184
304.48963347076096
304.5199352867657
304.5487465664814
304.57614857712235
304.6021099992695
304.62649627781184
304.6490335022603
304.66956385823306
304.6879418471483
304.70414733118105
304.7180968964254
304.72980807212423
304.739307133858
304.74664067398095
304.75180178912876
304.7549288511958
304.7559732273262
304.7551412917788
304.7524308737767
304.74790061990404
304.7416964275262
304.7338533249014
304.72445625342993
304.7135422689619
304.70122191154684
304.6875427816625
304.6725615806865
304.6563593284865
304.63894221869805
304.62042138161763
304.60080506406473
304.5801474411867
304.55850378066765
304.535893730661
304.51239793234464
304.4880088185093
304.46280001764893
304.43679940930343
304.41003672418066
304.382567542793
304.354356885496
304.3255115263746
304.29599344425566
304.26588470314937
304.23516381262556
304.20387862806984
304.172060908093
304.13969948930844
304.1068746409781
304.07357436917744
304.039834766051
304.0057287480669
303.9712956392744
303.9366793197066
303.9018391616786
303.8669836120343
303.832084331873
303.79722180512465
303.76238412014106
303.72774416467195
303.6933346667808
303.6593059522219
303.6256753461977
303.59266554406844
303.56035709686444
303.5289616463664
303.4986185786332
303.4695230626168
303.441852162939
303.4157936644776
303.3914985774794
303.36910426441244
303.348812197549
303.3307036049504
303.3149025970346
303.30154734132157
303.2906883838855
303.2824099811085
303.2767755992528
303.2737937152468
303.27347482474266
303.27580379564233
303.28083093088446
303.2884240545602
303.29859970164466
303.31126083010895
303.3212278447429
301.2604392550426
301.2838696451252
301.3094810281502
301.33725442342376
301.36703409529247
301.3987532799062
301.43229739670346
301.4675430033469
301.5044116932254
301.542768633405
301.5825010540646
301.6234683825233
301.66555852931236
301.70853476706105
301.752322055965
301.79670040153354
301.84153782621354
301.8866894873005
301.9319114401152
301.977145635976
302.02208124157386
302.06670020147254
302.1107157234991
302.1540231516611
302.1964973900058
302.2379179748115
302.27820750284553
302.31715819239656
302.3546586218288
302.390546224337
302.4247663617649
302.45726441339326
302.48791867617615
302.51684995116983
302.54409815812073
302.5696236640872
302.59350360639274
302.61539008030934
302.6348996304003
302.65178686305103
302.6660110918217
302.67754768402057
302.68642551909954
302.6927879503637
302.69664986605017
302.69811140303733
302.69737224884653
302.6944609014502
302.68952246616783
302.6826943702189
302.674030448471
302.66362488203316
302.6516613787538
302.63815147133107
302.6232318763475
302.6069868607784
302.5894565775675
302.5707306628646
302.55086687452416
302.52993548384666
302.50802973029624
302.4851035424267
302.4613163021088
302.4366361681163
302.41115430289267
302.3849116018957
302.35792292013394
302.33023928436387
302.3019304780118
302.2730074288147
302.24349397147154
302.2134376376191
302.18290796833713
302.15186948807445
302.1203809065962
302.08847492921734
302.05614822740574
302.02346839293654
301.99039993682464
301.9570213273175
301.9233149700994
301.88935757346064
301.8551042627657
301.8205834788986
301.78587536920395
301.75096033644735
301.7158679067453
301.6806688575633
301.6453383342781
301.61006095159973
301.5748019220557
301.53978087690837
301.50515660505204
301.4710894517661
301.43775081954806
301.40528652382153
301.3739585588925
301.34396046152074
301.3153747081117
301.28850453469414
301.26347038193035
301.2403719504236
301.2193909911034
301.20063096431414
301.18424886820947
301.1703211619856
301.15889980210306
301.150076201117
301.14389865978984
301.1404639549739
301.13976853443967
301.1418033701204
301.14660795579874
301.15415263242477
301.16436291872446
301.1772000248173
301.19262108419855
301.21049791275124
301.22401372120606
305.2457740473839
305.26147369328896
305.2791743276943
305.29875701237836
305.3201590608322
305.34329767035547
305.36807952860227
305.3944612271377
305.4223491943975
305.4516931279182
305.482385155072
305.514398154378
305.54758959446355
305.5819189966515
305.6172528613148
305.65353162485894
305.6906475007742
305.72845763357964
305.7669179727804
305.80587850620395
305.84523907695433
305.8848539565254
305.9246131858632
305.9643378205192
306.00395536508137
306.0432695240737
306.082171236159
306.1204731916496
306.1580744682757
306.1947999390808
306.23053504765767
306.2651408938282
306.2986504349558
306.3309957165041
306.3621835942858
306.3922629829899
306.4212784051099
306.44887965301206
306.47476217327227
306.4986378899375
306.52028121968283
306.5395610065308
306.55642531083316
306.57084428133015
306.5828598235752
306.5924289675951
306.59964982025934
306.6046454071098
306.6074594938319
306.6081929529364
306.606944717891
306.60388663767884
306.5989995465338
306.5924397927377
306.58430346316925
306.57468506117806
306.56361831400955
306.5512048675617
306.5374826433936
306.52255669714305
306.506448079759
306.4892459890255
306.47099656734525
306.4517144086365
306.4314884196446
306.4103237127803
306.38828700623395
306.365363952852
306.3416833778576
306.3171779077879
306.29193166955685
306.2659358259339
306.23927899345847
306.2119591148926
306.18399713447525
306.15540516293134
306.12621230296725
306.0964538880438
306.0661590465176
306.03529597394066
306.00397762266795
305.9721744130999
305.9399434537762
305.9073149763955
305.8743305914095
305.84103622802195
305.80749933847517
305.77376989803435
305.7398938210386
305.70587881199083
305.67181524195087
305.63778094046285
305.60388843741833
305.5702329300074
305.53701075595933
305.5043567495574
305.47240019516215
305.4413705495053
305.4114411068054
305.38284238680166
305.35568400969095
305.3302212440251
305.3065173026174
305.28474040754395
305.2650582526664
305.2475550287479
305.2323581553361
305.2194733254742
305.20900253411617
305.2010018069869
305.195498199899
305.192440371722
305.19184197594916
305.1936970494
305.1979728857875
305.20457556505767
305.2134123541658
305.22449885060354
305.2331862845277
304.97258454992846
304.985903586627
305.00120908387294
305.0183603497618
305.0373790842855
305.0581811491165
305.0806761340823
305.10481457635944
305.1304645158027
305.15765762118355
305.1862267049235
305.21613748392855
305.2472802282252
305.27954351123776
305.31284853746763
305.34706904131195
305.38207342012345
305.41777705891735
305.4540812713347
305.4907992281451
305.52785244541735
305.56512456429687
305.60247895407167
305.6398229841776
305.6770333552516
305.71399617091424
305.75052480200316
305.7865995901636
305.82207508990456
305.85680155143945
305.8906687447632
305.92361859223604
305.95556885139115
305.986508147971
306.01635226141445
306.0451228707003
306.07283392099043
306.09923160899206
306.12407109953807
306.14711245619236
306.16819256540794
306.1871694157319
306.20401176018316
306.2187393072398
306.23124896990726
306.24161073356504
306.2498621638549
306.25604365731704
306.26024042002547
306.2625032081205
306.2628835202333
306.26144993410816
306.2583517411896
306.2536245441136
306.2472711434702
306.23943506098317
306.23020247497317
306.21954720009364
306.2076319114842
306.19445729507567
306.1801005412668
306.164593209548
306.148003101542
306.1303854856629
306.11178652281177
306.0922568493477
306.07181300754803
306.0505118441676
306.0284103114642
306.0055368197829
305.9819140489273
305.95758908675833
305.93258327960973
305.90694558046727
305.8807029975529
305.85386341925386
305.8264927403081
305.79854614598025
305.7701279913068
305.7412571849343
305.7118670876438
305.68208931133796
305.6519038110455
305.62135775291335
305.5904233362249
305.55917045619697
305.52765544913876
305.4958747684647
305.4639154996966
305.4317936412141
305.39961636692675
305.36745078586074
305.33543876032473
305.3037139227307
305.2723545585759
305.24152530040857
305.21135613753876
305.18204711931764
305.1536905476117
305.12648248769864
305.10053034395554
305.07601604884513
305.0530671275814
305.031793020512
305.0123479051954
304.99481028189115
304.9792634191907
304.9657993755963
304.9544814524112
304.94539220912446
304.9385374408934
304.9339529809752
304.9316462764802
304.9315976714703
304.9338171092607
304.9382494791896
304.9448709857802
304.95361640871675
304.96074751117504
296.5280244277077
296.58046497886465
296.63224760147
296.6833051435057
296.7335824247661
296.7829475444992
296.83111302180055
296.8773868967018
296.9215552849585
296.96357678314126
297.00340406438266
297.04070682810544
297.07493769176745
297.10604862842393
297.13421235418446
297.15943766960504
297.1815636467293
297.200319923742
297.21569636731243
297.2277464062127
297.2365309251386
297.2419252532249
297.24391967020773
297.24251128116697
297.23757111914557
297.2290712066729
297.21700568328885
297.20154796793435
297.1828914342502
297.16126494299647
297.1370445344484
297.11159843184186
297.0862417659946
297.06174032650574
297.0384043160265
297.0164575211816
296.9960631575107
296.9759958321706
296.95499132667834
296.9329191246383
296.9096595390895
296.8852594433497
296.85990087736405
296.8336970385092
296.80662316970506
296.7787885907767
296.75031038824443
296.7211755396639
296.69163062026195
296.6617110009257
296.6314986168844
296.60105187431947
296.57043849340937
296.5396889977587
296.5089013474305
296.47813287373094
296.4473510913174
296.41660962001475
296.38596245630333
296.35531029436373
296.3246690083336
296.29402267840845
296.26336347162777
296.2326624528831
296.20187892494425
296.17105267897057
296.14014500903056
296.10913772216765
296.0780008993798
296.04672493001823
296.01529590439503
295.983709257053
295.9519132959044
295.9199007535235
295.88771838817235
295.85531385724454
295.8226710633182
295.78982136701745
295.75682760677734
295.7238410486822
295.6910486002501
295.6586728725959
295.62700912602054
295.5990052166138
295.579261562451
295.5673021321578
295.55974679022154
295.5544588999952
295.55046538234717
295.54741714324297
295.5449736900259
295.5427603924642
295.5412971000362
295.5411834025399
295.5433262207856
295.54909005321224
295.5595699877106
295.57494444091645
295.59497941697373
295.6192217914369
295.64742106859654
295.67929482619013
295.71447552470426
295.7528636497537
295.79385023776376
295.836890885361
295.8816165323846
295.9279313009623
295.9757286983194
296.02487867559444
296.07496001631426
296.12580170746077
296.1772077393892
296.2292191132941
296.28152533745987
296.3336669862248
296.38546546452267
296.4369793544676
296.47183932004685
