296.0925881335634
296.3409480194237
296.5776945863612
296.8040105906956
297.0197278697676
297.2241674246175
297.4129188635056
297.5874407938071
297.74784542538276
297.8941553646979
298.0249670415064
298.1359315513224
298.2299791530056
298.30713257510115
298.36753339481334
298.41050823442345
298.4335045229585
298.43774229673693
298.423459732669
298.3909503033501
298.3379363700786
298.2628361211641
298.16913007248286
298.05739342392104
297.9280177068139
297.78368454429045
297.62689529636214
297.4566511839745
297.27355274768655
297.07795778451043
296.8821677382934
296.69109039590063
296.4994845011473
296.30767493749255
296.1160457257859
295.9272922145474
295.7407712986731
295.55595064919095
295.37265341411023
295.1904390020736
295.0111886315543
294.83339260179156
294.6527275445875
294.476071058913
294.3010804312823
294.1342741577221
293.965038143801
293.7976320664587
293.63209466936195
293.4684387952859
293.30584926274935
293.1449646497438
292.98583763917424
292.82839851951263
292.6726890421351
292.519007359249
292.36709262332266
292.21692055830425
292.06849468040804
291.9215875614031
291.7756754608326
291.63113912665517
291.48802428175554
291.34627080073244
291.20594460004827
291.0672115559971
290.9299602723892
290.79421805845976
290.65992454079526
290.52699092271524
290.39529477391847
290.26501915211736
290.1359969974248
290.00363778969484
289.8649258717901
289.7345378027571
289.6051093740786
289.49035880962566
289.3665040627083
289.23981437095574
289.14118461757164
289.06971974189906
289.0865598131122
289.2414099167485
289.2916839304038
289.35352184854395
289.4227371304369
289.4975476202913
289.5766726417127
289.66404272581855
289.75977798902386
289.86162254753117
289.9693774999939
290.08293009434635
290.20980214025775
290.349645580704
290.50167125209543
290.66636609976246
290.8441433067997
291.03404839088483
291.2371260044959
291.4536771631122
291.6839692669388
291.9280735483325
292.17883087042463
292.4397734890801
292.7110262138997
292.9924362966037
293.28333659939426
293.572286927237
293.86434420342994
294.15937770297535
294.45696870999114
294.75550869432277
295.04261842627704
295.3233212852484
295.59748083941713
295.8648939573968
296.0427753067342
295.92176694396676
296.1635932427345
296.39366571442207
296.61134552250576
296.817008356558
297.0111020464342
297.1929795720714
297.36180212990007
297.5173744997157
297.65951573252556
297.7882191029403
297.9016085201393
297.99804594345125
298.07745114910074
298.14022472006985
298.1865596851266
298.2148037495528
298.2243169988088
298.2155557256045
298.18897420294746
298.14504265153096
298.0829617179363
298.002968912055
297.90548471020406
297.7908905343556
297.65989859119315
297.5154731130944
297.3593797091313
297.1917889925983
297.0126822211463
296.824051568916
296.63486579919686
296.44773717478046
296.26258808595645
296.07929082637986
295.898024106747
295.71916472893577
295.54045916895893
295.36175186017425
295.18217583118684
295.00315807944384
294.8258778397
294.6487964249157
294.47166441417164
294.2961112987266
294.1240043788089
293.9577414861388
293.79305079065483
293.630111512856
293.46899828066364
293.3097551172593
293.1519995808044
292.9958231189094
292.84118006556633
292.6880807562756
292.53669310358
292.3871062157919
292.23928943571093
292.09308005876477
291.9485068930277
291.80550817263963
291.6639138721563
291.52378389634964
291.3850275150991
291.24770859637607
291.11188576168274
290.9776778137622
290.8450261364326
290.7138943979364
290.5842003029452
290.4557798945284
290.3285000457219
290.20245327382713
290.0775894022472
289.9458842531983
289.81116277694167
289.68078491867675
289.5569640661836
289.4403878157147
289.32267334050323
289.20524173945444
289.12918061183746
289.0903513678062
289.1929783356925
289.34931235902434
289.4788546374257
289.58733899590817
289.6848763479714
289.7760519782183
289.8630288390621
289.94860699966637
290.0362337717723
290.1272878448408
290.2224198368296
290.32330602710437
290.43475709141796
290.5597454482544
290.6992039054903
290.85300143511324
291.0210393933788
291.20359319993014
291.4007114425244
291.61226661799174
291.83815125028826
292.0777192549012
292.329711839876
292.59297206410696
292.86671899733904
293.1503097378092
293.4402424559226
293.7313314688278
294.02316502631385
294.31572725196924
294.608790537035
294.89678046276424
295.1749883360688
295.44382152832696
295.7036210001156
295.87530998903486
296.746346856359
296.8451072888328
296.9415079532452
297.0354552296793
297.1268913166466
297.2157668857919
297.30197224655717
297.3853514345673
297.4658070629183
297.5432641464187
297.61759374617577
297.68863711723
297.7561960745794
297.8201521323184
297.88029164564205
297.9364939146487
297.98827109304966
298.03531179286443
298.07740665892294
298.1144714288596
298.1463084141834
298.1724141576841
298.19275143257073
298.2071688263159
298.21561923727285
298.2180151489603
298.21427507020064
298.20446339180285
298.18858594673424
298.1667184029289
298.1394956185876
298.1099484591027
298.0785201412322
298.0454982549218
298.01108978354466
297.97529770367754
297.9380216643786
297.8961686223669
297.85030398398976
297.80028578615713
297.74779449850547
297.6933428536203
297.63696049044023
297.57870428305546
297.51909121764714
297.4588158758154
297.3986649043871
297.33785837314446
297.27646564657675
297.21447761381586
297.1519268631235
297.088913429929
297.02548744236447
296.9616260838083
296.8973833284833
296.8328426572184
296.7680304945711
296.702949453134
296.63764190363264
296.57215342951383
296.50647554102324
296.4405885871412
296.3745842984816
296.3084129211927
296.242128884211
296.1757538376181
296.1093068920545
296.04278533873804
295.976292112863
295.90975126765363
295.84313001898596
295.77658024081296
295.7100062568213
295.64343001766434
295.57469316737695
295.5058109251583
295.4368264316289
295.3685884361778
295.30099557842817
295.2332400729099
295.1659209441177
295.1064777152925
295.04828091946405
294.9990088717553
294.94858407637054
294.9004529724728
294.85551284333303
294.8139025475441
294.7756981429559
294.74165057031064
294.7143131787906
294.6940998032028
294.6811684066708
294.6756069941789
294.6786931042988
294.6931537967507
294.7189236033698
294.7559678315206
294.80424916018535
294.86257266255166
294.9292767927883
295.00409239384885
295.08685628027644
295.17751349646954
295.2739680480915
295.37363328410817
295.47630831111866
295.58190071755655
295.6902417381888
295.8000573701096
295.90995738392553
296.0197484783569
296.1292351537829
296.2383327831391
296.34634216686817
296.45265902959216
296.5571053427625
296.659622143865
296.7281385893994
297.0809396704369
297.210305116351
297.3323160285262
297.44740063417623
297.5561719834822
297.6593899322882
297.75609616899544
297.84437600656963
297.9244471798771
297.9968076173809
298.06189401071606
298.11844688427783
298.1649223910472
298.2016235491526
298.22919422191126
298.24807570459586
298.2576424021748
298.2571771401927
298.2468160713583
298.22674684572036
298.1971688857988
298.15720254094373
298.10596832429457
298.04352606171415
297.9701120751467
297.88614508006634
297.7923939473384
297.69009529874273
297.58030270749583
297.4635312582261
297.34043667013344
297.2159360790553
297.0949943636711
296.97987891355
296.87152263447956
296.77041739724433
296.6762882504547
296.58359735592944
296.4892831855132
296.3931337672077
296.2956318571634
296.19794040017587
296.10038293611336
296.0021353726931
295.9042529846789
295.8079259580696
295.7169335574333
295.629566372631
295.54457843086317
295.46126522215894
295.37943178576535
295.2989217474451
295.2195823062276
295.1413178996075
295.0640161140131
294.98755366471386
294.9118749881157
294.8368860910784
294.7626325036918
294.6890349864591
294.61614973877647
294.5439727634273
294.4724234887173
294.4015348634074
294.3311766674447
294.26141981663017
294.19220962990426
294.12349462309123
294.05530254990254
293.9875166156849
293.92015486231884
293.8531616325308
293.7865614955956
293.7202958905738
293.65223891184166
293.5810722814247
293.50832561835284
293.4357059040977
293.36500824267824
293.29614463435195
293.2285199701722
293.16758865634665
293.118295415799
293.0982970683936
293.1093781460497
293.1406442567323
293.18195806954674
293.2236628636742
293.25920652195515
293.28610036569756
293.31312109501835
293.3485780779426
293.3963554569418
293.4580661362101
293.5336970312841
293.6228744956174
293.72505918974525
293.8395339371451
293.9653719669889
294.10110562601074
294.244748904237
294.3947621884257
294.5502714294086
294.7108125523902
294.87536136826026
295.041900565019
295.20953453119654
295.37791349104504
295.54711186638406
295.71607844895993
295.88245092830164
296.04587885545016
296.2067465218969
296.3653978735278
296.52062412301296
296.67006648391606
296.8138296680913
296.9525625804752
297.0443718617103
298.08388954756083
298.1907703350064
298.2916888700663
298.38637110545193
298.4755916700412
298.56008174686366
298.6397860781696
298.71338263506004
298.7806491469146
298.84191524064545
298.89764331209375
298.94722391556246
298.98947248434575
299.02428085331513
299.0518576982987
299.0725128569256
299.08584969912516
299.09080007072214
299.0874217693276
299.07590072423324
299.05655008254763
299.02899040420283
298.9926731160267
298.9475750119684
298.893753167441
298.83156337009524
298.7619014918268
298.685908262074
298.60474182047096
298.51925746897905
298.4305599511421
298.3451185951278
298.26963969988753
298.2079346388709
298.1622385753773
298.13312193876186
298.11489272279414
298.0740014814037
298.0135871165963
297.9417266784499
297.86305892409825
297.78078313622547
297.69706699979326
297.61319935700647
297.5300616431568
297.44803415958614
297.36748133483815
297.28845350617945
297.21117555464366
297.13554681691085
297.0616159331703
296.9892029573943
296.91829788825925
296.8486928399642
296.78027383356954
296.7129109517071
296.6465357581927
296.5810637830923
296.5163835603567
296.45245527304553
296.3892924248561
296.32696683643246
296.2655290074944
296.2049813554161
296.14534454818096
296.0865615415892
296.0286764621945
295.9716226799877
295.9153651204904
295.859840829315
295.8049161660795
295.75055822808145
295.6965803072871
295.6429459131633
295.5883843267081
295.5318524911767
295.47364817475204
295.4146305097166
295.35622593219165
295.29901068553374
295.24307589793733
295.1922821896012
295.15052691618837
295.1297141540598
295.13538862259577
295.16107162474765
295.1950955280935
295.22687473500065
295.2499048386282
295.26201272531284
295.26939739077517
295.2791305539106
295.2955663001415
295.32121254275745
295.3574592388735
295.40539884627395
295.46590587260033
295.5390929069691
295.6245931700987
295.7211998474737
295.8268264884519
295.93956059630904
296.0580929385146
296.1815162026909
296.30897033732293
296.43844130631913
296.5689842347068
296.70011716686867
296.8319141421241
296.9641195577638
297.0951747417143
297.22454387022947
297.3522100645201
297.47849131365933
297.6028348717124
297.7234594449857
297.8398872033724
297.95236274553963
298.0268173497436
296.1985307471887
296.28443978900924
296.37157628673117
296.4595052481048
296.547922343352
296.63643708934325
296.7247710021237
296.8126589530277
296.8997174578837
296.9855560421393
297.06995715474136
297.1525435335813
297.2331217144657
297.311256548694
297.38657755508586
297.45879108867655
297.527671167608
297.5928317347943
297.6539926082866
297.71089140152435
297.76324464015477
297.8108341931682
297.8535048426544
297.89099919328686
297.9231692752788
297.9498120616217
297.97082074799846
297.986149812462
297.9957792201312
297.99989508275195
297.998661202244
297.99231538319657
297.98130754411596
297.9661874049648
297.9476352177766
297.9263073828576
297.9027555093741
297.87737655160805
297.85025596083256
297.8211567952276
297.789955515693
297.7565197837095
297.7209956600104
297.68339506625745
297.64389324122203
297.6025684444266
297.55968937296666
297.5155468120945
297.4704879016331
297.4247140039749
297.3783100497997
297.33128892556937
297.2837199096595
297.2356225559864
297.1870087622557
297.1379306799757
297.0883639644393
297.03838764689084
296.98800560606577
296.9372634283419
296.8862055993948
296.83479800422526
296.783117900248
296.73116814776336
296.67894845147464
296.62650212902196
296.5738650796933
296.52106340743046
296.4680646282691
296.4149554822489
296.3617476279088
296.30841871006896
296.2550018904047
296.201383570967
296.1476472003307
296.0936280127088
296.03928861073655
295.9844595879922
295.9290789224736
295.8733001741514
295.8172918630699
295.761151033999
295.70528168703464
295.65044629308466
295.5982968671515
295.5504478924245
295.5076733772379
295.4697892096601
295.43627664001804
295.4061215053354
295.3784566397795
295.3527944097978
295.3290274665749
295.3074497688007
295.28828917417985
295.27207283592486
295.25921485290723
295.2502091269484
295.245544588763
295.24574683960185
295.2511114066846
295.26188396369685
295.2782776956223
295.30028117836775
295.3279930633462
295.3613745824214
295.40017035759763
295.44434523724857
295.49349286449205
295.5475202842451
295.60609144189874
295.66903617408155
295.7360418182398
295.8067908724468
295.8810423635363
295.9584733624028
296.0386569637294
296.12109962683337
296.17826903326886
296.93496527994205
296.9515610699132
296.9685216245536
296.9858633665642
297.00350784058156
297.02141019562094
297.03954969777465
297.0577471888489
297.0760595000566
297.0943175557788
297.1125199659485
297.13059363975015
297.1484298735026
297.1659237765054
297.18311718034283
297.1998772752025
297.2161735109597
297.23192993968587
297.2471132168253
297.2615581941917
297.27532768930513
297.2882792850989
297.3003662241662
297.3114873726216
297.3216662017945
297.3307836674246
297.3390586380384
297.3467734993726
297.35401844893596
297.36089552863564
297.3674426017626
297.37370007584525
297.3797666593608
297.38577159526375
297.3917548582641
297.3978339386884
297.4037808621692
297.40729666045286
297.40889990721246
297.40914114312585
297.4083455178528
297.4065288106612
297.4039494419029
297.40058794538146
297.39651365294895
297.391802393653
297.3865804661769
297.3807378705555
297.3744531221347
297.3677119181357
297.3605240503753
297.3528612740913
297.34481068773556
297.3363113029682
297.32743514175814
297.3182083128959
297.30854446514064
297.29849127702954
297.288115935784
297.2773524154295
297.2661977414178
297.25477050201795
297.24303292759095
297.2310214458539
297.2186723302691
297.2060908953817
297.1931987064632
297.1800374154467
297.16663821147114
297.15298988359484
297.1390866452109
297.12490788023223
297.11048667267875
297.09581210777606
297.08087427934225
297.0654517495648
297.049637166367
297.0334612996177
297.0169769581255
297.0003467948585
296.98352578982656
296.9667070331425
296.95027788849774
296.9347769433249
296.920577392323
296.90758524135225
296.89538239336196
296.8837732162057
296.87242800327147
296.8612135187345
296.8502265000555
296.839541937078
296.8293003446042
296.8196269782333
296.8106401609865
296.80243280491294
296.7953027066067
296.7893600509347
296.78471052552413
296.7813560641162
296.77931604772476
296.7786312885646
296.779279948452
296.7812566651851
296.7844860704491
296.7889395116981
296.7945442370536
296.8012357783364
296.80904204433165
296.81792964135946
296.8277833885301
296.8385936942532
296.850295537273
296.86285344374
296.8762850221108
296.89040136547777
296.90519510147976
296.920564944376
296.931376562553
305.1997147882133
305.2301551207208
305.2635659908061
305.2999202348757
305.3392159230821
305.38140869411063
305.42635330430676
305.4736364504124
305.5231406729215
305.574671446272
305.62816252225
305.68344727726173
305.74014774056354
305.7980953485906
305.85705147326007
305.91679975880396
305.9769692958812
306.03725297356937
306.09742587467963
306.15727922297395
306.21659334914716
306.2750030234631
306.33207050269914
306.3876166104155
306.441377319895
306.4931298382432
306.5426680090787
306.58979550769914
306.634248800027
306.67588831513996
306.71453621219
306.7505612958681
306.7842060292857
306.81560511204646
306.84482189233734
306.8719418989615
306.89680448102905
306.91806479131293
306.93578587598086
306.95016114411425
306.9613175067631
306.969447547291
306.9746644186165
306.9771057171552
306.97697405199176
306.9742490514004
306.9692229262045
306.9618841333286
306.9524280849379
306.94104991436905
306.9277316478622
306.91259489500715
306.8957305037861
306.8772334220049
306.8571412186863
306.8355226478923
306.8124424042632
306.7879936652576
306.762157592857
306.73506558690707
306.7066953488598
306.6771568855987
306.646458618739
306.6146968321155
306.58181494805194
306.5479270986717
306.5130755351947
306.4772960795268
306.4405446142088
306.4029352720687
306.3644536629413
306.3250742186903
306.2848829218269
306.24391990416547
306.2021524963085
306.1596865182904
306.11647622049475
306.0724397974643
306.0276785862078
305.9822027677516
305.9360271396975
305.8891957063855
305.8416779409737
305.7938227749703
305.7460354643038
305.6986399650036
305.6516588996975
305.605055344119
305.5588141409771
305.51296228985746
305.4678146046281
305.4236456358307
305.380630926718
305.33895126980735
305.29881571770443
305.2604548780175
305.2240208535244
305.1896212783389
305.15753534443775
305.1278385057326
305.10064079996306
305.07606331890247
305.05415082456807
305.03491391093564
305.01847082653205
305.00478280723695
304.99396196140015
304.98596636648006
304.9808998640168
304.9788079119255
304.97967466135776
304.9835094351424
304.99048229661577
305.00060824429
305.0138535528797
305.0301870014425
305.0495163522709
305.0719022398633
305.08882653714966
299.61583086626985
299.64961174951515
299.68571218215675
299.7239663740775
299.76438249896506
299.80680333384333
299.8511515198276
299.8970657502537
299.94448719566253
299.9932929173709
300.04327221815515
300.0942318951429
300.1458958764801
300.19797433745407
300.25029418134926
300.30277195102985
300.355046897868
300.4068993795804
300.4580730210395
300.5083896355385
300.55769525809063
300.6056676379555
300.6522495122756
300.69708149070647
300.740096856055
300.78107512225887
300.81988549535987
300.8564492265864
300.8906424001303
300.92235775557504
300.951582701089
300.9785706169232
301.00365347319644
301.0271718183698
301.04928118529557
301.0703625682826
301.08993593672324
301.10599565830216
301.1189880454086
301.1291539671
301.13665422333725
301.141637576421
301.1442734371728
301.1446785610285
301.1429212490597
301.13915544625354
301.133434258232
301.12587723421336
301.11659054565575
301.10568352019675
301.09315770377344
301.0791153591512
301.063642713965
301.0467783353277
301.02855255228025
301.0090107264929
300.9882365324839
300.96626351875506
300.94310464645633
300.91884509472555
300.893526992679
300.86713611691584
300.8398008301676
300.8114501657367
300.78220409079523
300.75203960876854
300.7210145429029
300.68916877488175
300.6565212776954
300.623054912699
300.58882948538906
300.5538488607989
300.5181539170883
300.48177767709575
300.4446675515382
300.40689556156025
300.3684345938816
300.32929922272314
300.2894704905261
300.2490357150258
300.2079278534101
300.1662699840926
300.1239898491033
300.08148878569864
300.039253472352
299.99755191806366
299.95627011585566
299.91536019037693
299.8747574398456
299.8343597010895
299.7944499783482
299.7552468233903
299.71695975641404
299.6797532436752
299.6438431665724
299.60950856672173
299.5769574856549
299.5463305736801
299.5178841972731
299.49183687162616
299.46826670790574
299.44730991637385
299.4291362380287
299.41390921298387
299.40167718872567
299.3924562853957
299.3862564047208
299.38323903831247
299.38343688558797
299.3867694066946
299.39323961098916
299.4028612762118
299.41554825077066
299.43131329812377
299.45011573576505
299.47172423120344
299.4960878926008
299.52310384655533
299.5429267924249
304.7859132552615
304.8197368395602
304.8567060306881
304.8967327231654
304.93956227842574
304.98517378234675
305.03330103945746
305.0838484163867
305.1366131553017
305.19149072155534
305.2482754054083
305.3068073312437
305.36694158527575
305.42853074837785
305.49131186520356
305.55514265384795
305.61983792764585
305.6851880546261
305.75105550327044
305.8171638138186
305.8833382366095
305.9493577420141
306.0150214797562
306.08013873808
306.144355021801
306.207535932039
306.2694544071796
306.32980221647585
306.38837604754156
306.44501334665097
306.4994260158921
306.5514739187186
306.6011584952546
306.64841957266793
306.693285590635
306.73594847879104
306.7764466251034
306.81418549269995
306.8485367969757
306.87899104826744
306.90523274852956
306.9271518016237
306.9447191085351
306.95799103041816
306.9671029095212
306.97226624824117
306.9736026284125
306.97138415560283
306.96579288061866
306.95709322313843
306.9454636003469
306.9310486416793
306.9140987319159
306.8947363976222
306.87315349918
306.84944582284993
306.82375658591104
306.79622699961095
306.76694445142346
306.7360326103676
306.70356475297973
306.66965664885646
306.63434867768717
306.59776020637577
306.5599352564123
306.52092981950597
306.48084301093206
306.4396930757889
306.3975359846555
306.35448708604565
306.31052514541625
306.26572972147187
306.22010165461114
306.1737515443707
306.126645732528
306.0788711990255
306.03042069407877
305.98132041631817
305.9316216325904
305.88127616351727
305.83041757350975
305.77894984942253
305.7269975423962
305.6745715854851
305.62176359133935
305.5687718710639
305.51562213426735
305.46260805986554
305.40973161066654
305.3571498360209
305.30483292704724
305.2530291766676
305.20183371968244
305.15147491806135
305.1020124936171
305.05382294017085
305.007038523097
304.96198342505306
304.9189502159345
304.8782113537589
304.84009867436623
304.804841786242
304.77269835081796
304.7439422498786
304.71876166919577
304.69734385062657
304.67977673172084
304.66629665806175
304.6568758269983
304.65166017382626
304.65066191861195
304.65384364739856
304.66119602464613
304.67262091267474
304.6881127725993
304.7074936262505
304.7306650954971
304.75747437180235
304.7776508330331
303.0651507815522
303.1102236383571
303.1588298241023
303.2108748843271
303.2661216335796
303.32443336782626
303.38559745829656
303.4494633861825
303.5158403304143
303.5845373129882
303.6553579259598
303.72811141572606
303.8025187207475
303.87828079693827
303.9552264573903
304.0329561187444
304.1112755726646
304.1898888873225
304.2684245946906
304.3467041383314
304.4242778257729
304.5010113037065
304.57646444794193
304.6504091496923
304.72264274413584
304.7927556891758
304.860661904051
304.9259827330137
304.98846867985236
305.04792415339443
305.1041575534792
305.1570783801876
305.2065735046201
305.2527629664736
305.2957054641707
305.33544576248886
305.3720490905331
305.40470324828806
305.4324391932429
305.4548092978532
305.47172669754826
305.4832761631465
305.4895348688817
305.49089732108183
305.4875059130754
305.4796974143232
305.4679050583884
305.45232944498554
305.4332664747752
305.41108526906703
305.3859954799296
305.35819830735113
305.3280457468477
305.29565084045566
305.2612266122036
305.22499455813164
305.18705013531496
305.14755671816584
305.1066456511733
305.0644361322176
305.02107904219065
304.9765597152525
304.9310952179546
304.88468562158073
304.8374494571758
304.78943994418785
304.740728522048
304.69132628094644
304.64135822762233
304.5908512200787
304.5398369743236
304.48835017672684
304.43648489044875
304.3842142568262
304.33159781755774
304.2787007319115
304.22545521394136
304.1719873926886
304.11819663522937
304.0641886075003
304.00996599475394
303.9555937544216
303.90095281288154
303.8461531300409
303.79120289705
303.7361036557074
303.68088492425267
303.6256190841243
303.57034870201494
303.51521766532636
303.46029887908423
303.40591350066285
303.352340996654
303.2998693269141
303.248794434696
303.1993832363681
303.1520794691207
303.1071785179072
303.0649455980179
303.02575684612066
302.9898832869446
302.95745780112424
302.92881219975635
302.9040883936379
302.8835077229562
302.8672309368075
302.8553392646888
302.84789821641397
302.8450300663712
302.8468154463369
302.8532988182578
302.8644087061373
302.880189964909
302.90055345026843
302.92536803735885
302.95455889113094
302.9879546505277
303.0253947831528
303.053062765994
304.7965372190817
304.8267706834803
304.859867808259
304.89559918925966
304.9339210668606
304.97464724295554
305.0176780673046
305.06296772618646
305.1103444107984
305.15973681256605
305.2110449955164
305.2641849155657
305.3190139657882
305.3754453010128
305.4333409005855
305.49260349875715
305.55313329690273
305.6146878206563
305.6772259630517
305.7405236152274
305.80440829290274
305.8686818827062
305.9331428200479
305.9975665194572
306.06175123684295
306.1254149452992
306.18833613828855
306.2502517368953
306.3109379866866
306.37008914132645
306.42749113819457
306.4829320200864
306.53641470837533
306.5878587857883
306.6372800281176
306.68474842869523
306.73032667741086
306.7732626316969
306.8127206030966
306.848081505934
306.8789165801672
306.9049932097953
306.92627178507576
306.94278223243333
306.9547454186673
306.9622533551529
306.9655512040938
306.96494944653153
306.96070200241405
306.95303157081315
306.9422201356967
306.928523674924
306.9121017659255
306.89316370052495
306.87188957385024
306.8484799113419
306.8230412267613
306.7957344396841
306.7666643468546
306.73596618775974
306.7037414161245
306.67007778139356
306.6350830611654
306.59880366737
306.56140242273693
306.5228318315943
306.48322284855476
306.44258433373466
306.4010688655178
306.35862602792076
306.3153392182271
306.2712605641629
306.22645134175684
306.18092338859117
306.1347463196996
306.0879217266293
306.0404369511505
305.99238270905244
305.94375435068605
305.89456414066495
305.8448727793413
305.7946490624543
305.7439485033684
305.69282576374883
305.6413188268267
305.5895371184192
305.537578509777
305.4855151662815
305.43343743819787
305.38139548891075
305.32950524883626
305.27790786570375
305.2267798346612
305.17632990473055
305.12682354023656
305.0785094388932
305.03162355931596
304.98653357645117
304.9435098321502
304.9028550726991
304.8648662565896
304.82984365159786
304.79797309444086
304.7694652677583
304.74455454683795
304.72338368804395
304.70610488053677
304.69273694316206
304.6833721239492
304.6780318831809
304.6767544603433
304.6794015305969
304.6859611526355
304.69632840661984
304.7104441604002
304.72811788344757
304.7491525094839
304.77352050604486
304.79181790960905
304.63897899177965
304.66853007900073
304.7012544492329
304.7369771178442
304.7756458808728
304.81714119017175
304.86130963496595
304.90804047663164
304.9571410312058
305.0086002199734
305.0622459518575
305.1178851060828
305.175443024371
305.23468854281896
305.2954690575863
305.35757938257393
305.420856093244
305.48506287769555
305.55006783940485
305.61556105116654
305.6813553655976
305.747274591674
305.81310352175257
305.87862421308824
305.94361145749986
306.0079236950359
306.0712341266413
306.1334653036694
306.19433467050345
306.25363149982314
306.31115496469727
306.3667431144999
306.4202847870684
306.4717142661057
306.5209886929253
306.56810834324256
306.6130298576057
306.6553407576029
306.694274503996
306.7293616686513
306.7602383416581
306.7866913437753
306.8086951710731
306.8262990616299
306.8395544521583
306.84857286514637
306.85361080472825
306.85474598101524
306.8522824489413
306.8463538476216
306.8371726244324
306.82496501943865
306.80992495970116
306.79219314834535
306.77191018254257
306.74929058927717
306.7245003118724
306.69756498166123
306.6687492689709
306.63811221048655
306.60574764028735
306.57182842764917
306.53638860278147
306.4995666172299
306.4614370974835
306.42212655782737
306.38163999523584
306.3400945376186
306.2975935685146
306.2541479290847
306.20985226154886
306.1647318214181
306.1188808313326
306.0723260053532
306.02513816275535
305.9773104096427
305.928967489911
305.88005203181604
305.8306497966445
305.7808059247131
305.73048228966184
305.67977144746163
305.62864207184566
305.57723578055686
305.5254455559148
305.47336680522506
305.42105413257104
305.3685776943384
305.3160105152122
305.26341710907724
305.2109758471652
305.15881913750803
305.1071365816803
305.056198190679
305.00620349072426
304.95739483388684
304.9100064271559
304.8643936903127
304.82074538542236
304.77937449971904
304.74047297986607
304.70437053394943
304.67123723906263
304.6413155976518
304.61477796077
304.59180143589754
304.57246959377585
304.55696627066055
304.545317405597
304.5376516394551
304.53398450622245
304.5342563496652
304.5385343441219
304.5467153562455
304.55872922597024
304.57453744770663
304.59400946642313
304.6170006808012
304.6345897067523
301.8488646550958
301.91989662385924
301.9899520446863
302.0591677740664
302.12748766956923
302.1947796127492
302.26048698030996
302.32335440324766
302.3829852565926
302.43937172312206
302.4925778580833
302.54203979571076
302.5870183365608
302.6276271659065
302.66414663352305
302.6967653849378
302.7253133902102
302.74957056512613
302.7695045532886
302.78517147503845
302.7966664777074
302.803715633262
302.80618809597786
302.8040781802286
302.7971380045802
302.7853729052598
302.768607038361
302.7469697502466
302.72079697408833
302.69055432883664
302.6569397503837
302.62230043376525
302.58887790202846
302.5577700609173
302.52928337496394
302.5035919131997
302.4809238939244
302.45769715781944
302.43133140693425
302.4019449351143
302.36968115340454
302.3348299405392
302.29777152238825
302.25879704747996
302.2181589737178
302.1762415198155
302.1332856045478
302.0894898393373
302.04527616792666
302.0006926555839
301.95585756023553
301.91088076540393
301.8658343956068
301.8206390986114
301.7754676097942
301.73024867666834
301.68493525586155
301.6396328611034
301.5942999766857
301.54888164947863
301.5034257591199
301.4578991949142
301.41233085152925
301.36665514949203
301.32085439808645
301.2749288318218
301.2288499071077
301.1826109033609
301.136235860145
301.08970297062683
301.0430835821651
300.99638778573143
300.94954351870183
300.90254105253695
300.85543653813653
300.80800934070845
300.76018910097
300.71188194679104
300.66306322227734
300.6138298193237
300.5643757386215
300.51483471957846
300.4657856532827
300.4221947114531
300.3919785831274
300.37521904023316
300.3667726076261
300.3629547499755
300.361936237852
300.3628688904712
300.364850356353
300.36725128556697
300.3708697621851
300.37701688139055
300.38706958390344
300.40313933847887
300.4265349047019
300.45726059775143
300.49456333127495
300.53764311991995
300.5860298879945
300.6392188749628
300.696581581615
300.75778012761964
300.8219805467677
300.888309096602
300.9563303261951
301.02586597838234
301.09688699389915
301.16910357147736
301.24194171296926
301.3151976616555
301.38879474012157
301.46278083602584
301.53673236752235
301.6101736781934
301.682843601662
301.7548670323935
301.80351035884723
