289.2639048158703
289.4637982732837
289.65448049496484
289.83647369184627
290.01004042662436
290.17410648198427
290.3198039889136
290.4526749223638
290.57376807421105
290.68342956864046
290.78056287709086
290.8602545489767
290.92603031532934
290.97828960656346
291.01726361199746
291.04229531153493
291.0511604050552
291.04581492057935
291.0264605202009
290.9933263348137
290.9456186338214
290.8825312183901
290.80563467857394
290.71531588055046
290.6118057268709
290.49694990963786
290.37278971260474
290.2383019185099
290.0937523172896
289.93932619791065
289.78689604088635
289.64216064462215
289.4971849478719
289.3517912533418
289.2060617090463
289.0639639188578
288.92569740991144
288.78903278670293
288.6539507769013
288.5203821556456
288.3693977093263
288.2272354761439
288.0782747720629
287.93969195297933
287.8033365868632
287.66216407467255
287.5272807729692
287.3939162979122
287.2620008801903
287.1316076285438
287.00322771324835
286.8764840831898
286.7512725856483
286.62755940997477
286.5053851895294
286.38464730371425
286.26542625619464
286.1477263066307
286.0315090381004
285.9167807860731
285.80345335436107
285.69167067132497
285.58132198692806
285.4723654815667
285.36480623264384
285.2586617882193
285.1536997576592
285.0499828526761
284.9474710013054
284.8460713364168
284.7456309804626
284.6462281727159
284.5478543929387
284.4555037315154
284.37243262295107
284.2825464799059
284.1938771900344
284.15156806274706
284.11710876303226
284.17368107041693
284.1465686577501
284.13064711563453
284.1570039308468
284.22992617206484
284.24670940425614
284.2494771522188
284.2518929714623
284.25425973748696
284.25632772607753
284.2819593403732
284.33312727142595
284.39189983989536
284.45700999229695
284.5279902646115
284.61203050085334
284.70920859687027
284.8170625519199
284.93572606229975
285.06549961286123
285.20194498610573
285.3480067618035
285.5054551931704
285.6743889077092
285.8547753434489
286.0463966994844
286.2482928503498
286.45972991612916
286.6804992849449
286.9103801668312
287.146791440699
287.38743014003023
287.632134500735
287.8808513354714
288.13232902259557
288.3733518641338
288.6101677261289
288.84357977430517
289.07365260214743
289.2281729051742
289.5717381627591
289.76923054759936
289.95364507769733
290.1267284260161
290.28981509968656
290.44361259834983
290.5870345219739
290.71841728277724
290.8378519871787
290.94574996438257
291.0423494766416
291.1261392710736
291.19634392592866
291.2532461798796
291.29719088370376
291.32842255957456
291.3463837594364
291.3507488194398
291.3417369008736
291.31959203192804
291.2844981112261
291.23649833217144
291.17585225285626
291.1027634782604
291.0173560946291
290.92001353004935
290.81305153288366
290.69732081034323
290.57269491866583
290.43902212465935
290.29804683615566
290.1581609630338
290.0211004416289
289.8863536516686
289.75338261434
289.6225639738798
289.49514433444455
289.3696544951727
289.2455649260639
289.1230236164397
288.99951097059227
288.8679820235158
288.73379916977143
288.59694266546705
288.4626797170462
288.3297458541568
288.1953929967039
288.0640147456208
287.9352526792159
287.80878427079284
287.6844258805188
287.56202304841383
287.441488257319
287.32274512678384
287.20571346518113
287.09040799540594
286.9767335020997
286.86467766253463
286.7542258337948
286.6452759903183
286.5377567482953
286.4316057468731
286.32683812125185
286.22343754174995
286.12136591716796
286.02039486286617
285.920352156328
285.8213222266851
285.7233269585006
285.626287600443
285.53026214199105
285.4351519565521
285.34090566477397
285.2475151852995
285.1636149715793
285.08495038322764
285.00349035222126
284.93505001000705
284.88700704944745
284.88668819779815
284.89594972630977
284.9008831463536
284.9258444599568
285.0104108333922
285.10724864431154
285.18237600049315
285.2400132244068
285.2864811435865
285.32495511877175
285.35606663678476
285.37763899629897
285.39492597558205
285.4118381350478
285.4300379457527
285.45479452097555
285.4983667610401
285.56079747069293
285.63974642012255
285.7336425060506
285.8407616183721
285.96019050713375
286.09245663502327
286.2375916959528
286.3952127873667
286.5653296409578
286.7481520574789
286.9424871176389
287.14721217138
287.3615206602118
287.5837945436779
287.81078996379995
288.04115708170207
288.27417451525906
288.50949783305276
288.7408006687445
288.9645824022346
289.1821103876663
289.39410287466205
289.5353467231882
292.78429749934185
292.8617383405256
292.9377285025797
293.0121289170119
293.08490853759497
293.1560020606778
293.2251768450156
293.29217448742264
293.3568721535862
293.4192305405181
293.4791344843858
293.5363593724048
293.59069735142623
293.64207462340164
293.69036948832195
293.7354815903758
293.7770764162128
293.8149767039255
293.8490151434042
293.8791925356571
293.9053140528999
293.9270744801085
293.9442658892561
293.95689389914475
293.96489132185496
293.9682372538358
293.96696259983054
293.9610873662212
293.95064735363474
293.93567674828614
293.9166218982507
293.8954303675473
293.87253198898196
293.84811613079876
293.82226110745285
293.79515463921285
293.7670598085741
293.73673112231984
293.703756999168
293.6686207459546
293.6316249118899
293.59152570983053
293.54893307189957
293.50381179098486
293.4574210421346
293.409496163309
293.3593767653257
293.30826366325374
293.2562349499159
293.2034701012141
293.15006942450964
293.0961514500816
293.0417934478649
292.9870307726887
292.9319614005074
292.876538173805
292.8208573460951
292.76494072568846
292.70876935731525
292.65243751260925
292.59592124712685
292.53929376412816
292.4825619867043
292.4257240274554
292.36879333634363
292.31179791549107
292.25477670876325
292.197714868
292.14063485024985
292.08354482819925
292.0264430224222
291.96937530540345
291.91231328527294
291.85529567688343
291.8005987674423
291.74622975906806
291.69208281682415
291.6407734453414
291.59219373084767
291.55020402230167
291.51044203282333
291.4736448468941
291.43959222543475
291.40980971328014
291.3800144016989
291.3522343291518
291.3269551613161
291.3042584030352
291.28421860129106
291.2673042220599
291.2552240017333
291.24826297805856
291.246510903986
291.24997965394954
291.2591893761856
291.27519172250453
291.2980516512989
291.3277056308754
291.364131364383
291.4068390702919
291.4548850227812
291.50816825956366
291.5666445060287
291.6302285662186
291.69787741812115
291.7682045939459
291.84106750125295
291.91637034182475
291.9940969486953
292.0733981343098
292.1534309750781
292.2340367019776
292.3150625401855
292.39649032584606
292.47780160806536
292.5585215959385
292.6385085965734
292.7176928605147
292.771053349486
291.1256665204278
291.2223737638583
291.31438357009614
291.4012784158718
291.483458544246
291.56135592755334
291.63438818453665
291.70131620055975
291.7621228037361
291.81714519303245
291.8666635410319
291.9098910833951
291.9456777526535
291.9741917246593
291.99569486320894
292.01063035920237
292.0183382780905
292.0180225476226
292.0098360383982
291.99391464203586
291.97042334816643
291.93902187290473
291.89932401410374
291.85142641231056
291.79559775182804
291.7321024291731
291.66144153458947
291.58428634454145
291.50130942541733
291.41289006176964
291.3197491237044
291.22599572749084
291.1357477619071
291.0509559543172
290.9724978371796
290.90078979344855
290.8368776280689
290.7795712385629
290.72791844307244
290.68173172915886
290.64088197895137
290.60244464430593
290.5636598240015
290.5214684989375
290.4785443220902
290.4355865782848
290.38926763344807
290.34165404555665
290.29417098400273
290.2474831742858
290.2017440563587
290.1568080809177
290.11263072997076
290.0691809575075
290.02640742016854
289.98428302141093
289.9425830605845
289.90111707121997
289.85988319965213
289.8187416046514
289.77764340483975
289.7362304609933
289.69445866793666
289.6522593169884
289.6096894792588
289.56665925797245
289.5229661306257
289.4784781456081
289.4332856524139
289.38743694573645
289.34087112789575
289.2934266594684
289.24509467212613
289.1959657608097
289.14828299413745
289.1034377749259
289.059793164873
289.01709288037154
288.97789544508015
288.9441734043078
288.91550195821486
288.88986103395126
288.8699757458893
288.8618235714796
288.86388352903407
288.87065234904446
288.8771699599275
288.87901749965806
288.873410454846
288.8599068725847
288.8459659632471
288.8382778329521
288.8399369420603
288.8521149271181
288.8749781530988
288.908617677879
288.952994958553
289.0077344728192
289.07224118026613
289.14570362220974
289.2267085998616
289.31425680306904
289.40771690780167
289.5065833311273
289.6100377595799
289.7162784886444
289.82446820001365
289.9344830608449
290.0462770192088
290.1592874523489
290.2720515969902
290.38420324820856
290.49577960795904
290.6070356212143
290.7169734641945
290.82380501031327
290.9273986371788
291.02808863649295
291.0951047401579
292.6075154364335
292.68710731311074
292.7624804684554
292.8335381259226
292.9005618257897
292.96393791936686
293.0233418618306
293.07759829283435
293.12645174418975
293.1701601025115
293.20902210162615
293.24281154793084
293.27071810212476
293.2926250990269
293.30873783034616
293.319323891573
293.3240760831367
293.3223294724991
293.3140173055634
293.29933899069397
293.27849094681443
293.2514494686724
293.21794089013605
293.17806146697353
293.1319838533181
293.08002080981396
293.022657827863
292.9605293820139
292.89424260831163
292.82434976208043
292.7515049713936
292.67937311460514
292.61202637063684
292.5519284189362
292.5003649729653
292.4578667487162
292.4221289721795
292.37908815144345
292.32961101371126
292.2771009123711
292.223724544733
292.1709132653114
292.1193813547013
292.0693484680018
292.0208910360279
291.9740150129487
291.928605332417
291.88465941356077
291.84205191264107
291.8007186835645
291.7606484816742
291.7217617888359
291.6840215760413
291.6473684389612
291.61183891079577
291.5773379695452
291.54383479348223
291.51121906052833
291.4793816290161
291.4482285204636
291.41770206948854
291.3876100073443
291.35776925758574
291.32799727321583
291.2981268598171
291.2681017533118
291.2377787904575
291.2070877293486
291.1759151917563
291.1442644099381
291.1121242073942
291.0794430034151
291.04627464758516
291.01265543078887
290.97985911855204
290.94897777434466
290.91962661215507
290.8917770954117
290.86685241136416
290.84623243443195
290.82967301209055
290.81589573373105
290.8063307929647
290.8053406611159
290.8138458116019
290.8273190007315
290.83939362095254
290.84489253276826
290.8410406068938
290.8275149094804
290.8098119281464
290.79367250705315
290.7824245734263
290.7779109070661
290.78114769216705
290.79304909003986
290.8144500972918
290.8457089314489
290.88670891331975
290.93689322569713
290.995130982856
291.0602501249667
291.1314328293144
291.20808183769856
291.28952681994537
291.3743392456775
291.4615698148141
291.5507385776888
291.64167428801136
291.7338532815159
291.8261277071787
291.9179924341395
292.00930427557313
292.10023219824274
292.19048082162647
292.27875498404205
292.3645870284825
292.4480812641905
292.50367576880296
290.9088412670772
290.96631838590514
291.02491250624394
291.0843880318435
291.1444505104453
291.20479177734035
291.2652118014264
291.3254125645225
291.3851845352294
291.4442049110487
291.5022138920344
291.55898024037765
291.6142964000371
291.66783448600034
291.7193619579288
291.7685490999963
291.81528960318116
291.85928592992883
291.90035294999126
291.9382070176685
291.97268322001787
292.0036279194302
292.03085350194954
292.054234362328
292.07364265016867
292.08898079167733
292.1001434764776
292.1071619211672
292.1100782867414
292.1090319461404
292.1041698216868
292.0956613373153
292.083869626039
292.06916021914293
292.0520961634707
292.03303761264584
292.0124903142289
291.99078229121477
291.96824682710064
291.9450123239583
291.92127805837447
291.8972850487226
291.8732152093439
291.84909747802703
291.82488987028245
291.800536256911
291.7759659697835
291.7509499943975
291.72537053993176
291.6991788908864
291.67248577253497
291.6453087700196
291.61771509567814
291.58980233528246
291.56160022182985
291.53314840292285
291.50446169581244
291.4756032409151
291.4465638705048
291.4173884014485
291.3880320300889
291.3585729939175
291.32893334163344
291.2991287042634
291.26912006865547
291.2388929093065
291.20847019507295
291.17776385796225
291.14681911151473
291.115529745917
291.0839292266009
291.0520176532071
291.01975111316534
290.98712356666425
290.95413446490863
290.92083209221613
290.8873896458612
290.85389597100624
290.8204542409343
290.78719562296163
290.75440304178494
290.7223593641118
290.6912657964834
290.6614357373922
290.63351062927353
290.60799123273466
290.58489123770374
290.56388689902667
290.5443279411307
290.5255280975311
290.50693423695486
290.4882065847111
290.46938735035803
290.4508273998395
290.43282817700293
290.41594629602645
290.4005735275019
290.38723570658414
290.3764917340507
290.36877058528665
290.3644613159007
290.36386295028007
290.36717193794385
290.37454499787157
290.38605961128604
290.401761308109
290.42163897742523
290.44553281338585
290.47330737234296
290.50485039718995
290.5399878434557
290.57852599489183
290.6202390476273
290.6649212646552
290.71235366687785
290.76232959093187
290.8145043833407
290.86860447354036
290.9063210199306
291.8798544407329
291.8904246155214
291.90135402522253
291.91258137541257
291.9240717579268
291.9358076349871
291.94775691104826
291.9597860980247
291.97183159833077
291.9839185684453
291.995920390937
292.0078536514468
292.0195910057669
292.0311163252601
292.0423713279556
292.0533285973094
292.063935805619
292.07410720212937
292.08381318742823
292.0930072732172
292.10164947092466
292.10968735696207
292.1170916176549
292.12378808688965
292.1297405772608
292.1349774590378
292.13951668316673
292.14349559145245
292.1469050151592
292.14986566468883
292.15230096698207
292.1543076795237
292.1559813702568
292.15741905125446
292.15868862863164
292.1598628814437
292.16088015438027
292.1609094058587
292.1601063300216
292.15869518877207
292.156874274719
292.1546878806248
292.15218738909095
292.1494234509435
292.1463475375676
292.14308578632995
292.13955835365056
292.1357883705063
292.1318083801612
292.1276464847895
292.12328967021364
292.11878221758366
292.1141566740949
292.1093893517095
292.10454744451334
292.0995791931914
292.0945272718072
292.08936808442775
292.08412678455386
292.07878577972446
292.0733206218683
292.06773607288017
292.0620017492071
292.0561027254865
292.0500487991878
292.0438345273312
292.03743266971077
292.03083005182526
292.0240156111202
292.0170483524419
292.0098292093928
292.0024085577198
291.99477408893523
291.98691788311845
291.9788974505
291.9708206957777
291.96274723014744
291.9546273979438
291.94655865601953
291.93868529469313
291.9310762378252
291.92375022002193
291.91682020810083
291.91050954202854
291.90483346511036
291.8995014738085
291.8942464159311
291.8888041085228
291.88302233188426
291.87679495758323
291.8702367173194
291.86340877823795
291.8564798807095
291.8494644324256
291.84254132908933
291.83584446155027
291.82961811564184
291.8239806969927
291.81903556276734
291.8148633964959
291.8115297805366
291.8090692327196
291.8074882465226
291.806835125674
291.8071068348313
291.80824865091284
291.8102132270834
291.8130200266442
291.8166334990694
291.8210340375535
291.82618357440015
291.83206850317083
291.83863684443344
291.845886877702
291.8537824097007
291.8622446316406
291.87118529968586
291.8806344389033
291.88729872936506
298.3337903493262
298.36218917671636
298.3924233251106
298.4244901123233
298.45829536008097
298.4938801575146
298.53105420618914
298.56964103038223
298.60948488101974
298.6504571505092
298.6924959811758
298.7354425293195
298.77904646906944
298.82311546312764
298.86753325420455
298.91211500974424
298.9566268160962
299.000854833142
299.04462555457326
299.0877795714553
299.1301394906511
299.1714949971759
299.2115488236021
299.2501385673884
299.2870332592579
299.32211828531194
299.355264930427
299.3863849887235
299.41533204129564
299.44198568621107
299.4663182847201
299.48851770193227
299.5088824985749
299.52748548669933
299.54439006718576
299.5596888290899
299.5733265082419
299.5847959049604
299.59401739724586
299.6010820269983
299.6061177230674
299.60914661563044
299.61020201175927
299.60932034200914
299.60663628421753
299.60218128318684
299.59604190317594
299.5882441835632
299.5789065149304
299.5680379538216
299.55575641733486
299.5420541212012
299.5270757622276
299.5108253314992
299.493350458348
299.47471277720246
299.45497120737895
299.4341296852127
299.41229351127924
299.3894735998271
299.365692543937
299.34099438493314
299.3154335795046
299.2890353869599
299.2618151050322
299.2337806287996
299.20500525397176
299.1755036468198
299.1453035665534
299.11439025055205
299.0828540137913
299.0506771290131
299.01789715590144
298.9845586172214
298.9506476310707
298.9162226151147
298.88132747778025
298.8460393834681
298.8104190774324
298.7744491202065
298.7382262035982
298.70178046853823
298.66526932606797
298.62883595187355
298.5926805339232
298.55698766304516
298.5217366143716
298.48690395426155
298.4525231412154
298.4185840012189
298.3853758423487
298.3531532816822
298.3220390861207
298.29212964268595
298.26364120908744
298.23680820501914
298.21187079029954
298.1890133568169
298.16829753949804
298.1498117843308
298.1336175984112
298.11973003970786
298.1082184425828
298.0991104442448
298.0924466533431
298.08823027795944
298.0864304524276
298.0870917365979
298.0901899778273
298.09575708274974
298.1037479692579
298.11409987765893
298.12683615598957
298.14197318720556
298.1595025677273
298.1793154238364
298.2013229940413
298.2254814529047
298.24309051466486
293.87056562389915
293.9029260186685
293.93688447452143
293.97233473401855
294.00915420679837
294.047236041051
294.08645000344035
294.1266137197634
294.1675506091435
294.2091213804445
294.25119564620377
294.2935597960965
294.3359484886216
294.3782399666658
294.42018206968237
294.4617396253934
294.5026231928555
294.54268558687966
294.5817285695285
294.6196122799837
294.65620367243054
294.69132556704164
294.7247687834859
294.7564398911559
294.786145509736
294.8137813415841
294.83929212029255
294.8625868774375
294.88363652920253
294.9023782477808
294.9187816079466
294.9330964297542
294.9456205770469
294.95660286274665
294.96624841100197
294.97473326415815
294.9820704205423
294.9874724348307
294.99104622144876
294.99287221719874
294.9930682898674
294.9916658810981
294.98870561097254
294.984171282382
294.97815955656415
294.97074336925715
294.9619778806385
294.9518973687152
294.9405951046666
294.9281222582802
294.9145339130359
294.89987354564283
294.8841842361139
294.867547301492
294.8499752846994
294.8315440628826
294.8122569693024
294.7921751939545
294.7713222172177
294.74970311253117
294.72739701876804
294.7043654690801
294.68065667414294
294.65628949690057
294.63124950057903
294.6055950347801
294.5792963762925
294.5523839267387
294.5249075423147
294.49682488938566
294.4681735595594
294.43902240615483
294.40932061790636
294.37909196391183
294.34840475009213
294.3172247123309
294.28564376560837
294.2536928824476
294.2213641958607
294.18876335448306
294.1559888589689
294.1231123357012
294.0902713673982
294.0577331090285
294.02558401282243
293.9938872965485
293.9625715817101
293.93154784224555
293.9006956364206
293.8700256053061
293.8397076681569
293.8099746694858
293.78097618102817
293.75293074579383
293.72602703100574
293.70054396302237
293.6767845089225
293.65486999504157
293.6350672191231
293.61748396972763
293.60230160778116
293.58957482179386
293.57936058917596
293.5717512224163
293.5668121694541
293.56458534672447
293.5650856224839
293.5683381715406
293.5743766988797
293.5832122500618
293.5947328377707
293.6089191628889
293.62568208383084
293.6450504945166
293.66690863433814
293.6910837566577
293.7174825918791
293.7459662241738
293.7664820733019
300.92281483417014
300.9483999664301
300.97650744698893
301.00705888398414
301.03987735843657
301.0748232326906
301.11178784335283
301.1506431962852
301.1912040518532
301.2333891004841
301.2770031935871
301.3219184247503
301.3679845175402
301.41507858813253
301.4629476289143
301.5115041167995
301.5605977711936
301.6100222684791
301.659642096865
301.70923652654454
301.7586942708541
301.8078347039634
301.85643628825187
301.9043510979377
301.9514012001929
301.9973599664173
302.0420998907387
302.08543033344114
302.12717553707347
302.1671978085426
302.20534449365715
302.241514881625
302.27571733669214
302.30788534614817
302.33811763620974
302.36648802592515
302.39304128760625
302.4176454973101
302.44007652269545
302.46013191633966
302.47764770826524
302.49266693029404
302.5050686585574
302.51490227199025
302.5221868139149
302.5269638985451
302.5293340313757
302.52936108409125
302.52711155738973
302.5226495543771
302.5161086204334
302.5075532359554
302.49706984345494
302.48479847232267
302.47077860545414
302.45511887697137
302.4379210761708
302.41926854109016
302.39922293278306
302.3778432907395
302.35519343744335
302.3313655627672
302.3063916371145
302.2803216069797
302.25323304732717
302.2251425693326
302.1960973618555
302.1661570500213
302.1353498483216
302.10370141220824
302.07125284136214
302.03805326979074
302.0040774808836
301.9694128163991
301.93407753961395
301.89806299103753
301.86143568439445
301.82424262741546
301.7864944334592
301.74822716287684
301.7095169224272
301.6703598490177
301.63082938011314
301.5909621907135
301.5508217275471
301.51054575112835
301.4701740009522
301.42982602682156
301.38955350019023
301.3494135007247
301.30944053005777
301.26973947001096
301.2304225555401
301.1916080887695
301.1534240956449
301.1160208792679
301.07964363112467
301.04443765479255
301.01069856469064
300.9786044405301
300.94843262793603
300.9203884956613
300.8946667659081
300.8714657255697
300.8509577444338
300.83331467980184
300.81864156688766
300.8070242857595
300.79856850330725
300.7933191718115
300.79132773829366
300.7925832488773
300.7970928360814
300.8047709917526
300.8156270544203
300.8295639974296
300.84652715939137
300.8664027047186
300.8814886188373
296.6349227704186
296.6672805920065
296.7023539097639
296.74004048912354
296.7801727246718
296.822659975825
296.8672665890386
296.91393697601893
296.9624704317042
297.0127158688901
297.0644871463398
297.1176229583947
297.1719674610725
297.22722006420594
297.28325642386113
297.339860302497
297.3968428038742
297.45394200640186
297.51098464613216
297.5677640097232
297.6240175840629
297.67958141622586
297.7342334887263
297.7877432715239
297.8398952012322
297.89053481931705
297.9394419107788
297.9864514444137
298.0313844873689
298.0741193363304
298.11447772121466
298.15241807806433
298.18788514288383
298.2209784865539
298.2516937398278
298.2800780520217
298.30621687825084
298.32974862590385
298.3503298038013
298.3677711275603
298.3820147055068
298.39302757742513
298.40089958516387
298.4056455860223
298.40740935453925
298.40626909144447
298.40240243836877
298.3958589787223
298.3868419279048
298.37543947347984
298.36181192383197
298.34607227931497
298.3283577588419
298.308786055478
298.28749404962304
298.26457928699585
298.240157518468
298.2143394964838
298.187152917272
298.1587747355109
298.12921476496143
298.09855643950056
298.0669116889308
298.03428156018293
298.0007927943991
297.9664264567901
297.93132770056485
297.8954529653287
297.85888531669514
297.8216851138113
297.78386830815225
297.7454898330545
297.7065640088576
297.66714184239464
297.6272558660433
297.58692517614156
297.5462264506504
297.5051342813503
297.4637252271917
297.4219969016867
297.3799909667071
297.33775470370267
297.29529204919277
297.2526263361691
297.209869124271
297.16696309458666
297.123984606125
297.0810447978198
297.0381057611123
296.9953210724599
296.9527538481094
296.9105604002185
296.8689370401325
296.8281178929343
296.788283849899
296.749645221596
296.7124863217011
296.6770814687423
296.6435969500078
296.61230877073217
296.583452724004
296.557191451581
296.5336780299405
296.5131271222809
296.495664905853
296.4813892176199
296.4704027288723
296.4627879272633
296.4586131211128
296.45793756648925
296.4607526130999
296.46710037135125
296.47693942595834
296.4902005517643
296.50690620712703
296.52694389774797
296.5502069055614
296.5766158689083
296.5962974367656
304.9194237771327
304.94013611476555
304.96314317491067
304.98833178902214
305.01559729733583
305.0448397337893
305.07598652364925
305.108927149897
305.1435790046136
305.1798125997456
305.217557623199
305.2566940720679
305.297119442969
305.338729177911
305.38138518676465
305.4250033632141
305.46943513457643
305.5145536626978
305.5602480714605
305.60630932810267
305.6526497965882
305.69907775367244
305.7454790898512
305.79164434538666
305.83741378541043
305.88255898366947
305.92701252083816
305.97049465111735
306.0129480124914
306.0541171935354
306.0938969280534
306.1321797042963
306.16891787552356
306.2040968282039
306.2377511029714
306.2699235335654
306.30072155251
306.3298448083928
306.3569843496966
306.3818512276807
306.4042926238418
306.4240970776386
306.44124605964237
306.4556759948602
306.46740270829457
306.4764012686922
306.48280319971917
306.48662699855794
306.4879327260221
306.48688131997534
306.483556001659
306.4780197429168
306.47045223697785
306.46093647866263
306.4495891642709
306.43650378371035
306.42180502856405
306.4055434885896
306.38783883641935
306.36876724927737
306.3484014827473
306.326804855855
306.3040446173974
306.28014198318834
306.25522723434653
306.2292631585485
306.2023744632527
306.17453196208015
306.14583140694947
306.11627120627037
306.0859032626514
306.0547462055527
306.0228713826577
305.9902142638914
305.9569070744402
305.92291562894485
305.8883005646377
305.85309378763594
305.81734516659907
305.7810411184112
305.7442964631476
305.7071006329829
305.669526861258
305.6315712703735
305.59330707951864
305.5548344822825
305.5161585480326
305.47734371064394
305.43844965688254
305.39947741409947
305.3605587494682
305.3217291335211
305.28313179876835
305.2449196642088
305.2072445663828
305.17028325610704
305.1342871236511
305.09942245838175
305.0659402614305
305.0340867810985
305.0040424565199
304.97604049721554
304.95025773366973
304.92681585232634
304.90594651092846
304.8877385131824
304.87228189786276
304.8596655616737
304.8499633205416
304.843190416237
304.839375968639
304.8385176070296
304.8405700207288
304.84551725426604
304.8532830027592
304.86381979239326
304.87700554183454
304.8927830772728
304.90490170021354
302.23634006751047
302.25668654367934
302.2794926923055
302.3046398378902
302.33209233801256
302.36168582933016
302.3933296962406
302.4269376009897
302.4624104164734
302.49959481152996
302.53840413580116
302.5787430312791
302.62042994324696
302.66332528898704
302.7073129077169
302.75224537377403
302.7979417361819
302.8442703439455
302.89107507888565
302.93822806491426
302.9854839212422
303.0327524174201
303.07985532886
303.1266578977943
303.17298904987626
303.21869191816535
303.2636023339196
303.307565368491
303.3504623562534
303.3921360266353
303.43241665052545
303.4712396323224
303.50850764461904
303.5441976548015
303.5783090259847
303.61078775684655
303.64174195302576
303.6709219328197
303.6980646883543
303.7228897394143
303.7452995309073
303.76517065020477
303.78243688342184
303.79705290236745
303.809026617445
303.81836589220404
303.82517700208075
303.82947983855905
303.8313069513679
303.83077254898205
303.8279487152753
303.8229124993655
303.81580954668067
303.8066536699702
303.795611207233
303.78275724675177
303.76819729798876
303.75196817979645
303.7341923785568
303.714971197016
303.694355058736
303.6724087430599
303.6492293896763
303.6248719208066
303.5993791823744
303.57284782240293
303.54528295392043
303.5167911201934
303.48739063695547
303.45713452979663
303.42609172050317
303.3942272474357
303.36166789411544
303.3284054270174
303.29449770870156
303.25994843184975
303.2248378545914
303.1891541080513
303.15297072334647
303.1162981405123
303.07917135212483
303.0416423811637
303.0037559142691
302.9655192554213
302.9269333139769
302.8881278889414
302.84909847045
302.80990973626064
302.7706079590823
302.7312436908019
302.6919236666419
302.6527422158681
302.61384618176515
302.5754090003065
302.53754037710155
302.50046781624525
302.46436897519914
302.4294135296188
302.3958493560977
302.36384197473416
302.3335851042068
302.3052889465283
302.2791286636726
302.2552299662184
302.2337319206546
302.2148060455043
302.19852650839374
302.1850053963365
302.1742868235176
302.1664594488113
302.1615281889999
302.15956103662757
302.1604910113757
302.16433020896596
302.17106125859596
302.18065339681675
302.19305552892797
302.20811569230784
302.21991518017
297.2950321921121
297.3458775015758
297.39599681594507
297.44529134173695
297.4937234180578
297.54126515972894
297.5876027225763
297.6320059779644
297.67433521465574
297.7145106700933
297.75257610085646
297.78823829138076
297.82095983126004
297.8506853173466
297.87759825331057
297.90169680945456
297.9228895162997
297.94097233566754
297.9558621114436
297.96756920267336
297.9761104917991
297.9812813093615
297.9829612120733
297.98113420191794
297.9757665197104
297.96689786229456
297.95472961193474
297.93947512543525
297.921332403416
297.9006132478102
297.8776943688416
297.85393825486545
297.83068217532895
297.808589213731
297.78789061474606
297.7687591169359
297.7513155834306
297.73413845780516
297.71611604921117
297.69699299390254
297.67692390751336
297.65612587906355
297.63468935146204
297.612669721407
297.5900018171297
297.5667802695715
297.5429837280651
297.5186298489382
297.4937788401342
297.4685164919338
297.4428864561136
297.4169556621285
297.3908286078305
297.3644969062759
297.33806595658814
297.311551634018
297.285005169547
297.25842158985057
297.2318172658263
297.20518754994794
297.17847884185244
297.15175099482025
297.1248887219442
297.0978803222701
297.070673421098
297.04325363347647
297.0156052356952
296.9876834184364
296.9594573711992
296.9308895214314
296.90201586160225
296.8727869993635
296.8432130189499
296.8132245834418
296.7828795824526
296.7521741141307
296.72128848216664
296.69036287246035
296.65955306033464
296.62903778197574
296.5990736109457
296.56986034508355
296.5415663066701
296.5162431237613
296.4972641542526
296.48473370562726
296.47625736920924
296.4698168869332
296.46419314305615
296.45869379151543
296.4530214677018
296.44699515627696
296.4413083888438
296.4367535246351
296.4341818512741
296.4349187381643
296.43984628502466
296.44925154539004
296.463008578664
296.4808966365745
296.50286251557526
296.5287263706368
296.5581859391504
296.5910200364845
296.6267981315609
296.664976634412
296.7052628076303
296.7474125007933
296.79133407778176
296.83679260139394
296.8834037541063
296.93086885809845
296.9791483959809
297.0282333884833
297.0778369347007
297.12749322982023
297.17706710678686
297.2265151432873
297.26011045158174
