296.7799114535531
296.9526172884102
297.11949467725697
297.2799250973277
297.4337771563864
297.5800752040928
297.7134847601138
297.8368288788659
297.9500593000262
298.05320817895426
298.14546598469144
298.2238329114525
298.29013066218016
298.3444211280936
298.3867857305235
298.4165709084504
298.4317780286186
298.43371643333916
298.42264564406645
298.39873154215604
298.3605660572314
298.3073659990872
298.24120591725773
298.1624014124297
298.07124483711544
297.9696103970665
297.8590291334955
297.7388444109814
297.6094575339212
297.47110381937387
297.33206247635246
297.19526447369515
297.05726414112587
296.91837361846177
296.77882449941427
296.64140239964695
296.50574006089056
296.3714316172064
296.23804052656715
296.10534356402667
295.9798578242415
295.85436497687783
295.7297836521141
295.60616736234687
295.48405710326006
295.36206273766066
295.24321587774534
295.1262337845929
295.01107467817
294.89775485358683
294.7861608680585
294.67642773526404
294.56855635848376
294.46248482511055
294.3582402624357
294.2559544396291
294.15548973284535
294.0568347665686
293.95993295542627
293.86470045782
293.77084870564653
293.67852846145627
293.5877279882322
293.4983809769966
293.4105568734126
293.3245310101709
293.23989421305265
293.1566881477701
293.07484007301747
292.994199986875
292.9143542416097
292.83567315726197
292.75802330453536
292.6828074850323
292.6109109520151
292.5378354133588
292.46561128016225
292.39156194832884
292.31081334757715
292.20781114068143
292.1608404849992
292.1214016416179
292.12068739200197
292.23641713599346
292.2741584584842
292.32249040424347
292.3759466484397
292.43322713974203
292.49343582659935
292.55288691306043
292.6115189241442
292.6721162636809
292.73501007110207
292.80033519933073
292.87549129653473
292.95963579638544
293.051604564927
293.1518310204048
293.26063357033064
293.3803538965941
293.51035381008217
293.64985660685363
293.79894629764925
293.9576435047575
294.1227395577147
294.29563495818223
294.4764547037269
294.6650628896987
294.86095096525725
295.055592828045
295.25324764846835
295.45392782668637
295.6573317632054
295.862132210317
296.0584819727488
296.25136576078313
296.44074553521915
296.62643883690004
296.7505824363859
296.9155437856526
297.0843491172642
297.24576948013237
297.3994614132739
297.54560067748076
297.6844353575283
297.8149072992513
297.935940605271
298.0472985249629
298.148895122781
298.2407037671773
298.3215021429586
298.3901791771768
298.4467093616148
298.4912985828963
298.52416410680297
298.54445556457495
298.5518078760754
298.5464197499058
298.52857179697673
298.498515926344
298.45580771545895
298.40062748391495
298.3332436068494
298.2538999487358
298.1630376428795
298.0626674931895
297.9538823896986
297.8368294318834
297.7115228455865
297.5791860485481
297.4455825972572
297.31256291965053
297.1801788189681
297.0483204424827
296.9174184694776
296.78847913578437
296.6603536160935
296.5325862249938
296.4040715625827
296.27679033877297
296.15407250897306
296.0337506557965
295.91557213633445
295.79914262701936
295.6840644586423
295.56975807485276
295.4574896110846
295.3472066698235
295.23888342388284
295.13252287352236
295.0280031298477
294.9252601732277
294.82426240010886
294.7249420434816
294.6273904951584
294.53160288922294
294.43756306394425
294.3451678492794
294.25441356615306
294.1650889300772
294.0771649365662
293.9906601250315
293.90552681093095
293.82178987956917
293.73941453545285
293.65842657617833
293.5787019146582
293.5002644522382
293.4230167369777
293.34681226500106
293.2714300598063
293.1969063415132
293.1232272194063
293.0526465347778
292.98375327531375
292.9143517440509
292.8443169824582
292.7733035257751
292.6903618555597
292.60617921281676
292.56142952429434
292.545661007609
292.60467838925194
292.69573856081604
292.77437639732165
292.8414247865954
292.90239540785905
292.95998128043135
293.0144862580366
293.0662618799542
293.11924917611225
293.174522862578
293.23216611691896
293.2937047839252
293.36279910122033
293.4404406841427
293.52701113900054
293.6226374961817
293.7271217095131
293.8402757373871
293.96242670904894
294.0938396192561
294.2346883482426
294.3845740021509
294.54295358998394
294.7093726957335
294.88352824231316
295.06508420023164
295.2521787831502
295.44219829024723
295.6344065054902
295.82836746044313
296.02385722592527
296.2172382765469
296.40560780563953
296.5891652681541
296.76806763160084
296.8870828547506
300.4577051005265
300.52725486687314
300.5953299869557
300.6617687044739
300.7265825348942
300.78969019910187
300.85094886961576
300.9101834915056
300.9672824289706
301.0222076801316
301.074867314036
301.1249579884622
301.1723286612245
301.2168223216927
301.25835582844843
301.29684567380565
301.33203711499135
301.3637195587452
301.3917780596238
301.4161551549335
301.436712367407
301.4530263028355
301.4650334002129
301.4726953785158
301.47593024493517
301.4747152084845
301.4691259598708
301.4592207939045
301.4449950695052
301.42649596565366
301.404157984318
301.37999767122096
301.3542702004612
301.32722941351847
301.2989082321127
301.26941452287963
301.2388547035643
301.20590577032794
301.1704980795917
301.13200988463376
301.091907449521
301.0510571683959
301.0094254380276
300.96715012812916
300.92427164088684
300.8807762349669
300.8364335731973
300.79164444461514
300.74649605392574
300.7009934181873
300.6552318789203
300.60927576476195
300.5631957591173
300.51702383308964
300.47077277041785
300.42447133589485
300.378192633481
300.3318899734867
300.28564065986063
300.2394451277353
300.1932928297934
300.14718184233027
300.10114707817445
300.05515819356714
300.00928027159165
299.9635044798771
299.91786298193693
299.8723561605435
299.8270552641386
299.78191759194186
299.73686943853704
299.6920105452422
299.6472493247003
299.60264082309686
299.55877370588115
299.5151461904773
299.47176311864956
299.42847414218767
299.38523210292954
299.34067267778346
299.2965743155197
299.25942151193414
299.2230217142384
299.19220806598685
299.1609080731757
299.13156850827187
299.1048158196242
299.0807189226842
299.0593603000033
299.04105723248466
299.0270893849743
299.0176426042347
299.01281446425276
299.012652235195
299.0180443754189
299.0308045585495
299.0509144367427
299.07836914976133
299.1131521066279
299.15448996014595
299.2013336160065
299.25351839132
299.3109934516301
299.3737312699422
299.44027950430296
299.5089240222248
299.57954717598886
299.652116394554
299.726538682775
299.80193751430687
299.87753545132176
299.95318259799126
300.02877195110136
300.10423275417907
300.1791548843126
300.25313646760594
300.326024873964
300.39783236095275
300.4459463407709
296.1004343790871
296.1887897944088
296.2724975578334
296.3515997876775
296.4264123529637
296.49738549656007
296.5638194417275
296.6244194792993
296.67921693481355
296.7285639655799
296.7727478029787
296.81097843524594
296.84219181165156
296.8665014891636
296.88424993030424
296.8957656083306
296.9005309282384
296.89790143524715
296.88803683000543
296.8710953227976
296.8472525628497
296.8159979932322
296.7768270675357
296.7298854586288
296.67549058183505
296.6139119125446
296.5457652160541
296.4719588384275
296.3931958995282
296.3098666056272
296.2226528344244
296.135427854478
296.0519870556942
295.97403130793776
295.9022594158537
295.83696145219216
295.77829451228484
295.72307311353416
295.66997584578087
295.61887129295417
295.56976210304055
295.5232498929716
295.4794232593427
295.4380450854527
295.39885969341395
295.36137835274883
295.32429522372973
295.2879266166091
295.25249721623965
295.21806520498905
295.18459965165647
295.15181486539586
295.11954316760443
295.087735154553
295.0563598732483
295.0253443003248
294.9945003997061
294.96359449220773
294.93267087382685
294.90164541072517
294.87042126388576
294.8386423956433
294.8061132981188
294.7728791725292
294.73894983142844
294.70427909982703
294.66855870122794
294.6317649469686
294.5939509895245
294.55516791405944
294.5153741144331
294.47433277452734
294.43212743293896
294.38872872172334
294.344828534315
294.3007393233514
294.25599258229755
294.21004213304127
294.162561031741
294.11263766443824
294.0599298802756
294.01046680218894
293.96926523666036
293.9435310257971
293.93265761921725
293.9307860722708
293.93285617280236
293.9338905567086
293.93039011718747
293.92113930405714
293.91236917031404
293.9097466216021
293.91597572160526
293.93196712401794
293.9578249794456
293.99356447319065
294.03918828793604
294.0943689229564
294.15867881978363
294.23116101474864
294.3105220217089
294.39565213346606
294.4859618432735
294.58101431631417
294.68010105281564
294.78177641471393
294.8852091356742
294.99014254569187
295.0966427940699
295.2040355729881
295.3109025663714
295.41680522765887
295.52189800722994
295.626348392259
295.72910291419447
295.8284301289914
295.9243098292259
296.0171431892386
296.07876013590857
296.75994727705165
296.83536893188835
296.90605767814935
296.97183664759024
297.0333728250631
297.09121287938456
297.1454918382605
297.1953938408182
297.24066959598775
297.2814656327572
297.3180729649719
297.3502200882648
297.3772038245485
297.39890479633755
297.4154182422691
297.42691787373025
297.4330829808739
297.4330961376581
297.42700951975536
297.4150690430768
297.3975195896783
297.374138294982
297.344529991318
297.30884747212014
297.26713998593806
297.2197181076224
297.1672327681936
297.1105293934612
297.05031185751943
296.98719875985165
296.9218203982251
296.8583052086599
296.8008107323718
296.7517323881384
296.71238769181724
296.68321108054795
296.66053916809113
296.6250510720532
296.58026410815637
296.5309236079271
296.4793281676696
296.4270106775104
296.3751085305752
296.3243194933903
296.2750824303321
296.2275786376821
296.1819611002342
296.1381357366564
296.0961566642232
296.05587175676936
296.01727371638356
295.98024283830284
295.94466898852295
295.9104788332936
295.8775529259561
295.8457968487488
295.81514809563083
295.785406060713
295.75648005389206
295.7283034050494
295.7008287888738
295.67403067206516
295.64781850483354
295.62200186874327
295.5965071664742
295.5712392824175
295.54619094804815
295.52120832705253
295.4962206527644
295.4711204832063
295.4457964426205
295.42007946667354
295.39375124700615
295.3667912760287
295.3395088112934
295.3120407083126
295.284168832504
295.25552344526227
295.22580294237594
295.19432258960035
295.1604238639118
295.1277636795326
295.1004294429107
295.084419354802
295.0819707957645
295.0889679714962
295.09868715418725
295.10528635230025
295.10521999316313
295.097422054023
295.08625922072173
295.07650477693375
295.0710795715482
295.0715250674033
295.07888870897415
295.09405200767026
295.117787600538
295.15048791004756
295.192111733065
295.2420556079661
295.2992782456861
295.36261488700296
295.4312315708741
295.5045316525546
295.58184726731787
295.6618257592139
295.74364974671624
295.82690218185996
295.9114916971293
295.99715360155733
296.0827892700808
296.1678530475006
296.25225057251265
296.336168414007
296.4192360187071
296.5004044094615
296.5792240840922
296.6558027839793
296.70666553471517
295.8103106867223
295.8640030632528
295.9186644346178
295.9740332748301
296.0298627970425
296.0859090592489
296.1419306718162
296.19774324756895
296.25305135727126
296.3076168099537
296.3612090285295
296.4135923739965
296.464610709736
296.513913601639
296.5612987739566
296.60647501355163
296.6493271083703
296.6895710723888
296.72702262188284
296.7614484488645
296.7926668768726
296.8205065306195
296.84486565513373
296.86560191062415
296.8826110755428
296.8957680189818
296.9050197208155
296.91036366968706
296.91188742428403
296.9097376110461
296.9040811263653
296.8951344397138
296.88326439741604
296.8688110507438
296.85232997718737
296.83423706754826
296.8149624533436
296.79484140987705
296.7739846174977
296.7524147260843
296.73020759011587
296.70739470729194
296.68412877325477
296.6604870439011
296.6366511647236
296.61265209272693
296.5886374595022
296.56453351056416
296.54034132176645
296.51610159331244
296.49185499126395
296.4675864713208
296.4432933704419
296.41899981704637
296.39472875393
296.37045890620004
296.3461672376694
296.3219022849137
296.29766307907687
296.27346534548656
296.2492629102748
296.2250548164855
296.2008038534363
296.1764646788417
296.1519446542299
296.12728491024455
296.102423017121
296.0773601674869
296.05205759560073
296.0264864366133
296.0006848764239
295.9745727605134
295.9480848633812
295.9211375965006
295.89374937357957
295.8658294108037
295.8374582709507
295.808641133099
295.77933145822294
295.74954581477243
295.71917977856293
295.6881592540239
295.65667340740333
295.62523821886913
295.5948366849569
295.56641108666975
295.54036778531093
295.5165254691991
295.4944924365735
295.473645977103
295.4534327581388
295.4335803344601
295.4141004654829
295.39527304945295
295.3772796241603
295.36057054343524
295.34547126751573
295.33243903959584
295.3219104294488
295.31433427259304
295.31001923430176
295.3092156974954
295.312139328408
295.31889042417725
295.3295609690325
295.3441618452088
295.3626054632878
295.38487793042356
295.41069482368397
295.44000703528144
295.47263992408887
295.5084709076026
295.54731276671447
295.58896749832604
295.6332567958336
295.68001224790225
295.7288575351807
295.77947137748066
295.8147392988479
296.24767133916356
296.25747038935293
296.2675178243679
296.2778122208044
296.2883704319558
296.29908202628246
296.30998554817575
296.3209374020358
296.33197437859695
296.3429677848169
296.35389149596693
296.3647406481103
296.37541905677546
296.3858291243491
296.3960220287554
296.405907944442
296.4154385337961
296.4245738326717
296.43329397165564
296.4414599990239
296.4491537407048
296.45627428720803
296.4627516692509
296.46855915410197
296.47372976418137
296.4781710765955
296.4819884297984
296.48539299917593
296.4883669355846
296.4910352823807
296.4933526572169
296.49542001782834
296.4972973322116
296.4990774057835
296.5008193443171
296.50258312324775
296.5042821797151
296.5047102410545
296.50423055458043
296.5030323694659
296.50138796660826
296.4992485808987
296.496806850687
296.49407136839653
296.4910768383952
296.4879087270599
296.48459637553646
296.48107161130014
296.47746406637486
296.4737504854572
296.4699298286704
296.4660506656578
296.46214571388333
296.45818505966696
296.4542284848225
296.45025911886
296.44623501435905
296.442161718089
296.43807191488645
296.43390496757314
296.42964856796084
296.4253651963978
296.420951974798
296.41642452172476
296.4117863651019
296.4070261412337
296.4021144044991
296.3970102994747
296.39178004683373
296.38639969579054
296.3808000790633
296.37501104511597
296.3689961715667
296.3627571351629
296.3563510371316
296.3497223208748
296.34293078981796
296.33597709705526
296.3287371960665
296.32124711190096
296.3134255581725
296.30541964523434
296.2975733977902
296.29022386133875
296.28344524949495
296.2771323404003
296.27101536809107
296.2649206902883
296.25870285270764
296.25228045190596
296.2456972473229
296.2389376305042
296.23217689658594
296.2254155682181
296.2188089864961
296.21241224784984
296.2065142916883
296.2011843298446
296.1965693183417
296.1926858965943
296.18955327182994
296.1872270203018
296.18575845317577
296.1851203688469
296.1853071729475
296.1863231766611
296.18813786536265
296.19069129097835
296.19401943333634
296.198116893652
296.20289814285195
296.20837913609114
296.2144995729857
296.2212552265067
296.228636621086
296.2365277426633
296.24488956462
296.2536751150746
296.25989608042545
301.4978843674085
301.52372594552014
301.5516677867158
301.5817472760914
301.61394616699977
301.64824776255205
301.6844703814658
301.7222844441186
301.76156192054077
301.80214844449165
301.84400887454603
301.88700513055375
301.9308175783428
301.97534373984746
302.0203753167874
302.0657944993573
302.1113002312254
302.1567157399185
302.2018536724928
302.2465568113987
302.290661017047
302.3338880520978
302.3758976169462
302.4165995714626
302.4557178322458
302.493158428027
302.52875303558966
302.5624548847843
302.5940715384233
302.62348866214916
302.65063618450995
302.67574880913827
302.6990797801301
302.72071017105975
302.74069868702867
302.75907917013006
302.7758209902354
302.790060488081
302.8018480881686
302.8112820806887
302.8183779582042
302.82329217844426
302.82614102049206
302.8269705062041
302.82597100095734
302.82308414137896
302.81851159979556
302.8122256022761
302.8043609351643
302.7950414105924
302.78427472569547
302.77213316744627
302.75872132618144
302.74401318150063
302.72810945966756
302.7110451528378
302.692850641335
302.6735820908697
302.65327327363053
302.6319644625907
302.60968779117314
302.58650051910575
302.5624144606551
302.53750223668266
302.5117313861128
302.48517526661567
302.4578705263945
302.42984286430413
302.40107976113615
302.3716194289596
302.34148975475597
302.3106891704067
302.2792344396672
302.24719496520134
302.2145615607008
302.18138521464925
302.1477329131799
302.11358901546845
302.07907265078944
302.04419793834256
302.00894438656525
301.9733655965036
301.93749017459834
301.9015361045336
301.865777806764
301.83045319527344
301.795565830098
301.76104879702484
301.7269510697399
301.6932333602875
301.66014315290863
301.62791126495927
301.59664009019724
301.5664427435302
301.537516426905
301.5100156475266
301.4841210848746
301.4599501403895
301.43759280595856
301.41708793208977
301.39850418047206
301.38193981105417
301.36738543655883
301.3548920615448
301.34457276969545
301.33637585533904
301.3304342646908
301.3267140719574
301.32526415893904
301.32613928590615
301.32933667128236
301.3348197764272
301.34271864089374
301.35305388906227
301.3657334299276
301.38075661805345
301.39801921038537
301.4174880130931
301.43196497963805
297.5196771684739
297.54804356005474
297.5781779155018
297.60996410987246
297.6433755848696
297.6783015622701
297.71463778220647
297.752103341964
297.79062033403375
297.83008037834276
297.8702651619552
297.91105533846434
297.9521782989253
297.9934283111662
298.03460731171646
298.0756901277335
298.11636575932414
298.15653727795967
298.19590954990736
298.23441161269614
298.27192572002326
298.3081767286703
298.34310363911425
298.37646793976097
298.40820288603044
298.43813240105766
298.46618243036386
298.4923087279027
298.5164445344818
298.53849888636216
298.5584890164143
298.57658766849534
298.59308105262767
298.60823648003225
298.622162682045
298.6351443009579
298.646828914815
298.65595168486675
298.6628461344097
298.66764464537283
298.67046556915665
298.6714335548186
298.67067871699663
298.66833174249723
298.66446265195606
298.659220000849
298.6525875697398
298.6446740072148
298.6355682011564
298.625314417879
298.6139559017734
298.6015556201398
298.58816645039263
298.5738180331402
298.5585674221155
298.54241545225256
298.5254420908645
298.50768677496364
298.4891354918803
298.4698529663595
298.4498748504281
298.42920761184513
298.40790493551526
298.3859509567371
298.363379895084
298.34021374750375
298.31647875659365
298.2921906261507
298.26738140043636
298.24196750230124
298.2160489999186
298.18961542499113
298.1626840656653
298.1352382592007
298.1072847928062
298.07889687579586
298.0500506181811
298.02076676208264
297.99104737277577
297.96091180216706
297.93031990764433
297.89937371626445
297.8681041003176
297.83674482224365
297.80559080463945
297.77483897452225
297.74440750547996
297.71426537427186
297.68434689889926
297.65459537363824
297.6252294965082
297.59637069541145
297.5681564209763
297.5407755585061
297.51440161550534
297.4892063208585
297.46543096343015
297.44318083756116
297.4226793525152
297.40403215649525
297.387363223968
297.3727795787667
297.3603542188881
297.3501852172441
297.3423705609185
297.3369213852486
297.3338812563277
297.3333540960613
297.3353553418308
297.33986436567557
297.34685799190635
297.3563630688526
297.368256745573
297.3826039313313
297.3993265561763
297.41826236327296
297.439336893214
297.4624375586748
297.47927325494237
305.1123066952253
305.1398473149477
305.1696731955685
305.2017915586386
305.2359338440015
305.27213351721184
305.3101211367033
305.349894097356
305.3912331653597
305.4340719397219
305.4782629472033
305.52362679033774
305.57005829253825
305.61743165480937
305.6655201884069
305.7141853135384
305.76329157022093
305.812623936784
305.86208355338744
305.9114133954923
305.960505325802
306.0091886598753
306.0572413148784
306.1045546816755
306.1508546654485
306.19604931482377
306.2399344766353
306.2823459894036
306.323082285696
306.3620779200292
306.3991299408826
306.43415776195553
306.4671861937131
306.49818120258243
306.5272359443454
306.5544714147405
306.580013032447
306.6033852047041
306.62418237539254
306.642040983873
306.65675299399595
306.6682758642647
306.67665734416073
306.68197807450065
306.68437298280656
306.68408442470746
306.6812308749308
306.675996286643
306.6685855252276
306.65913531915356
306.647803058265
306.6347323687574
306.62004830422313
306.60387603878263
306.5863280107656
306.56750026947554
306.54746139602656
306.52632538812566
306.50413671952
306.480968865491
306.4568637384996
306.4319012692561
306.4061116486431
306.3795282038949
306.3521952242359
306.32414820866245
306.29540652594875
306.2660028670304
306.23592159354286
306.20527470173454
306.1740227464369
306.1421893423626
306.1097766265234
306.0768663896956
306.04339278567033
306.0094267936463
305.97495241655366
305.94002278599027
305.9046325985332
305.86877231936
305.8325188164805
305.7958213838508
305.75874092721295
305.7212692849703
305.6835047198171
305.64553636405765
305.6074174459647
305.56933022518683
305.531280095948
305.49336468152
305.45557475030256
305.41805324705336
305.38090137572794
305.34430152990393
305.3083178811396
305.2731943374883
305.23914679021965
305.2063387547348
305.1750790551029
305.14554758622455
305.1180719760445
305.09279175073453
305.0699584274946
305.04973618642464
305.0323048929792
305.017808103122
305.00631269213244
304.997974991925
304.99276373598997
304.9908164215751
304.9920851738837
304.99658485690657
305.00425288849004
305.0150036327091
305.0288280916576
305.04560371068106
305.06520895273434
305.08754579690003
305.1041891284311
300.8927344065468
300.93150700568407
300.9731277654027
301.0174806317628
301.06440175678824
301.11378140031684
301.1654006721032
301.2191814681982
301.27491732183
301.3324624904817
301.3916123016411
301.4522055403288
301.51399774409407
301.5766828943192
301.64013139463503
301.70400766588983
301.7681190901232
301.8321784738402
301.8959212972972
301.95914143042404
302.02151482198747
302.08286057155425
302.1429394633835
302.20149961248075
302.25835999631386
302.3132615277882
302.3661318391863
302.41667915231534
302.4646953653573
302.5100749434348
302.5526581745316
302.59234214068533
302.6290881946841
302.66299670485586
302.6941313219073
302.72256287304793
302.74833642760075
302.77086321020687
302.7895339995361
302.80404676174595
302.81439342619655
302.820618574476
302.82282780248266
302.82130485042444
302.81622193660263
302.8078585056947
302.79650481933106
302.78230045329605
302.76549614781874
302.74628535838065
302.7248481247172
302.7013599542586
302.6760263689447
302.64897362918316
302.62033094290274
302.59030499521305
302.5589645435398
302.52641859282613
302.4927441920217
302.4580624575032
302.42244462146607
302.3859212807554
302.3486578364538
302.3106632924199
302.27202812630145
302.23278331721207
302.192995104114
302.15261746025703
302.11180722363076
302.07059762296313
302.0289753333589
301.9870054899507
301.9447281444077
301.9022027550464
301.8593931390926
301.81638668340645
301.77315941122555
301.72975267829713
301.68616062616854
301.6424621450016
301.59867917508296
301.5548607788091
301.51093811759233
301.46698622432916
301.42303788822676
301.3790767006234
301.3351299195079
301.29130343568755
301.2476108189455
301.2041503809384
301.16102759444726
301.11843885819974
301.076572283151
301.0356664968702
300.99593322129937
300.9575671553146
300.9209078634785
300.88617664078294
300.8536208390067
300.823513533437
300.796103806631
300.7715075964213
300.74999694912657
300.731668969073
300.7167255129791
300.70527532230875
300.6974051292191
300.6931908575544
300.69274162936745
300.6961100147549
300.70334291044713
300.71441757160676
300.7293360276898
300.74799477517695
300.77035112069774
300.7962951415107
300.8256766972003
300.85837422243185
300.8824293647848
305.65579623633795
305.6795836034525
305.7056753671865
305.73394246697825
305.7642916428947
305.7966213412951
305.8308733189635
305.8669759706017
305.90477694084194
305.9442144176078
305.9852234705687
306.027656398717
306.07142222907163
306.116408930189
306.16250709021267
306.20956341400927
306.2574863159103
306.30610274045824
306.355275773414
306.4048716361128
306.4547029368258
306.504603515776
306.5544339916007
306.60396610912096
306.65306147412997
306.7014670392531
306.74904415855957
306.79560765492283
306.8409520110099
306.8848829691768
306.9272445389011
306.9678991387752
307.00682808062624
307.0439946986782
307.0794631646843
307.1132774878003
307.14548984215327
307.17558960381336
307.2030159883317
307.2273836912556
307.2484287793914
307.2659721041146
307.2800285324975
307.2906758352515
307.2981034419293
307.30244261606316
307.30386436937187
307.3025535394491
307.29872705065463
307.2925113377874
307.28408324354655
307.27358104784344
307.26123523115166
307.2470711170616
307.2312763957003
307.21392204501984
307.1951560978469
307.1750676444813
307.15371492796936
307.13117928514293
307.1075502790293
307.0828787509625
307.05721019647035
307.03057907929326
307.00312803928784
306.9747783227779
306.9456126350064
306.91565764482465
306.885008940179
306.8535859104513
306.8214719614237
306.7887004624704
306.7553052039429
306.72125638114085
306.6866544621844
306.65144803364666
306.6157060743191
306.5794097045534
306.5426390804849
306.50537811446344
306.46767998929556
306.42952184161487
306.39092550198745
306.35195225421467
306.3126305554952
306.27304276573017
306.23323546109765
306.193294633286
306.15326469676063
306.11318354007796
306.073167877362
306.03332616364213
305.9937542033772
305.9546803296569
305.91626910756685
305.8787043590454
305.84221303475914
305.80706816410304
305.77348736040176
305.7417002080743
305.7119512825893
305.6844576200619
305.65943147274936
305.6369789810594
305.6173197728376
305.60056877604666
305.58679393401866
305.5761093618293
305.5685356804632
305.56409633131886
305.56282109166386
305.56466137935433
305.569568964032
305.577469963775
305.588344554085
305.6020422403325
305.61843738360193
305.6375077749687
305.65188522199657
303.8708626796574
303.896101561617
303.9240189443371
303.9545273671999
303.9875342997378
304.0229576077899
304.06067607809194
304.1005548140115
304.14250736424395
304.1863996402323
304.2321554495786
304.27956298988215
304.32855721020877
304.37889032602
304.4304451186021
304.4830064707381
304.53645250000653
304.5904920896137
304.6450664739107
304.6998765742885
304.75471069658755
304.8094678690255
304.86392463639146
304.91789062310175
304.97119528283633
305.02368806359107
305.07514659997963
305.125436775033
305.17436524271704
305.22181527160075
305.2675726553346
305.3114937793213
305.35356719674996
305.3936856067284
305.43186409357895
305.4680893127294
305.5023536295789
305.53438527648973
305.5636172139068
305.5897813515072
305.6126207889883
305.63201862752925
305.64799614433025
305.6605445710206
305.6698031887085
305.67580005424395
305.6788073912833
305.6788227663005
305.67606254988505
305.67063520936887
305.66266968906746
305.6523555059389
305.6397807881533
305.625071303262
305.6083677474895
305.58979831047276
305.5694878853723
305.54747791429514
305.5239191925043
305.498910787465
305.4724837046001
305.4448052052777
305.4158880493824
305.3858242919515
305.35472363824914
305.32259183119993
305.2895140749486
305.2555572547566
305.22081122144084
305.1852439131041
305.148982909993
305.11199333545017
305.07440065592704
305.036200243478
304.99746934407113
304.95816643387377
304.91843084530655
304.87821661142175
304.8375920822956
304.7966202447727
304.7552640629592
304.71360595603966
304.6716357552098
304.62946418458955
304.5870329371161
304.5444024948194
304.50163193822937
304.45877063310536
304.4158712954771
304.3730211174604
304.33033416857523
304.28791077970124
304.245919851167
304.2045083221099
304.1638930617354
304.1242162162362
304.08570441246616
304.04859466470884
304.01310998249716
303.97943781430484
303.9477734268867
303.9183714332291
303.8913907981373
303.8670125191637
303.8453916553179
303.82669647009436
303.81098116102095
303.7983854994448
303.78899298461255
303.78287773353475
303.78010263978706
303.7806225227915
303.7844965129558
303.7916576171509
303.8020282164301
303.81562626952496
303.8323466661528
303.85204408016455
303.86711731461736
301.096717632157
301.145809877498
301.1942364383174
301.2420381025456
301.289207976711
301.3356056286479
301.38085249295665
301.4239231648706
301.4645134787204
301.50253517406543
301.5380887094553
301.5707880411051
301.6001272267795
301.6262569948818
301.64942776709705
301.66975612487676
301.687168456986
301.7016102875048
301.7129852763396
301.7213496558595
301.72676192205023
301.7290404421378
301.72807755703576
301.7238772063949
301.71632030461916
301.7054975929045
301.6914572427367
301.67435502709463
301.6544415094259
301.63214644960215
301.6078822013449
301.58328277970014
301.5598668791769
301.5383217052216
301.51874769848797
301.5012094274295
301.48581956371135
301.4697848389259
301.4516563637521
301.4318886328004
301.4108117913105
301.3886370698347
301.3656206130369
301.3418565583983
301.31755085863455
301.29289874175976
301.26799438047317
301.24292019183474
301.2177928981458
301.19263764754805
301.16746195260083
301.14237075352304
301.11741308963417
301.09251153118817
301.0678406407077
301.0433432804465
301.0189942784341
300.9948761911295
300.97088143279257
300.94703363058045
300.92327975636636
300.89958299274815
300.8759228938112
300.8521384814139
300.8282202467379
300.80410355938614
300.77972716997846
300.75505916688337
300.73007588577195
300.70474418170625
300.6791160574167
300.653146362702
300.62681269423484
300.6000286820082
300.57292429314896
300.54528491659863
300.5172351047657
300.4888445525284
300.46013321064714
300.43106933585875
300.4017047023948
300.3719775966367
300.3421751750434
300.3150712727731
300.29508815226524
300.28211000124355
300.2732495476544
300.26638533418554
300.26049247087997
300.255036249802
300.2498464992406
300.24488138831794
300.2406468110499
300.23790339439904
300.2374558490246
300.2405751592382
300.2480427719252
300.25994978977434
300.2759862328598
300.2957965707594
300.319413844691
300.3465666021359
300.376952280861
300.4104110928149
300.4465658623745
300.48479206784975
300.5248972936137
300.5666762336193
300.61016680047396
300.65509726546105
300.70102333347745
300.74770847265154
300.79508847475887
300.8430831961948
300.89133929322736
300.9394678618618
300.98724601128674
301.03470803028614
301.06682242797456
