-0.01895496101151515
-0.016040352982528976
-0.01606827502623047
-0.016032715657939473
-0.015778212394569887
-0.015567376374561388
-0.01773807438845547
-0.020717878025366916
-0.024322324222906613
-0.02857054275376963
-0.0329738778854125
-0.03521289430267494
-0.03693771217338625
-0.038437744036624456
-0.03985228822133033
-0.04149878766745361
-0.04378902901413001
-0.04608259287415889
-0.048495933585805964
-0.05104453886196062
-0.05345480479869562
-0.055089946428935124
-0.0561832273598956
-0.05669373130095201
-0.05666621804250605
-0.05549886182758723
-0.053216387841152964
-0.05055758045303528
-0.04752879101968802
-0.04414010281839826
-0.040528332689823025
-0.03776734060390605
-0.03513390298496959
-0.03268267791294579
-0.030353586308777335
-0.028539388943733403
-0.027506137821017913
-0.025866056339827907
-0.024650875515690274
-0.024118212812686
-0.04021798709267336
-0.05214541526617575
-0.03369956304513687
-0.03082088972848539
-0.02888021431835653
-0.02446979132033554
-0.02171007726871447
-0.018926310455372714
-0.01613592245750354
-0.013457406352177763
-0.011354694470959452
-0.009561339453080006
-0.007995447038861517
-0.0066967042326466246
-0.005610281663514532
-0.004491516946042652
-0.00342719371692411
-0.0024459620530373543
-0.0015394237091597898
-0.000716711580046344
3.605789191042632e-05
0.000611985461999274
0.0011359159694746318
0.0015938791488589843
0.0019468833845148247
0.002194451917783154
0.002460352963541983
0.0026366220852726747
0.0027705910625200796
0.0027992732342417585
0.0029225548596885967
0.003112162429708697
0.0033366926873600804
0.001867411386207729
-0.0020252033269598474
-0.002846204556021782
-0.003561481827754857
-0.09267731467450618
-0.0966470613826637
-0.026556925211841706
2.2591621353880743e-05
0.06945966168203721
0.048542708462938185
0.07713756666078306
0.09411737449521074
0.10656827602083398
0.11740678459327604
0.12739266179125674
0.1365750797263861
0.14003740537592946
0.13819572064057623
0.1315899481995339
0.12007260465042045
0.10397391615862252
0.09447471049579327
0.0896002657094358
0.08577939312165847
0.08287709147289585
0.08082610889134902
0.0752984142929091
0.06768614000727581
0.059652305001463
0.051111761188292824
0.041981801069529034
0.03261160414114489
0.023095430043904432
0.013349565517964934
0.003268489684459612
-0.006865257677243156
-0.010623298475014819
-0.012278030806403988
-0.012381750518157188
-0.010893794319100293
-0.008750993585313031
-0.010566277967709882
-0.01294796607401481
-0.01597552786357994
-0.019652966377167763
-0.02246706209668217
-0.04158695960636769
-0.03859036756305301
-0.036276090593957505
-0.03318589586743633
-0.029375090028227413
-0.024975401265864262
-0.02105906107109286
-0.018201160833235773
-0.01620612298080152
-0.01501845234128586
-0.014547511267978798
-0.01385667357617601
-0.013069590864555163
-0.012368738454052107
-0.01183463002436433
-0.01153378687945385
-0.011633327796426778
-0.01189085392175662
-0.012463078534046549
-0.013216567632074573
-0.0141825649833339
-0.014512783707273033
-0.014081219146222883
-0.012972383995389926
-0.011265524746329107
-0.009049919294682377
-0.006625427570856284
-0.004133647459632406
-0.0015327977563551276
0.0012702408793006758
0.004018318420702388
0.005842828180410583
0.006962603933012226
0.007539187462174115
0.007767028024162168
0.007705278281518663
0.0074215833208140835
0.00810660434856113
0.009830619518189306
0.008899719288431144
0.003825867371867367
-0.011180603158816136
-0.018956110801812573
-0.015750864945370847
-0.012153899179505497
-0.008880552275363076
-0.005152143286194872
-0.002297937326441765
-0.0001046440931433571
0.0015742532985297938
0.0025666827831625247
0.002874513884507889
0.002622986612332669
0.002012614345793652
0.001074176574058061
0.0003379147828046065
-6.784591479519015e-05
-0.0003717694712764719
-0.0005995404676515583
-0.00078961189249004
-0.0012657711390697012
-0.001884059267655915
-0.0023600525309401977
-0.0027502903743809415
-0.0030547557098460037
-0.0028916128470635846
-0.002790693145695927
-0.002813163986190914
-0.003022564361764894
-0.0033920080552809393
-0.004279510925540092
-0.005127331056747279
-0.00583066233566598
-0.006339024515420568
-0.0095003006147115
-0.013933735530474707
-0.01690739163167647
-0.04596414919177156
-0.11161687324974143
-0.1335390663886661
-0.13235521936854056
-0.07491546671891641
-0.019187686032651894
-0.001774788775972144
0.008798002772985274
0.016958152649086847
0.02290691847149434
0.02716893217662447
0.030184967930104833
0.032223784219822575
0.0348745191460766
0.03761393677100489
0.038870810390707215
0.03749643181300259
0.03442287044179898
0.03188311169316362
0.029861789845194723
0.028722589641661207
0.028489627829544104
0.02771837641073095
0.023874018490211157
0.017800952281697126
0.010391349502602931
0.0020017832128526743
-0.006479532486151602
-0.014374402533582771
-0.022321438520659327
-0.030634216642964895
-0.03921971547496958
-0.0472202927332734
-0.053732925584347495
-0.05845536323768541
-0.06102338066907791
-0.06164442520011502
-0.05924643570175451
-0.05464592389935262
-0.049886044677355176
-0.045333679284404835
-0.04243475040781497
0.038097454579839506
0.03775931983068424
0.03746506563206871
0.037272150823126265
0.037128476654599715
0.037075548668579865
0.037074775440194545
0.03706790446054629
0.037150572673720406
0.037289461297575925
0.03740289019169364
0.03738185839153144
0.03686972076799078
0.035961225471603166
0.03467253610673116
0.032969096474560394
0.031069748895175112
0.029155418439506493
0.02717714201732737
0.025230847270611277
0.02321345040258071
0.021248133422846264
0.019324406996470454
0.01743524897930947
0.01562412333550724
0.013801055989888546
0.012254701403031365
0.010884968735757986
0.009777578114551955
0.00884550213436086
0.008131738849587771
0.007466324972857926
0.006719628017091231
0.005883214609201879
0.0049623482262207246
0.003952871781883211
0.0027325880966154806
0.0021556969492048696
0.0019407517267573352
-0.00043472416749233645
-0.003799279942527999
-0.009291859463093141
-0.013526903047705673
-0.015445253265656985
-0.017062193961980568
-0.01831031034970428
-0.01901692357948937
-0.019587858131620933
-0.020033919012983698
-0.020383060965570833
-0.020689385476258523
-0.0209574700966894
-0.0211566033995873
-0.021393632512356767
-0.021542661961731917
-0.02176408519982411
-0.021953890751610337
-0.02216779021588724
-0.02240319800934382
-0.02267660387092414
-0.022912465964319048
-0.023174768532435306
-0.02335694589468957
-0.023543811498135354
-0.023714083461978546
-0.023918400767937508
-0.024204764198740118
-0.024581370993685896
-0.02507589816252396
-0.02560499708661573
-0.026162748964130015
-0.026718233059965523
-0.027276063563856617
-0.027760653157004992
-0.02903238294427898
-0.03037510072907149
-0.03184565324286849
-0.03845143150968028
-0.04975861326295776
-0.057132167040043966
-0.06358524349977787
-0.05880376073900202
-0.056486835183999495
-0.055462671894301915
-0.054410565794818615
-0.05134301374531545
-0.045952960429527005
-0.038210111935001005
-0.0281337159855381
-0.016705156195730778
-0.0071687249464885755
-9.497120795487017e-05
0.004584875046083128
0.006713161237046767
0.007251535919587363
0.00811572691410847
0.009307292908410827
0.010907277605167737
0.012879787002667627
0.015109297378725283
0.017512056773985357
0.02013748263549512
0.022936799507999924
0.026045594322651484
0.028995317146895298
0.03143461500667461
0.03333916355960398
0.034840389060116536
0.03595023676124766
0.03660570806570649
0.03707609773707779
0.03741310605396475
0.03756305661996538
0.037563203997103826
0.03748272021261668
0.03750582239459575
0.0375035574474332
0.03753908389934862
0.0375904127979163
0.0630280969535514
0.061522588385602525
0.05993156868362054
0.05872761704203111
0.057783885705789045
0.05700923743964611
0.056254937321896584
0.055627266735691884
0.05501720743254066
0.054361249800054585
0.05374343632986648
0.05300593007631769
0.05210081933967202
0.050960027134042137
0.04970765278237896
0.04835423921089535
0.04699574187316277
0.04579070116307043
0.0447999296637249
0.04406494021115013
0.043562041711687496
0.04316205895675432
0.042835021460428745
0.04257723391751677
0.04241028112424963
0.04241247626057432
0.04259892752268125
0.04292508752233644
0.04329413533915399
0.043414094660824305
0.04341156242941365
0.04318437905590928
0.042682238442767584
0.0419166677183895
0.040886512232466914
0.039479730308333426
0.03702413808881732
0.03284150479878323
0.02713327212343216
0.019379524379660718
0.009074088895860293
-0.005548672647731011
-0.02096172872120793
-0.028648402381306597
-0.03253162984586749
-0.03452497183782885
-0.03423200000651087
-0.03282665858399026
-0.030875975767615416
-0.028789457052871417
-0.026784117098484408
-0.024881990503545334
-0.023218283872620007
-0.02173351163395741
-0.020455253397567572
-0.019317242794081417
-0.01826499254166979
-0.017231929235079466
-0.016293954744099632
-0.015505201178751375
-0.014875193538266458
-0.01428921522919817
-0.013765962401610137
-0.013245814250101047
-0.012757290309620434
-0.012310851500008482
-0.01190598290661092
-0.01146577855159504
-0.010985524510940198
-0.010383392679448955
-0.009607560248496107
-0.00866737594157171
-0.007510825949935867
-0.00626384745191473
-0.005680520978901185
-0.006326964437810212
-0.007620655099444527
-0.011614564501065253
-0.024559254526352065
-0.04154134780945329
-0.057060493640742414
-0.061484246230736
-0.05254695438925543
-0.040062182130021794
-0.028675974684979257
-0.019982533822555156
-0.013330512778876343
-0.0078391545935474
-0.002899426034526012
0.0017940939042685317
0.006380745414096574
0.010764432065648236
0.014811552478220967
0.018522129474409902
0.02170535416681777
0.024526714497885575
0.026962292473745923
0.029111912373838138
0.031065557309303667
0.03278511069410778
0.03413784107970659
0.035167887849733105
0.035962482871421016
0.03660194625736881
0.03712915058839427
0.037789269724312305
0.038476268173742834
0.039255844411822505
0.039958570796387
0.04050100200676121
0.04084046303494478
0.0409275189233692
0.040922051897962095
0.04075753799192
0.040482773510805786
0.04028879520176035
0.04012175634565149
0.03997083562558589
0.039906826236600704
0.04912381157374263
0.04867262546999035
0.04808064561628149
0.04742068731099693
0.04649274138801209
0.045363708077048814
0.04381606675941778
0.04184883028414682
0.03942261242730443
0.036515488595822404
0.03327735076589666
0.02966952909202159
0.025873956629277897
0.021921820133550974
0.017814596038954973
0.013486966989104045
0.009169036936360023
0.004978572541385311
0.0009639929375055791
-0.002740187701829976
-0.006027606038232759
-0.008953224702355631
-0.011453814390261365
-0.013448320285624569
-0.014895142429955018
-0.01575230005038348
-0.01587137780134278
-0.015211356703674198
-0.013799339237305322
-0.011936601661214194
-0.00985407650565054
-0.007662250169477502
-0.005755738012605503
-0.004490283357230964
-0.004015717035483332
-0.004324111959196646
-0.005465268368969513
-0.006403562600369662
-0.005060794069923565
-0.0025959926925867493
-0.00022563156856862367
0.0014015045072211473
0.0020125529796364726
0.0017683846741960274
0.0009713668292296309
6.50154962393079e-05
-0.0007188006862065118
-0.0013009031196176944
-0.0015664205360705632
-0.0015268021681038627
-0.0012275765765913593
-0.0007063734936564471
-7.576978499908615e-05
0.0006373905903304757
0.0013568604051468253
0.0019835128775101472
0.0025912421409321194
0.0031001260471080617
0.003523805117621366
0.003771419547778534
0.003767630298475263
0.003460137251944905
0.0028315038449561744
0.0018181889574354515
0.00034541098058633375
-0.0014733005186347088
-0.0037000520740939785
-0.006325213040365807
-0.009160032781079777
-0.012213622438954783
-0.015109555422722184
-0.017685351846476516
-0.019692073926300516
-0.021265104453118928
-0.022695811593937965
-0.024486761368340073
-0.026773220760714117
-0.030788455965598927
-0.040668487224718684
-0.05431810470281791
-0.06817655292489971
-0.07453186721427829
-0.06968575161848248
-0.05909422395891454
-0.04749152849244209
-0.037321443225574485
-0.029140610223597513
-0.022529962906642297
-0.017157472427868907
-0.012576505619805042
-0.008703827201446324
-0.005538314993170507
-0.0032725650028998677
-0.0018863247885837376
-0.0012751915214734698
-0.0012571708880301459
-0.001663250361400271
-0.002342849857726455
-0.0030744449871870456
-0.0036858548449511526
-0.003982825099482439
-0.003977802492504539
-0.003785275017089723
-0.003470115753204034
-0.0032358800525556933
-0.0033466591395567625
-0.0037623757481581132
-0.004494100299182876
-0.0053972432068838125
-0.006312371080270047
-0.007018710792793645
-0.007515521075101833
-0.007745881532066208
-0.007699499757030015
-0.007390553487192415
-0.007070010823620423
-0.00662589194873188
-0.006089155618522234
-0.005678360967701451
0.014948874935219798
0.015110213433183995
0.015193897982879763
0.01517384046894442
0.015096312777453815
0.014931058029138633
0.01479182522806733
0.014594515036507629
0.014393912807554428
0.014114500165148647
0.01383421037849305
0.01353193449568505
0.013213394453604439
0.012848313502280015
0.012508770404411606
0.012200537685812465
0.011865756038583615
0.011629040245422159
0.011397872448969398
0.011199521745322882
0.011035881876048871
0.010980582863262938
0.010970603274985608
0.011094340278403893
0.01133024253135956
0.011674616741478015
0.012200422702840883
0.012910186036278219
0.013642692186904655
0.014474648808446892
0.015310846322085948
0.016156223856667547
0.016970819591112393
0.017824543676787735
0.018702048208835014
0.019639701772212373
0.0205359746037274
0.021467668921697894
0.022232714539822958
0.02287272646565647
0.023245019257552478
0.023220890970295956
0.022634941174811626
0.02138062313781628
0.01971324292313
0.01777018375005191
0.01580645898139109
0.01382830163207883
0.012015233428504643
0.010487329721887534
0.009087845596790805
0.007911247414143839
0.006910872080822873
0.005999084316892385
0.005198191563639365
0.004447755501843684
0.0037489175815914933
0.003040423506587362
0.002369462483634296
0.0017168038723516879
0.0010639303509430813
0.00041868254627980587
-0.00021996307052337972
-0.0008512577461497144
-0.0014566026409885608
-0.002091685816102331
-0.002740854580147265
-0.003316305773499317
-0.003897008798825272
-0.0044183613566160865
-0.00486692555010632
-0.005276298074407334
-0.005616176676593375
-0.005933267401710855
-0.006169549394966358
-0.0064010877907078306
-0.006635918880990291
-0.007028077959722278
-0.007670393907618827
-0.008932680219645864
-0.011068379788698004
-0.01390165550927029
-0.016848550242540374
-0.019408448898340612
-0.02117342955677297
-0.02216729907991793
-0.022487357985832946
-0.022199174215863104
-0.0214093565719761
-0.020110759990542574
-0.018370107774440095
-0.01621664012241077
-0.013732678517942496
-0.01110255578865145
-0.008298912274044952
-0.005619690320985034
-0.0030304211322060397
-0.0006150259694412973
0.0016205650500355484
0.0036180353643975515
0.005468957904760354
0.00709911554352619
0.008497908749705749
0.009713252947091876
0.010742368739794344
0.011600724668224266
0.012307752049809842
0.012803599958820196
0.013211331898929927
0.013459688714965315
0.013658381547185754
0.013772547411348458
0.01379218485988176
0.01385255197042388
0.013806446277498781
0.013820535448359145
0.013769822232863714
0.013715023199844892
0.01363020486374168
-0.0032729910076708824
-0.0033505087320809075
-0.0034684096344121044
-0.003616928139946613
-0.003749078579828511
-0.0038895833362659464
-0.004111772796602414
-0.004292487247406423
-0.004482671784192787
-0.004658748610008237
-0.004834542720024071
-0.005004095372585432
-0.0052184093464214265
-0.005404876572704653
-0.00564121906887018
-0.0058965827439989155
-0.006099622630307035
-0.006342076163207309
-0.006588966479170648
-0.006802085335479607
-0.006975402661155397
-0.007141883645131772
-0.007335513212521486
-0.007450474065886691
-0.0075456977604056235
-0.007581140058460166
-0.007618858333830081
-0.007573108069043419
-0.007524281679405672
-0.007410589129484801
-0.0073449515758830155
-0.007236616821892129
-0.007182440286053355
-0.007129690931364068
-0.007184304488115135
-0.007246282516508307
-0.007412508901296174
-0.007654321368536348
-0.007703934889026956
-0.007661924050087676
-0.007564759190574766
-0.0074964340200507126
-0.007518976334108768
-0.007537187753393675
-0.0075943368084190775
-0.007645398166752863
-0.007674908722631173
-0.007653038345937553
-0.007633765493041993
-0.007621805481121053
-0.007641844994163233
-0.007638210249744823
-0.0076972099775422945
-0.0077411380562934905
-0.007838037264176607
-0.007937249714173106
-0.008051452988282222
-0.008204998848974202
-0.008310180429907686
-0.008426042085970285
-0.008566854696234836
-0.008671159219231011
-0.008838598901322768
-0.008969886177335129
-0.00908967345779225
-0.009310586397918154
-0.009443262553082619
-0.009599715418544846
-0.009755228172152044
-0.009950543647689498
-0.010132844969313142
-0.010316587309481587
-0.010411304921355015
-0.010421375030510828
-0.010432785849945846
-0.01045886654225177
-0.010579417406904233
-0.010810604669726456
-0.011447547565647231
-0.01257466912839753
-0.013972018060637912
-0.015140510401934431
-0.015650123165471163
-0.015693946795448572
-0.015482349201322082
-0.015113080910451037
-0.014657657871889156
-0.014054872629941666
-0.013286462154697197
-0.012377357085804438
-0.011411749938643148
-0.010403653083484898
-0.009463802578236412
-0.008625379808005162
-0.007834372169290466
-0.007174538987537534
-0.006549656481008338
-0.005951074817252089
-0.005468474169790442
-0.004981144632652989
-0.0045565787099541375
-0.004185641565884231
-0.003932788748467563
-0.0036959910436067844
-0.0035497138688843667
-0.0034290987761798485
-0.003369652794690563
-0.00328637244269215
-0.003239673251841369
-0.0032436290611316874
-0.0032022341223278405
-0.003246617689167402
-0.003278620302893931
-0.003369721944780955
-0.003492767804703657
-0.0036182913331279302
-0.003767054059777468
-0.0038910684191680463
-0.004006888344809345
0.011742740177144575
0.011451278751434184
0.010935331078231494
0.010240534107082292
0.009425060411091308
0.008545727947403615
0.00764834666905848
0.006748834694999349
0.005946740227563383
0.005133272171664758
0.0043583266992816595
0.003669685986863827
0.0029598716443497617
0.0022786724979611452
0.0016461538751584616
0.0010342288310135764
0.00042055580970277746
-0.0001682297447246991
-0.0007514447119487989
-0.0013663338544687453
-0.0019265303059056455
-0.0024600989936735852
-0.003001320581248997
-0.0035255589061539004
-0.004008974736204455
-0.004472197741185082
-0.00486078340420434
-0.005227106208229112
-0.005516538021819172
-0.005797665730797122
-0.006023895094342626
-0.006181481806840156
-0.006350250420191778
-0.0064601785795810095
-0.006526482533139559
-0.006622118404242131
-0.0067316396056465435
-0.0068001959142215285
-0.00664244250468303
-0.006434669784162665
-0.006237947892763431
-0.00607486785883368
-0.006035263790116247
-0.005981711193420997
-0.005940278724062297
-0.005864107778902189
-0.0057624888025658546
-0.005653399238398735
-0.005514130987672115
-0.005438304873459018
-0.005403428672121011
-0.005377859939142369
-0.005384977548742113
-0.005433208593514143
-0.005492451255638124
-0.005560159281532209
-0.005657137699932191
-0.005739424542715519
-0.00579849341120989
-0.0059147176970210085
-0.006006389509768032
-0.006076849841931599
-0.006135152838455026
-0.006253798159200741
-0.0063373327360352685
-0.006409455376941648
-0.006492489332592439
-0.006623617240364321
-0.006711373096048394
-0.0067321715243998746
-0.006695065123064252
-0.006573499266951065
-0.006382620026403989
-0.006115411325413724
-0.005766168251259769
-0.0053727297240467285
-0.004934158089699167
-0.004447729708441627
-0.003982110573233103
-0.0036158138678599235
-0.003239770954413997
-0.002888726703725257
-0.002547662298141045
-0.002165261452058228
-0.001737745362227755
-0.0013722015152027444
-0.0009849099485437199
-0.0006629587097957687
-0.0002861760177908203
2.0448144598605457e-05
0.00024763002101983543
0.0004961084596635447
0.0006690821791902841
0.0007770048179623209
0.0008315528072713696
0.0008414982961981936
0.0009114107037187625
0.0009486448649818796
0.0010833838604229625
0.0012882790777232526
0.0015361877407099585
0.001840238204092719
0.0021283961357024803
0.002470117227310575
0.0027997567578905438
0.0030687519187510815
0.003345815223753191
0.003501861705175636
0.0035701445079622932
0.0035934415721734637
0.003553738623287619
0.003519482300507829
0.0033914564280918516
0.0032642291191116645
0.003147331817635425
0.002948160940108741
0.0026560036741623766
0.0022363174091906608
0.0018242956150438477
-0.009615807050631454
-0.010172414692415001
-0.010908978111985964
-0.011726095550601173
-0.012656718431348399
-0.013687042039378683
-0.0147901230449961
-0.01578815978916948
-0.016799996804502355
-0.017741391292334974
-0.01868935960357555
-0.019567527198750326
-0.020474220744553403
-0.021389310737374132
-0.022272225502491264
-0.02321374085418312
-0.024099860565715264
-0.025002399313232455
-0.025827971542175688
-0.02666023190109203
-0.027434216116872495
-0.02814107698132988
-0.028770071287217563
-0.029306009319761128
-0.02973008459019506
-0.03002065556521368
-0.03021161615970086
-0.030218455536513585
-0.030136412027219343
-0.029881242374737212
-0.029502793229036033
-0.029015788214226595
-0.028464802008468622
-0.02781982370740429
-0.027117284988427744
-0.02639076606039605
-0.025669166725358582
-0.02503418153621409
-0.02415150100859757
-0.02315194716570751
-0.022061414684178625
-0.020960400271223305
-0.019992388712965777
-0.01901984627702975
-0.018051331681488106
-0.01705140997340621
-0.01612409523110936
-0.015123528360907985
-0.014117192273746918
-0.013143416017254541
-0.01220171810026153
-0.011255072719706782
-0.010289594631968083
-0.009359421953576757
-0.008451192059442059
-0.007495158472878333
-0.006610543196640186
-0.0057117887342427775
-0.004799255777457047
-0.003901751345598878
-0.0030560413123303055
-0.0021770764720134422
-0.0013970226515780098
-0.0005984299683414471
0.0001514858018887671
0.0008145634081946664
0.0015135321084183008
0.0022077215928573727
0.002787392219918036
0.0034491371110798763
0.004106506332356113
0.00481786139850576
0.0055438918809244415
0.006321681889147755
0.0071139874971665705
0.007921967873056844
0.008749036457378278
0.009547941527143099
0.010243086825171221
0.010907175966876443
0.011492423212706344
0.01205148437148741
0.012749746345458916
0.013594258877567971
0.014445858519942624
0.015381259217372037
0.01638621317587643
0.01739567849324356
0.01844706369883825
0.019487814417426315
0.02050802931895683
0.021535948244343305
0.02250688144590969
0.023455828130215833
0.024322454004159017
0.025127257584111672
0.02593011599266302
0.026566270379595948
0.02719893431991191
0.027749530131469524
0.02821087232101697
0.028535160038343842
0.02882303340121145
0.02902942641266734
0.029164879386236964
0.02920958809723113
0.029154548047564184
0.028917594677788778
0.028523875498100697
0.02798960479299586
0.02731218192176587
0.026567582754332793
0.025699518002483348
0.02479448758737708
0.023772012883539348
0.022764392920207925
0.021658365956572993
0.020464272300543044
0.019678533856887784
0.001491075253196947
-0.00014476652253818463
-0.001797247510710553
-0.003497738783041299
-0.005182307484386245
-0.006837037469928905
-0.008483997742201314
-0.010027539258173018
-0.011503449183861453
-0.012921947020028749
-0.014177803232697395
-0.015333194553585016
-0.01634546744045754
-0.017204945614648047
-0.01791944859237697
-0.018571650897811865
-0.019075975209177625
-0.01948329682574638
-0.019827439817910106
-0.020068485834847254
-0.020256827979740225
-0.020397114500246054
-0.02047883283539029
-0.02051347657740719
-0.020467790189988233
-0.020316535314522124
-0.020158490818784434
-0.01989199600452681
-0.01954625318848252
-0.019117823369750046
-0.01860853366109141
-0.01798742846757797
-0.017265745057674677
-0.01647786006427946
-0.015551493201802713
-0.014558549205709754
-0.01346569732166298
-0.012339210781881362
-0.01122021599762697
-0.010017603681646264
-0.008883849562056132
-0.007862440024063897
-0.006974144148588092
-0.006273513477450146
-0.005689604040006756
-0.005189902724453683
-0.004802610982562683
-0.0044886467503433445
-0.004182303909463975
-0.0038967770318060297
-0.0036266299537771407
-0.0032842372513530184
-0.0029901894773706867
-0.0026142611745881305
-0.0022440527705943265
-0.0018986617333183356
-0.0015050007752316925
-0.0010522053513909936
-0.0006058615502685478
-0.00021307648533044012
0.0002458058615363025
0.0006698970406156621
0.0011527439202939412
0.0015659588404998565
0.002016796616921821
0.002456628557223576
0.002882653462684058
0.003328252352414318
0.0037113952721120284
0.00415778430834885
0.0045336872605538205
0.0049178416020541444
0.005275048847755999
0.005624263047412857
0.005989827235540223
0.006327374156985775
0.006672428726018372
0.006982557156693753
0.0073234346454060266
0.0075848340884512935
0.007838600285009515
0.008020942939108851
0.008219267591650653
0.00837730593703642
0.008560778090126555
0.00874426724510887
0.00900180258147904
0.00925826139242884
0.00955172356025619
0.009864048992698373
0.01017969263997169
0.010518990247229245
0.010889878334754832
0.011303899548856128
0.011706156028182951
0.012177946991456022
0.012653727637184817
0.013178484426117063
0.013679387839021987
0.014227088405262595
0.014671310503659586
0.015144367751698766
0.015599718051842884
0.01598802146157645
0.016343193680924965
0.016563997224079592
0.01671387834896977
0.016769663106619214
0.01668779416678931
0.016525062937045108
0.01618414720162364
0.01575442533737755
0.0151649189935776
0.014461329967241998
0.013633403014626993
0.012663192884199056
0.01157461112193788
0.010410411424611438
0.009553232150193363
0.006156384774164013
0.006681345171528544
0.007251951840934656
0.007835739026863771
0.008442735249618036
0.009068784055213665
0.00971230507222377
0.01042947623042961
0.011163424714102761
0.011906784867095965
0.01277871318769413
0.013656562929196302
0.014612396351415972
0.01555123980932661
0.01654148905233537
0.017527853022615357
0.01842319764419473
0.019270154568076896
0.02008885332252488
0.020765508293744413
0.021324485443165102
0.021799529525256933
0.022078030172398695
0.02227268810691506
0.022291262269948164
0.022253693322457916
0.022089360132750094
0.0218362113817678
0.02149476770619917
0.021030138275759048
0.020477633362349822
0.019849619393326527
0.01915268164767391
0.018437470760218504
0.017689785848424195
0.01685481725131315
0.016007073592375083
0.01505466660811224
0.014075419705855912
0.013045742569736804
0.011923518487273653
0.010613586405528449
0.00907155800455683
0.007319669136557574
0.0054253192975206935
0.003412080850165665
0.0013621939666081933
-0.0007454181660521365
-0.0027931513208818773
-0.004801452702124543
-0.006774290389608301
-0.008581005289381079
-0.010332866972766985
-0.011959980855558296
-0.013475348834417127
-0.014864008348614942
-0.016129204544927066
-0.01722649173551961
-0.018202129592909063
-0.019056101974395022
-0.019819373391747563
-0.02045379827074341
-0.020961733671584822
-0.021374539746729912
-0.021686478009685636
-0.021919084093799834
-0.022022924195855248
-0.022040383728518513
-0.021966256022892
-0.021845319594496485
-0.021654539391602258
-0.021402927994577728
-0.02108246357624507
-0.020750590466951074
-0.020323463183245048
-0.019890413831302894
-0.01940905168021063
-0.018876145378920916
-0.01834149114807329
-0.01776159045522256
-0.01714810378778422
-0.01650378169186814
-0.015818567358227485
-0.015138282957541632
-0.014445975454859516
-0.013672712491987121
-0.012955616906483959
-0.012169391410424979
-0.01142154744894573
-0.010628484199984843
-0.009815946373845677
-0.009035308113274906
-0.008223513424900148
-0.00737237457423912
-0.006536679520419473
-0.0056237403748878945
-0.004677128614137386
-0.003731995913537633
-0.002769106803931325
-0.0018206789212967093
-0.0008552648852047046
8.544548928803758e-05
0.0010377017150927216
0.001964809759499691
0.002910481562899686
0.0037958512991643246
0.004742791807289956
0.005655630501480678
0.006509261503659775
0.0074075183041889614
0.008298849778873756
0.009153035611246401
0.01006204804412321
0.010942514915647824
0.011799353313312357
0.012692256381326735
0.01354581017757298
0.014385709371607623
0.014978084547811106
0.006764780741534096
0.005721959153295322
0.004653469514654327
0.00354898862695034
0.002442604490835111
0.0013603422702682644
0.000313425540592965
-0.0006842477090675437
-0.0016249367608666381
-0.002506693282495967
-0.003279721233662245
-0.003972624789143835
-0.004541177701676063
-0.00503648441411516
-0.005464089563962209
-0.005833382942473267
-0.006155538463875487
-0.006390595416919048
-0.006617771020719386
-0.006873151094783222
-0.007077299018072702
-0.007288424784476102
-0.007469809378234997
-0.007634693243206775
-0.007775627585473276
-0.007891550774757112
-0.007959940682857627
-0.007960861138074819
-0.00791790726409826
-0.007803374355528237
-0.007638299083603694
-0.007385502722677494
-0.0070921790301104876
-0.0067204649727114416
-0.006236932794960931
-0.00570995967067551
-0.005146527855842092
-0.0045689903745212675
-0.003873135692708515
-0.0030886628374249465
-0.002383159097479875
-0.0017951069289701565
-0.001415132656963542
-0.001327738135664534
-0.0013712661498960967
-0.001633855612340491
-0.0019902679624255602
-0.002455052159045213
-0.0029828934949629998
-0.003498020227286981
-0.004018521568766684
-0.004522510883657592
-0.004966130082665401
-0.005396127845140297
-0.005784772073256191
-0.006174625652215613
-0.006493237126772891
-0.006763136978534319
-0.007023425930123471
-0.00719022317381642
-0.007378840045724498
-0.0075227681583714505
-0.007580972054447262
-0.007608563996841002
-0.007598442541485219
-0.007589368226820432
-0.007488188278842606
-0.007388232725301011
-0.0072406475363291705
-0.007062525972743912
-0.006827105453516657
-0.006558311049982287
-0.006277536932669082
-0.005904023216878547
-0.005520608847009976
-0.005102458103776931
-0.00463618171882593
-0.004164571558181489
-0.0036777812796569085
-0.0031849801552934803
-0.0026210718097450045
-0.0021514641067872957
-0.00169422584918046
-0.0012595889742643923
-0.0007639936882157912
-0.00024379979031445055
0.00025137860144144506
0.0008222965098254736
0.0013954750979207691
0.0020315629895031797
0.002677953571139015
0.003342101026358953
0.004053992334827221
0.004797591272944348
0.005558746581184373
0.006386356405497364
0.007187433046761106
0.008000351785330042
0.008822476923735731
0.009655136831740541
0.010410775367705785
0.011159971476771835
0.011877874508211135
0.012513634615379994
0.013056130521857905
0.013567839283244627
0.013937348457919435
0.01424664633650147
0.014448289264176524
0.014566443397344116
0.014594382826380413
0.014481288767779677
0.014296943174703383
0.013987625719759552
0.013583992319162932
0.013097074153814534
0.012502583873833337
0.011810959074633394
0.011311855349053533
-0.032071083509876114
-0.0313717322616408
-0.030559689982882457
-0.029618294278227687
-0.028511524739326152
-0.027316438182844925
-0.02595047464037959
-0.024443092529678457
-0.022814083189087224
-0.02104289274614335
-0.019132669310344606
-0.01704893344366391
-0.014884308620509245
-0.012602200922816081
-0.010208250767059038
-0.0077277730576685594
-0.005237950639828628
-0.002699288453316275
-0.00012964756447140808
0.0024001158170007825
0.004922690121434976
0.007423881113392876
0.009870240676752993
0.012256522304099307
0.014588375983588786
0.016864891750315796
0.019054842971588524
0.02119202347206046
0.02327638782846296
0.025331005980069883
0.027250934029795375
0.029148230983352653
0.03095098022937223
0.032709312290533366
0.0343831115297603
0.03598176486263868
0.03753717030876017
0.03897788212535549
0.04029497590525979
0.04159709520535556
0.042736593568041034
0.043661239834664974
0.044365269120738196
0.0448018102351906
0.044985012336515875
0.04495631364077019
0.044692054133586845
0.04421844098089259
0.04357893827791769
0.042770478554551045
0.04184293407497594
0.04076554006452845
0.039611776770303565
0.03835510376375861
0.037001730028966694
0.03560943026298381
0.0341368976653994
0.032628705562932334
0.031008081910475764
0.029428657346866713
0.027783318666225167
0.026098932401025413
0.024375655339888436
0.0226826445997285
0.02097067389979661
0.019236027990337946
0.017532718530845093
0.015839140302719792
0.01415539583594137
0.012424947617464769
0.010794356469237537
0.009184315597807103
0.00753835317242547
0.006004020569414151
0.004435401521021352
0.0029282143455070585
0.0014179216376340206
-8.967774265345324e-06
-0.0014199967286727994
-0.0028293430321490527
-0.004157758361536808
-0.005483196968847132
-0.006793502350645583
-0.008066177070400183
-0.009362156385494431
-0.010596328968341786
-0.011835592061007464
-0.013006024348322124
-0.014227376151465757
-0.015406840711607531
-0.016564114441628964
-0.017658136026039113
-0.018767625811238205
-0.019845969018251638
-0.020891451057070916
-0.021867874381475742
-0.022864376308838495
-0.02380195344918719
-0.02469551209273063
-0.02556883048700321
-0.026470734748693645
-0.027262051781110894
-0.02806162265395751
-0.028787413296899857
-0.02948732240363236
-0.03009011603425583
-0.030662868713569234
-0.031116015837518038
-0.0314714410430749
-0.03177851359507409
-0.03192498604187656
-0.03199479499358881
-0.03190222136740208
-0.03171076031997174
-0.03141836778253899
-0.030987176753267242
-0.03042662245353541
-0.029748277744127364
-0.029258114611800515
0.020253619430361795
0.02122885707657164
0.022178514699366058
0.023199379648030687
0.024281974384681767
0.025343567358120985
0.02648164520138286
0.027633088294124593
0.028690941784001184
0.029594372821973677
0.03032912774136695
0.030837175592359524
0.031228334946209763
0.031505860131492654
0.0316116497146969
0.03168993314646846
0.0315406117319885
0.03128492812026513
0.030965676587943382
0.030518253355489192
0.029967966751250612
0.029470555713958357
0.028853700477588246
0.028167117063414564
0.02747887019387816
0.02679915375268968
0.02589952111268923
0.02482742606844255
0.023622642877257623
0.022231304615010068
0.020664371255694463
0.018921046929739165
0.017089767011092567
0.015110322305454787
0.013035142314391507
0.010775675682632335
0.008438815289643006
0.0056973398982780215
0.0030678315940854653
0.0010337675958987259
-0.0004413201313020546
-0.001569746044781642
-0.0026305389743945854
-0.0038632823015189973
-0.005234505333744842
-0.006675538320210484
-0.008055970494344962
-0.009339473350863185
-0.010449114805230622
-0.01136228773909963
-0.012127443446201624
-0.012829188093083291
-0.013442415419462216
-0.013984704696986337
-0.014498099964444055
-0.014961030303724244
-0.01541617654163076
-0.01585270019504174
-0.01620716968110966
-0.01652783118214617
-0.016830110579279405
-0.017045693392556144
-0.017234403224123642
-0.017348422494476986
-0.017399787950655544
-0.017426082616858126
-0.01741330082404476
-0.017401588263655985
-0.01736649030678933
-0.017268039268492845
-0.017057960280313228
-0.01680800024822494
-0.01646442970598393
-0.016095309644835725
-0.015670454891889982
-0.015170207974890524
-0.014662281091062653
-0.014165475696403342
-0.013929975305890302
-0.014070644768058494
-0.015041555543613612
-0.016551843053797123
-0.01804522300047657
-0.019144412990568026
-0.02000071319885018
-0.02087776012271846
-0.021974227993764743
-0.02325102618060436
-0.024493073501098764
-0.025614191414541104
-0.02598360971606839
-0.025552951040802293
-0.02461102903718439
-0.023491197856020624
-0.022313013660648813
-0.02116016383433067
-0.02008107645437131
-0.018997456528174413
-0.017881000747510638
-0.01661686194299089
-0.015385129002848982
-0.01419391921873369
-0.012985406599091686
-0.01172360996364206
-0.010500151017454258
-0.009331208988944108
-0.008200865074099926
-0.007050001121180991
-0.005829514021575551
-0.004431040462357416
-0.0029479251584461435
-0.0013070607107028257
0.0003559889197490574
0.002090954020079785
0.003755233942235119
0.005389904898145017
0.00689147075215789
0.008263769314682961
0.009123681266050121
