291.92298996150515
292.1346249984568
292.3397296747219
292.53670701554165
292.72548225661166
292.9050996223506
293.0686821611765
293.2198663567147
293.3589361443275
293.4860156321116
293.5998699202914
293.69649507985207
293.77868259175307
293.84657741657463
293.90032492290345
293.9391262198843
293.9601982032935
293.96559957504286
293.9556580935558
293.93049781880666
293.88983839200966
293.8334848266739
293.76228272366666
293.6766300003521
293.5767699310589
293.46410604413103
293.34023296644887
293.2049620722149
293.0586779725754
292.90162478231537
292.7436943287473
292.5889994181984
292.43292807879993
292.2756940328007
292.1175814222848
291.961987917325
291.80906256238035
291.65736511750987
291.50628697316534
291.3558935032747
291.20594585856423
291.05809548147727
290.9219103683426
290.78141028396067
290.6421757781677
290.5079167207965
290.37425183255067
290.2424951678955
290.1127130283854
289.98486684759865
289.85888756834476
289.7348251591291
289.61263267490494
289.49220930640803
289.3736596369289
289.25711916913133
289.1424500532927
289.0295702801496
288.9185088378981
288.80911389807676
288.70078753105633
288.5940309062032
288.4887993123735
288.38496811274086
288.28267712542004
288.18233903033814
288.08329584619446
287.9855887207962
287.8891900674365
287.7939616903728
287.6994654144338
287.606139599267
287.5138947291386
287.4209787297126
287.3263180303022
287.2352943412726
287.1448718115244
287.02259795465704
286.92505259740733
286.8371431021328
286.7769406467102
286.7618039639586
286.7545070341918
286.8102415881498
286.8293783519215
286.8581439544794
286.892937918353
286.9325503960742
286.9761554834162
287.0205825058071
287.06650608797224
287.11525458443543
287.16697634885355
287.2216913368718
287.29324312500285
287.3795670776258
287.47722777176887
287.5866007027822
287.7081852224343
287.8415960350296
287.98714497271413
288.1447804912796
288.31463356576944
288.49667820536166
288.68706129895486
288.88721146759445
289.09730723788624
289.3171159272066
289.5464545373836
289.78182651364307
290.0235050358626
290.2712144661135
290.52468337928184
290.781762508974
291.0253822109872
291.2648998214151
291.50069381335095
291.7325639341104
291.8879683101107
292.0443809172686
292.2578636198527
292.4600986995099
292.65217301386934
292.83479205382145
293.0083595264342
293.17157010215135
293.32312512634513
293.462841164348
293.5907344922937
293.70681431697216
293.8097810721075
293.8983594475747
293.97241946478573
294.0321680826678
294.07780149586324
294.1084493563904
294.12369373578474
294.1237533325951
294.10885662285193
294.0793866342657
294.03546263206874
293.9775099228105
293.90577119642154
293.82041128333174
293.72189003562175
293.61199706769145
293.4918238806572
293.3615347465677
293.22128506193076
293.0725287917065
292.92202535822827
292.77197626405905
292.6225366225433
292.47365081508264
292.32577902199546
292.17979861777303
292.03531539391923
291.8918541695394
291.74710012324056
291.602087550869
291.45732989504313
291.31731750804636
291.18316158373665
291.0509251011668
290.92081589281344
290.79385440331157
290.6685626410663
290.54498306698287
290.4231903917775
290.3033966642178
290.18550610446636
290.06940122195607
289.95502308086685
289.84229393856305
289.73114727150903
289.6215909113758
289.5137138427247
289.4074847448584
289.30288416288425
289.1997577878728
289.0979307362781
288.99745988334996
288.8983036682999
288.80049069652074
288.7037174904676
288.6080680864888
288.51350547043836
288.4200234717804
288.3276234721676
288.23657179402267
288.1466319829108
288.0577499727226
287.9697843633727
287.87965544173824
287.7882851388215
287.6984701777268
287.59970313917313
287.4878146608717
287.3825215734662
287.28441789160786
287.23685012398647
287.237783886053
287.3024812534276
287.3825678929297
287.44460160534237
287.4957317441412
287.54165289052673
287.58472320558985
287.62506202073564
287.66229975344066
287.70064232015517
287.74130648574464
287.7842764413382
287.83201117065516
287.891220546902
287.9632553359599
288.04848757052224
288.1468247472253
288.2569923025219
288.37713070753654
288.508273433768
288.65114355370025
288.806021974129
288.97323493924324
289.15307221518884
289.3444554952099
289.5464653477662
289.7583819901203
289.9785639398456
290.20463805870855
290.43619519144073
290.67286325897464
290.9141408994538
291.1561842597688
291.3943078376415
291.62744306948565
291.85538654259625
292.0074787901239
294.6949678578241
294.77615847453984
294.8557345399902
294.9335799280701
295.009592721782
295.08377117599787
295.15585632068223
295.22564721941137
295.292993399797
295.3578675828308
295.42015968085406
295.4795342646939
295.5357535679879
295.5886824012638
295.6381746313049
295.68414702243217
295.7262694709138
295.76432656735733
295.7981771589815
295.8278158443091
295.8530562121238
295.8735707420667
295.88925927335225
295.9000934532133
295.90595853849373
295.9068811332167
295.902769898129
295.89362880556774
295.8795072959035
295.8604154242254
295.8368683426124
295.8112463764526
295.7839451229628
295.75517249108464
295.7249752199865
295.6935448647154
295.66098859030217
295.62576908315316
295.58715865977933
295.5441990619447
295.4988066839142
295.4514457272183
295.4034673592645
295.3553135118168
295.30647732784433
295.2572423616376
295.2078105829518
295.1580020654995
295.10777240605097
295.057233225002
295.0063900332989
294.9552929188691
294.9040641519541
294.85262973819084
294.8010949574856
294.749448672546
294.69775940842237
294.645982829126
294.59417178784594
294.5423510601608
294.4905191640266
294.43869656672183
294.3869281500445
294.335173852458
294.2834692171756
294.23184127652644
294.1802464584032
294.1287402757189
294.07736217072505
294.02605820318547
293.9747944509003
293.9236628399195
293.8725999765677
293.82161245675803
293.7698537197793
293.7181485583842
293.66651724581396
293.6131116236031
293.5580239504378
293.5032832703358
293.4492471162928
293.4045428589553
293.36158886610355
293.3215501907586
293.28086135797537
293.2434032753841
293.2099120224067
293.18051187977426
293.15537673357966
293.1344536829933
293.11785785514155
293.1057315902067
293.09807645756933
293.0949413377118
293.0975190505413
293.1083675916498
293.12754680694445
293.15500095618614
293.19073304940537
293.23393203499796
293.28339087321643
293.33897178569697
293.40057783552106
293.4681386859605
293.5402478596475
293.6152038583506
293.69282983180835
293.7730758527777
293.85587561696246
293.9402725405944
294.0254105711171
294.1110930961823
294.1972095756716
294.28366925766585
294.3699597003388
294.4555075505788
294.5401164299012
294.6238395190561
294.6801346298322
293.00699015446617
293.1148437905244
293.2169041846388
293.31320374846615
293.4041867234166
293.4904253054934
293.5712523314076
293.6452055739966
293.7122814938456
293.77286445125793
293.82725708477193
293.87448170866804
293.9131543343277
293.94348452795776
293.9658964458215
293.9808123970642
293.98782716792374
293.9862325821843
293.9761421302893
293.9576855948218
293.93106060373043
293.89561604519173
293.8508441314643
293.79684578470227
293.7338879603008
293.6622929200798
293.582730714934
293.4960517278631
293.4030777513084
293.30411953029716
293.1999119395845
293.0949287949412
292.99359207380763
292.8979897024027
292.80894654047364
292.7267139667385
292.65133673759874
292.5800226570182
292.51081771224534
292.4426502354911
292.3753894935513
292.30895408843327
292.24465694076935
292.18524850304146
292.1293005608025
292.07602481220914
292.0261980352389
291.97884219216843
291.93324579090563
291.8890854149128
291.84610568824536
291.80393085371077
291.7623658841061
291.72139386195215
291.68091471982956
291.64083438758956
291.6009938338023
291.5611148601547
291.5212469876843
291.48138507247666
291.4413395930127
291.40085221331503
291.359757717611
291.3180089672898
291.27569852559026
291.23271610550427
291.188831092156
291.14396603996516
291.0981767815118
291.05149048860903
291.0039209657777
290.9551713981549
290.9053220819837
290.85441518138657
290.80167672637106
290.74655122278034
290.6896495802421
290.63041470126154
290.56692150847164
290.5003555185752
290.43237427855235
290.3712809681984
290.32851674976746
290.3100950629992
290.3113541434236
290.32229499588095
290.33547813272014
290.3448656368967
290.3465964970674
290.33965288444057
290.3322202366647
290.33174032871
290.34156617218133
290.36310789302564
290.3964281377207
290.4416051136714
290.49862261202406
290.56708705883113
290.6465192544908
290.73584847144815
290.8334137111836
290.9378944299607
291.0485114992392
291.16467204660256
291.28543054402485
291.40895836401666
291.534456742561
291.66164010743637
291.7905329351921
291.92022800622976
292.04887102629317
292.17610392430066
292.30215884952133
292.4273520123279
292.5508664490687
292.67070885182994
292.78674365994664
292.8993349261953
292.9741573630974
293.93788056322325
294.03171753441035
294.12092675895457
294.2049909526161
294.2842824812057
294.3591230054119
294.4292275186143
294.49320073287254
294.5507273668112
294.6020792736137
294.6477623860408
294.6874758563982
294.7203146522138
294.746297490681
294.7655243887841
294.77833552135115
294.78457922760305
294.7835803677387
294.7754222670527
294.7602217177858
294.7381950120215
294.70911128559464
294.67250557440786
294.62850980460775
294.5772155322733
294.51894705553144
294.45436954440913
294.38440300278114
294.3098268170084
294.2313072208999
294.1494715112224
294.0686965475793
293.993625689437
293.9270270731566
293.87060512172997
293.8251309846487
293.7877472522166
293.7407206167296
293.68639288319923
293.62781450089994
293.56646734519813
293.50386669180915
293.44102859364386
293.37875635701573
293.3176337685204
293.25798333358864
293.20002979021456
293.1439092317272
293.0896801139955
293.03726655864034
292.98671395434195
292.9378621787002
292.89075746410487
292.8453206057427
292.80154178876273
292.7593025914522
292.71860431003984
292.67924341982405
292.64110959577494
292.6041502876628
292.568292224848
292.53339818726255
292.49934645592253
292.4658606808802
292.4327986059093
292.40007348956544
292.3675500958788
292.3351429601575
292.3026990487417
292.27016991999534
292.23739255819515
292.2041514091325
292.1703062861383
292.13579772381433
292.1001418662255
292.0627435793642
292.0235830664661
291.9822721302557
291.93761897812533
291.8902188665774
291.84102821337177
291.7958169249792
291.7636635061999
291.75126331658737
291.75883060431704
291.7788535313594
291.8016064601844
291.81919949956995
291.8269458910704
291.8236135308948
291.81472469077556
291.80637840100457
291.8023035718068
291.80480876741626
291.8152171028661
291.83476500338764
291.86464559339584
291.90559495089536
291.9577370980903
292.02065987854934
292.0930303739569
292.173426210938
292.2607944648445
292.3542234160717
292.4528350042649
292.55490172254895
292.6593553638257
292.7657397866425
292.87377472991346
292.98306198183064
293.09205737158595
293.20021686337384
293.3073472468263
293.4136110206966
293.51866132134916
293.62101829327224
293.7200929333989
293.81609163013076
293.8797351625624
292.652352297934
292.71518959851926
292.7791789950803
292.84402355857566
292.9094352659033
292.97512205147285
293.04082637185905
293.1063443537162
293.17139068674555
293.23564624168074
293.29887778114124
293.3607910931989
293.42125245242494
293.47981719691643
293.53622551600154
293.59018765844974
293.64151428523036
293.68986529532185
293.7350356277009
293.7767548069172
293.81477758270285
293.8489977162796
293.8791759304051
293.90519792739667
293.926938039976
293.94425956266315
293.95706654505534
293.9654292272322
293.96935921119433
293.9690283580107
293.9645567525539
293.9562064098943
293.94427438431364
293.9291615862947
293.91142604739315
293.8914639309285
293.8698238671332
293.8468057151971
293.82268593287307
293.79753894548105
293.7714416397046
293.7444124834478
293.7165379734521
293.68787483591854
293.6585864339164
293.6288228790594
293.59878894214313
293.5685759995873
293.538383135885
293.50826703327647
293.4783145252326
293.4485097047078
293.41879707262325
293.3891406263606
293.3595366317073
293.3299611113222
293.30034028364406
293.2707468090808
293.24110677195665
293.2114977604777
293.1818594429447
293.152206879507
293.1224422369173
293.092609368316
293.06260576786315
293.0324117702938
293.0020314679566
292.971399435765
292.9404786778721
292.90922680663925
292.87761792638577
292.84569560662317
292.81337826210546
292.7806271603807
292.74746870760293
292.7138130718907
292.67956083200687
292.6446856986985
292.60903975212057
292.5724198084525
292.53480767640843
292.4961958605646
292.45705348604343
292.41825011023076
292.3812022094976
292.3469321083223
292.3158995168242
292.2878795459896
292.26225559495316
292.23831917036165
292.21532076417196
292.1929270419707
292.1710622294907
292.1499446617371
292.12986223136505
292.1113131534159
292.0946667372173
292.0804082463104
292.06910485592533
292.0612716531422
292.0572105771488
292.05726534500184
292.0616472518277
292.0704342947293
292.08371445534016
292.10151320338554
292.12374114619206
292.1503567218499
292.1811523457294
292.21604179971405
292.2548529682324
292.2973318697922
292.34329974083914
292.3924241899556
292.4445105621481
292.4992871926006
292.55647452079285
292.61569097551717
292.6569443501821
293.1302267368701
293.14186350943464
293.15381590248364
293.1660527130335
293.1786296239196
293.19144103898
293.20448614753496
293.21760173501576
293.23073780679914
293.24385887839304
293.2568752081991
293.2697952953534
293.28251402735776
293.29492561883467
293.30709023114616
293.31889948084273
293.33027737828104
293.3412251378473
293.35168193591454
293.36156538899326
293.3708714685714
293.3795041773561
293.38742688758504
293.39458667492374
293.4009645926162
293.4065361389663
293.4113655279476
293.41566923556235
293.41946266012775
293.4228709298369
293.4258434390182
293.42845123327766
293.43079074329455
293.4329669633705
293.43501445491955
293.43702902674045
293.43888457895594
293.43937180226277
293.43886148440106
293.4375337708733
293.4356481287667
293.4331935085274
293.430275346202
293.4270353453192
293.4234205603412
293.4195335948861
293.41544181454765
293.41113659186925
293.40672380662625
293.40212748379787
293.39744330824306
293.39266112262055
293.3878224488815
293.38287758049796
293.3778826694223
293.372848310408
293.3677346721289
293.3625735230137
293.357325030066
293.35203218360283
293.3465893740097
293.3411126410989
293.3354543865846
293.32965974048807
293.32373968692326
293.3176456411389
293.31137982597767
293.3049008773239
293.29829220273
293.29147904478987
293.2844419570967
293.2771989091667
293.2696898441653
293.26196855662636
293.2539652588588
293.24561538626523
293.23696842614737
293.2279985028745
293.2185383134753
293.2086641986743
293.19833826649983
293.18789070667185
293.17797232512174
293.16905405701266
293.1612182875706
293.15412364506057
293.14745618614353
293.14085582886815
293.13413638854803
293.12717438598696
293.11999992319005
293.1126117120793
293.1051309030123
293.0975833651327
293.0901633192223
293.08295343885663
293.0762834088505
293.07024893238656
293.0649988306157
293.06063105490995
293.0571670426507
293.0546806755864
293.0531776352378
293.05267072185285
293.0531386387298
293.05460400111133
293.05694743614765
293.06014049566005
293.06422732581916
293.06917441996023
293.07496192985906
293.0815160332117
293.08882629855265
293.0968794649815
293.1056444836503
293.1149996526076
293.12489990995937
293.1353640500797
293.1427499127809
300.27181462147524
300.29695607953107
300.3241407475786
300.3533399426784
300.38454056130394
300.4177427755469
300.452783022825
300.48964639840244
300.5281472805395
300.5681187746284
300.6095347314863
300.652199788528
300.6958246508764
300.74022392056986
300.7852670392679
300.8307791673723
300.87652126000893
300.9222387024208
300.96778676041396
301.012983468973
301.0577185280901
301.1017052244509
301.14464170946485
301.1864299477833
301.2268031688949
301.2656018743001
301.3027016682103
301.3379725148224
301.371259920495
301.40239481477806
301.43136535486053
301.4583063967199
301.48346622984326
301.50681315869264
301.5285132114452
301.54851172564383
301.5667925746838
301.5827875640751
301.5964654757131
301.607802391911
301.61685626777546
301.6237314715685
301.62856250009713
301.6313759183908
301.6323780031506
301.6315308025971
301.6289992408552
301.6247523148696
301.61891405248
301.611493386687
301.6025450157569
301.5921041492418
301.5802669952891
301.5670795408057
301.55258091527025
301.5368189590104
301.5198570565444
301.5017859548827
301.48256375694575
301.46229140542624
301.44095157113003
301.4186488101056
301.39540501722337
301.3712706977747
301.34622389036946
301.3203235635484
301.29362061178733
301.2661252544963
301.2378862853642
301.2089336857078
301.1793693292291
301.1491906015025
301.1184388191599
301.0871332561395
301.0552123391597
301.02276475690644
300.9898528799346
300.9564329353203
300.92261128813357
300.8883446638006
300.8536456082443
300.8185309624555
300.7830850280014
300.7474464154583
300.7118461040388
300.67647856589514
300.64127487980033
300.60624667679537
300.5714086658172
300.53678920382345
300.50263426079425
300.46916022939035
300.4365043416654
300.4047552929371
300.37418018414957
300.344940126547
300.3172343774188
300.29116371193044
300.2668187452808
300.24434129259777
300.22381870969497
300.2053791496861
300.18912279563455
300.17506002424307
300.163355455231
300.1539120664712
300.1468328452767
300.14201946877307
300.13962581512465
300.13964065642494
300.1420839124327
300.1469080417473
300.15418960677096
300.1639788363073
300.1762396278968
300.1909119593432
300.20795372685313
300.2273961910101
300.2419374639292
295.280908131824
295.30869763036833
295.33824245261525
295.3694634785494
295.40224033125423
295.43649264761456
295.4721034824544
295.5089603293569
295.5468844352121
295.5857501303736
295.62539758519785
295.6656387658668
295.70623067362146
295.74700320299957
295.7877423504308
295.8284101041539
295.86870520890943
295.9085014668651
295.947568067994
295.985808772043
296.02309244336425
296.05917533057146
296.0939659287646
296.12726416156715
296.15895750604165
296.1888890866659
296.2169827385279
296.2431752567421
296.2673538033264
296.2895013519941
296.3095264248307
296.327644482831
296.34410253331424
296.35909155894905
296.3727416364395
296.3853120834216
296.3966261635124
296.4060652951228
296.4137584042942
296.4196442874821
296.4237489624179
296.4261753725051
296.4269197615795
296.4261492061618
296.4238995075036
296.4202718897957
296.41532532814796
296.4091389304621
296.4017133369361
296.3931605603997
296.3834604079953
296.37268994576334
296.3609354310483
296.3481592851752
296.33447048249496
296.31987319792506
296.30443735745934
296.2881570248643
296.27105044224777
296.25321063768445
296.2346336549576
296.21534174461794
296.19538557620575
296.17473125344975
296.15343376259983
296.1315083443062
296.1089284092646
296.08576088914276
296.0620300689536
296.0377000806332
296.0128019604611
295.9874200434384
295.96149355793693
295.93504026436403
295.90806949583754
295.88056618495534
295.8525720217436
295.8241054937813
295.79512655864113
295.7656507449141
295.73571060886553
295.7053627645427
295.67471092991656
295.64402785511425
295.6136004272207
295.5835506100813
295.5537327412066
295.52414463715866
295.4946855002109
295.4653057810843
295.43620438637197
295.40756064606205
295.3794735581429
295.3521589634042
295.32575151893195
295.30048432861156
295.2766252462814
295.2542850492031
295.2336403476102
295.21486793068857
295.1980768652459
295.183384805372
295.17092087472616
295.16084600005485
295.1531430164391
295.1479233585426
295.1451632292531
295.14484259504843
295.1470877578991
295.1518407811268
295.1591186022985
295.1688805091858
295.1810858181191
295.1958030805741
295.21287309854944
295.2322541697265
295.2537849843221
295.2774041128104
295.29467549496917
303.7787719709379
303.8021783210499
303.8281773148236
303.85668906219064
303.88751312170746
303.92058821301
303.9557179827253
303.9928002538909
304.0316670205229
304.0722372763239
304.11429511439513
304.15770811011436
304.20236492053635
304.24814950881415
304.2947754383707
304.3421198837888
304.39009264948885
304.43845850038036
304.48710566196115
304.5357561143159
304.5843336442078
304.63268259021845
304.68056220668564
304.727834848591
304.774324896701
304.8198819263129
304.8642923226838
304.90746592924336
304.9491403129093
304.9892591289066
305.02763495251395
305.06413479672767
305.09880866228866
305.13156813519043
305.16249802511703
305.19165442705594
305.21914342751046
305.24472773514725
305.2683046013771
305.28965817481287
305.3085434865725
305.3248860750244
305.3385450961579
305.34957554778816
305.3579783398942
305.3638428491774
305.36726498469903
305.3683859196951
305.3672245725575
305.3639818026675
305.35875612268404
305.3516265147633
305.34268413616036
305.33206827556967
305.3198609869424
305.3061125235939
305.2909221176032
305.27436852111106
305.25647909689945
305.2373955841915
305.21708024858714
305.19564050540464
305.17311757758813
305.14954453044174
305.1249572770945
305.09943002816914
305.0729909882376
305.0456245777533
305.0174270724234
304.9883654918951
304.9585546165148
304.9279389702127
304.89654823751954
304.8644732182326
304.83163554012515
304.7981754916078
304.7639929852097
304.72920158558793
304.69377433924615
304.6576949461164
304.621028709831
304.5837504139065
304.54592524242554
304.50755659275603
304.46873996970965
304.4295872530386
304.3901395281284
304.35058094377223
304.31088829507854
304.2711726823281
304.2314342671414
304.1918412083793
304.15241733001335
304.11343597934905
304.0748912114897
304.03702570358183
304.0000894942995
303.96420994100555
303.9296849451128
303.8966742685575
303.86551587858827
303.8364113341736
303.8095530014235
303.785116851998
303.7633296919832
303.7443418877707
303.72823964481285
303.7151974407681
303.7052833434372
303.6985542755836
303.69508770559776
303.694865546702
303.69790590338596
303.7040896133949
303.71353211712034
303.72600882617974
303.7415158205819
303.75996400048183
303.77408473305087
300.77655138138465
300.8056104798705
300.8372674070945
300.87144767979663
300.9079966778602
300.9467924770866
300.9876886311295
301.0305645170865
301.07525605177625
301.12164532885646
301.1695535066801
301.2188343500046
301.26932730696444
301.32075124016234
301.3730039342234
301.42584328581404
301.4790912619562
301.53255212732415
301.58598934238137
301.63920035340493
301.69193581156964
301.74408464205953
301.7953832023404
301.8456906670566
301.8947855971666
301.94250933104325
301.98876277539836
302.03330679630994
302.0759871705468
302.1166800273137
302.15525933224956
302.19167238571566
302.2258608098332
302.2579435532956
302.2879506049335
302.3158607776943
302.3417778182299
302.3653799145657
302.3862916544136
302.40425389144923
302.4191370770287
302.4308373054506
302.43937978295065
302.4448979621039
302.44748292684227
302.44732446809945
302.4445901383904
302.43937728889347
302.4318811138618
302.42222280273114
302.41055679758085
302.3969885207548
302.3816373432417
302.3646129228354
302.34604350916135
302.3260491753938
302.304695404093
302.2820101127702
302.2581029445012
302.23308843689705
302.20694864884064
302.17976053545914
302.1516275879756
302.1225806773488
302.0926503450869
302.06193671169876
302.0304465354091
301.9981697933213
301.96520010421614
301.9316149910422
301.8973886828157
301.86254693930124
301.82718982147725
301.7913053479035
301.7549306801848
301.71807204315473
301.68081010238893
301.64311297118127
301.6050391957872
301.5666169542922
301.52788405991043
301.4888660376865
301.449546770787
301.40994391115504
301.3701553330788
301.3301287249346
301.2898947485246
301.24959311847033
301.2091265653166
301.1687004852242
301.1283653280688
301.08829460043074
301.04866665312437
301.00971625426786
300.9716397364527
300.9346209238442
300.8990049895594
300.8649504825736
300.83270193853735
300.80255301694245
300.77468298919933
300.7492200136773
300.72641075498433
300.70630909407356
300.6891659226737
300.6750071982958
300.6638964971245
300.65597054925536
300.65130283132595
300.64994059574167
300.65188435840287
300.65710863883453
300.66567299540617
300.6774539996307
300.6924345447705
300.71053969224465
300.73170224033294
300.7557618575423
300.773759531093
305.2155407694731
305.2353369355084
305.2575423615472
305.2819881786231
305.30858538498876
305.33720494541774
305.3678004130414
305.40027745685114
305.43450783159454
305.4704006686674
305.50787765466447
305.5467995919397
305.5870949044113
305.62863988915393
305.6713156176749
305.7149920159234
305.7595485721997
305.80485684273714
305.8507633743603
305.8971240876222
305.9438066349859
305.9906107998803
306.0374521871097
306.084092031111
306.13041457874675
306.17623321629077
306.22140175471264
306.26572120696295
306.30905718762506
306.35120780361007
306.39202530088966
306.431421947161
306.46936276577486
306.5057350345545
306.54068131956234
306.5741973871806
306.60635299684975
306.636903913649
306.6654731362225
306.69181183117774
306.7155564819366
306.7364767989322
306.754405179782
306.769378510509
306.781419578629
306.7905721361822
306.7970697818311
306.8009404460046
306.80236306328396
306.8015298214453
306.79848061981505
306.7934138685674
306.7864573606284
306.7776320443842
306.7671568028781
306.7550322519705
306.7414021530935
306.72631570831675
306.70984679117237
306.69205138771923
306.67302165564473
306.6528071441821
306.63142846280647
306.60892316114456
306.5854340215089
306.5608843783797
306.5353764496392
306.5089055903058
306.4815808363489
306.45332404083615
306.42424896630655
306.3943189921352
306.3636484501214
306.33216216236076
306.299973680876
306.26704537736265
306.23338607490615
306.1990805056627
306.16411478883526
306.1284585375867
306.09222138577906
306.05533620084015
306.01788214239804
305.97985375558335
305.9413734889897
305.9024550462518
305.8631716921159
305.823608131583
305.783782590707
305.7437791960128
305.70367980239234
305.66358286078355
305.62357213558386
305.583913814873
305.54469605157806
305.5061174359292
305.4684744022222
305.4319182092477
305.396778643523
305.36321082068906
305.3314717494519
305.30181883879845
305.2743879556264
305.24933659725866
305.2269378482271
305.20722124978295
305.1903627754328
305.1763988568532
305.16546324252806
305.15755455838695
305.15268225988007
305.1508640451815
305.15209260088335
305.15626436587905
305.16338028414685
305.17329390036343
305.1859517015929
305.201264447192
305.2131134923794
301.1684939040946
301.1869595954875
301.20802065750695
301.2315523391609
301.2574971534209
301.2857830855183
301.31625487558034
301.3487847278298
301.3833305238475
301.41972524817413
301.457896967103
301.49772191508225
301.53903982145897
301.5817266613743
301.62561312352364
301.6705728863345
301.7164701217451
301.76305727469116
301.8102943457461
301.8579344036071
301.9058046754736
301.9537840715099
302.0017378818486
302.04945674574685
302.09682085278956
302.1436761887712
302.18984807860255
302.2352184743912
302.27967258471716
302.3230078868144
302.3651087206759
302.4057840722991
302.4450733925176
302.48287862528286
302.5191393030242
302.5538731286569
302.58707027902716
302.618576662167
302.6480866755589
302.6753468130773
302.70013103912925
302.7222909708663
302.7417107735862
302.7584005627062
302.7722743408567
302.78339384560684
302.79188123484914
302.7977936164927
302.8011958577672
302.8021872492519
302.8008661861279
302.7973300056022
302.79173769552716
302.7840943095338
302.77452335855384
302.7631460824927
302.7500482770808
302.7352506859033
302.7188681292001
302.7010290062065
302.68172918144427
302.6610517330225
302.6390719506305
302.6159083638576
302.59151227700573
302.56602974086604
302.53944435625954
302.51185845640606
302.48334575646163
302.45386506574044
302.4235437028663
302.3923400967744
302.3603707368055
302.32763903112397
302.29422180423614
302.260073402688
302.22531505740864
302.1899003590909
302.1539092509852
302.11739886101157
302.08033923911654
302.0427841569652
302.0047767098747
301.9663293616127
301.9274298133791
301.88819792619324
301.84862510780914
301.8087640445626
301.76868507133213
301.7284267648741
301.6880875750439
301.64780139063345
301.60770034458625
301.5679424866171
301.5286844767794
301.4901048809532
301.4523911660676
301.415774699284
301.38044735526694
301.34659675465974
301.314433210729
301.2841549968171
301.255959307129
301.229967750861
301.20633401400346
301.18525862851936
301.1667849503094
301.1510643106623
301.1381765641681
301.12821589390677
301.12118616166856
301.1171747874016
301.11614138033497
301.1180791546185
301.1230121263375
301.13084605524915
301.14161318765935
301.15511296057343
301.1659329704572
297.8598533382635
297.92085925723865
297.98074534282085
298.03940545422336
298.09673054714
298.1526366335937
298.2068559761542
298.2587357127123
298.3080869803101
298.3548891567559
298.3991052009665
298.4403850835757
298.478001736085
298.5119122144591
298.5423097170445
298.56922241283945
298.5924550557815
298.6117438353958
298.6271111840273
298.63859495250534
298.64634483278945
298.6501138507189
298.6498140768942
298.64539914709974
298.6368372818008
298.6241618674266
298.60734486271946
298.58671438286956
298.5624410478249
298.5348383316565
298.50430343208353
298.4724730711591
298.44082538467273
298.4102905738726
298.38127553609627
298.3541765668799
298.32913612141533
298.3051017146217
298.2808996495509
298.25588539104933
298.22983107908885
298.2027111856519
298.1745490066199
298.1453961568274
298.1153496473885
298.08461566595093
298.05339763500365
298.0217663698505
297.9899077149705
297.9579456473338
297.9259289666336
297.8939107134667
297.8619868189981
297.8301291351815
297.79845510344666
297.76698904738873
297.73573388155046
297.70471636935497
297.6739025857708
297.64328151307643
297.61277933475094
297.5823955512717
297.55208572557603
297.52172283291753
297.49131378244584
297.46077984016824
297.4301141492694
297.39923444349245
297.3680960212945
297.3366896462978
297.3050229186747
297.27305050897536
297.24073288613596
297.2080505954017
297.1750775794261
297.14162953995725
297.1076565215985
297.0731591643931
297.0380337207226
297.0022346474552
296.9657236739159
296.928608726218
296.8913656892818
296.85739641177844
296.8318283693735
296.8144892905881
296.8020551808679
296.7922913882737
296.7842413480658
296.77751758368555
296.7718130568347
296.76675724093184
296.7627195193028
296.7602982554189
296.76040088585603
296.7647362573912
296.7744524859223
296.78994716337246
296.81102954011396
296.83727181548795
296.86835677707836
296.9039555897488
296.9437088131624
296.98726107644774
297.03402560662295
297.083387076552
297.1349300553799
297.18848755464956
297.24404975973613
297.3013064205494
297.3597232860029
297.418975960197
297.4789452465051
297.53957870829447
297.600583906565
297.6614504519462
297.72198310203754
297.7821446598455
297.8228613819441
