291.1823311853695
291.3727231414528
291.55659033258934
291.73287609606234
291.9017533361318
292.0620854299745
292.2048810676741
292.3357329157659
292.4554670808781
292.56437670552754
292.661342741672
292.74177908824186
292.80899218067736
292.8633308715507
292.90499478658523
292.9332766028581
292.94578236157656
292.9446765291504
292.9302290957481
292.9025794911678
292.8616891865181
292.8073756332671
292.7401713207873
292.6604065387859
292.5682723896648
292.4650772195435
292.3524139688178
292.229788454254
292.09743606814
291.95552690327696
291.8144167670274
291.6789219054793
291.5425143060327
291.4051216688196
291.26686209298856
291.1317327418399
291.0001440787003
290.86989813969245
290.740617617504
290.6124418713775
290.47266072041657
290.33945943417774
290.20937654223263
290.0825166016534
289.9574476346936
289.8296759333183
289.70732190271195
289.58664001734314
289.467610112178
289.3502567655917
289.23511851802084
289.1217781642478
289.0101195860095
288.90007635409046
288.79173072668664
288.6850137319485
288.57996778511307
288.4765535979639
288.37476204179404
288.27456735872056
288.17569376734883
288.0784337310448
287.9826712703219
287.8883181748832
287.7954453591136
287.70428403301037
287.6142857700894
287.5255117558747
287.43793422747154
287.351427303496
287.2656374412102
287.1808506474497
287.09705429961423
287.0179785675137
286.9461072044309
286.8692925827311
286.79338026930463
286.72524267271507
286.67869803582704
286.69696253331983
286.6712825254139
286.67301885725897
286.67793875286304
286.7161915542821
286.7240692450478
286.7254388122893
286.72816207757876
286.7321966031416
286.73724037325337
286.75565882403805
286.78911895568325
286.82750371654475
286.8701597189753
286.91683616053746
286.9787489838513
287.05473162503813
287.1412256416216
287.23840445628207
287.3466507169453
287.46323291011083
287.58987437267797
287.727566642704
287.87637055584133
288.0362244157977
288.20661415344614
288.3868098659889
288.5764164204711
288.77519464544054
288.98308344027276
289.1997152263012
289.4222248680762
289.65036443301784
289.884054573481
290.1215792286483
290.347114082346
290.5692708489113
290.788854275695
291.0058430656291
291.1519149406346
291.528204465007
291.72004055233964
291.89987127005634
292.06970129711743
292.2307289695885
292.3835319000015
292.5267111836269
292.65855937835767
292.77907650874715
292.88859702373315
292.9872839758198
293.0738533802683
293.1474500409788
293.20819795553433
293.2563348543444
293.2920918493498
293.31508224946276
293.3250322974491
293.32208425627766
293.3064022516005
293.27820391028314
293.23782102067327
293.18561194646963
293.12173870953114
293.0462707589079
292.9595392894313
292.8633056553563
292.75829102826737
292.64446979414987
292.5218487188402
292.39188891252974
292.26165784054
292.13291098021944
292.00543946883676
291.87889229308104
291.7537640978241
291.6313328069922
291.5111131071492
291.392530492457
291.27444650130093
291.15549110078814
291.0311926160134
290.90797257728957
290.78650344519923
290.66748726819105
290.5496327292791
290.4309693697117
290.31489308602477
290.2011317636456
290.08949196812586
289.979970664538
289.872519108863
289.7669742116913
289.66326051871886
289.5612706766791
289.46092762049614
289.3621481731917
289.26498929219184
289.16946736152886
289.0754948158425
288.9829370252619
288.8916932797527
288.8017896072691
288.7132169446338
288.62594975207435
288.5396209246848
288.4541372801509
288.3695480398176
288.2858761325035
288.20309261732103
288.12145434695924
288.0407784799259
287.96096884967346
287.8819468852737
287.81015312006497
287.7420720481088
287.6717001463645
287.6027586042626
287.53749314565795
287.5069558378984
287.4866430809904
287.4830216666337
287.51124086401916
287.57524988140574
287.64144737397976
287.69039320124745
287.7274265764226
287.7572173292203
287.78193926633213
287.8014049375956
287.81317601894347
287.8223700223434
287.83187157752855
287.8425302123443
287.8588332037839
287.8915067253012
287.94047416616246
288.0041778757467
288.0815878437583
288.17079397760574
288.2699153845585
288.37995271514984
288.50144185146763
288.6343615738803
288.779083635284
288.93627143545666
289.1048372892835
289.2837199619471
289.4721424356046
289.6691191177985
289.8726328390616
290.08164215001705
290.2954343687668
290.513532116849
290.7310656726383
290.9442785197343
291.15319943845464
291.35804224977494
291.4951367960356
295.250063164384
295.32256740013463
295.3938218143828
295.4636914925815
295.532110442656
295.59905001388273
295.66422030310906
295.72736280569103
295.7883319868918
295.84710596717844
295.9035772417858
295.9574184545918
296.00839448116403
296.05640334438795
296.10133966194604
296.1431206928824
296.1814708541551
296.2162360202918
296.2472788017261
296.27462239892697
296.29807674519805
296.3173862490903
296.33236328008144
296.34303777430074
296.34930819732364
296.35120268873584
296.3487158702803
296.34184375370023
296.33064058701655
296.3151122991722
296.2956871166068
296.27423952811483
296.2511629909214
296.2266299650671
296.20065644128255
296.1734874318858
296.1453967422852
296.1155745310027
296.0831302037482
296.04779241128205
296.0104666528032
295.97050769748057
295.9290835644969
295.8864133963876
295.84288553893396
295.79828388615454
295.75203858890166
295.7050962569884
295.65746170855545
295.6093262442038
295.56075444471696
295.51182548473923
295.46265437413325
295.41322507679575
295.3636530385684
295.31387372642513
295.26398736094603
295.213978436049
295.16385524550657
295.11368290501787
295.06344597100593
295.0132115247596
294.96298387207526
294.91275123290507
294.86253038085846
294.812349242998
294.7622019135304
294.7121132534623
294.66209510996873
294.6121385006322
294.56222942602915
294.5124105398798
294.4626509306079
294.41297493237414
294.3650710760114
294.3174759963271
294.270115558314
294.2233933466304
294.17731543723545
294.13573718300853
294.09593222103535
294.06160290212256
294.0297590440653
293.99992341923394
293.9700531639843
293.9428630688913
293.91886351307323
293.898142162699
293.88083659794637
293.8670009755183
293.8570764979513
293.85120999471786
293.8494114191842
293.8516905571144
293.85874944367725
293.87205252735873
293.8916928345355
293.9176091152592
293.94979997623705
293.9877865489433
294.030694319443
294.0784506915877
294.13101751440934
294.1883131100511
294.24938842297007
294.3130381139453
294.3791183769428
294.4475636281935
294.5183720069588
294.59076791905596
294.66408813889143
294.73816448646176
294.81288403062257
294.8882055740643
294.96367564299806
295.0388031989516
295.1134221069053
295.18754124560905
295.2375844594197
292.74537213051127
292.8381948661107
292.92647618346246
293.0098384454461
293.08863825164843
293.1632936030644
293.2332851974628
293.29744575871297
293.3556961968906
293.4083504819534
293.4556507164742
293.49684021064996
293.5307486271602
293.5575238270129
293.57741229643375
293.5908408760971
293.59731100366054
293.596063973605
293.58723483273855
293.57093906390827
293.5473499186492
293.5160933595242
293.4768611250829
293.42976711595094
293.375093549662
293.3130923241101
293.2442929758555
293.1693133172273
293.0888044650198
293.0030722398528
292.9128727662188
292.82227688047016
292.73530758316326
292.6538864593993
292.5788281342526
292.5104130565308
292.44946218928
292.3950576478889
292.34629457927315
292.30246650942325
292.2632726188304
292.2264245196114
292.19075491805836
292.1560478861911
292.1229072804046
292.09095411581416
292.057227330547
292.02305297941
291.9893386578586
291.9565522518493
291.924697516337
291.8934796849518
291.86279192789203
291.83262937013126
291.80292945550497
291.7736518256779
291.7445552296851
291.715360760733
291.68608558564216
291.6566554379163
291.62689848918995
291.59640218067017
291.5650549307726
291.5327700711151
291.4996863658936
291.4656523357082
291.4303930008219
291.3937877221418
291.35592411691056
291.316891292317
291.2766485098564
291.2349118323882
291.19172161115137
291.1471814993349
291.1029979410348
291.0601796170976
291.0175164366963
290.97397479044616
290.92958991883717
290.8863051378268
290.84494448919327
290.80775553801914
290.78219778664993
290.77045308567745
290.76818848586663
290.76894787990517
290.7679506785693
290.7614161998416
290.7470426776533
290.7246351000519
290.70161386632356
290.6845724744033
290.67650268522226
290.67858267354825
290.69097172894743
290.7139007801606
290.74750703105934
290.791516263737
290.845521511745
290.90875425422877
290.97983689063886
291.0577389260968
291.1418131642063
291.23148742925105
291.3259395762974
291.4234397160201
291.52319071415855
291.62502915912
291.7289155501245
291.8342093084207
291.93948319981735
292.0443732468895
292.1489343918617
292.2534283516067
292.3570366531501
292.45802967638656
292.5561967694769
292.6517873307345
292.71549289480396
294.02587700694033
294.1055428961518
294.18126564865656
294.2527406153856
294.32016705291187
294.38378893615425
294.4432385245746
294.4972599604427
294.5455488643032
294.5883430331753
294.626019471316
294.6584321319379
294.68484366638273
294.70521605746904
294.7196764007012
294.72851513606673
294.7315398893093
294.7281939219851
294.7184722794397
294.70253019473
294.68054553607186
294.6524723898654
294.6180054665481
294.5773050146507
294.5305280986366
294.47798234963307
294.4201474690504
294.35768809361304
294.2911505596989
294.2210670346818
294.14794203520864
294.07502969894483
294.00592139607096
293.9428272282245
293.8869852437405
293.83905165169665
293.7973198643301
293.75120134688075
293.7021474527594
293.65197782045533
293.60164012190495
293.55205149968805
293.50366137885266
293.4567231602372
293.4113751608881
293.36770199444163
293.32565301633326
293.28529097815556
293.24650146123685
293.2092200869402
293.17345407978513
293.13910397272303
293.10617363920085
293.0746347737154
293.0445395662601
293.0157896634727
292.9883840996381
292.96214133628257
292.93695370276106
292.9127366460585
292.8894007965054
292.8667122659489
292.8444554262122
292.8223329074948
292.80013336272594
292.77778131450805
292.75508374561247
292.73195307382946
292.70823000261277
292.68390081973877
292.65889321980666
292.6330420247245
292.6063477788935
292.5788071324846
292.551379786653
292.5247544181047
292.4985615613748
292.47228003436277
292.44572621744635
292.4199374816246
292.39522774388445
292.3731851038615
292.3592431159423
292.3567748278036
292.3649165567548
292.3780202733614
292.3893733150445
292.39383584324827
292.38860628101673
292.3733406681607
292.3532642998203
292.33386370893845
292.31837060397027
292.30869247887347
292.30591957540105
292.31110703366494
292.32529826060653
292.3491603335368
292.3828087974718
292.4259793476006
292.4777285152184
292.5369704817058
292.6029038152133
292.6748348077082
292.7520274499417
292.83305293088074
292.91689362148
293.00308947591185
293.09132800574673
293.18109009857153
293.27111628028337
293.3608872786696
293.4501873214276
293.5391307349566
293.62746839762553
293.7139514456361
293.79803396285854
293.87983596036725
293.9342638887355
292.658791823564
292.7102257603591
292.7627542021009
292.81616881689246
292.87018500809836
292.9245346372346
292.9790066116845
293.0333559988232
293.0873785417726
293.14077812158314
293.1932992830494
293.24471908107944
293.29487140065004
293.34339258136407
293.39007622424555
293.43460858790587
293.4768696777721
293.51656353618176
293.5535222754861
293.58746628943203
293.61821871958176
293.6456733681309
293.66960541732834
293.6899365602871
293.7065491640285
293.7193537363033
293.7282538728284
293.73332984180064
293.7346269994472
293.73229374945214
293.7264581645975
293.71732806948125
293.70520027960225
293.690402147108
293.6734538668602
293.65464343154594
293.63448449866763
293.61326293211914
293.59134588327476
293.5689396568082
293.54626632443467
293.52354129925806
293.500900338995
293.4783993935682
293.4560587594798
293.433907119027
293.4119433540366
293.3899765332515
293.3679405604267
293.34577663461687
293.323585760218
293.3013653136643
293.27910339390974
293.25683583099806
293.23457809235447
293.21232364324925
293.1900434874312
293.16779995776136
293.1455401545324
293.1233279959708
293.10107871110773
293.0788652146726
293.0565483377656
293.0341632788608
293.01161539622717
292.98887224269316
292.9659353523581
292.9426992962061
292.91917723058015
292.89524373456084
292.87090227378616
292.8461838596665
292.82099668975553
292.7953429278822
292.7692144140816
292.7426350199315
292.7156726512302
292.68842579470083
292.66088918880575
292.63298125334296
292.6048271687534
292.57657162070427
292.54851379608573
292.5211664350428
292.4953326710593
292.4714932536847
292.44970782568447
292.4296759868103
292.41074057652247
292.3923093913032
292.37381066137897
292.3549580447556
292.3357706816381
292.3165341969705
292.2975588483274
292.2793727493915
292.26234339095777
292.24697873895934
292.23386055508075
292.223442043275
292.216084809796
292.2121313887287
292.21178544330434
292.2152049265176
292.2224695267987
292.2336375768748
292.24872608697297
292.2676163726369
292.29021054613224
292.316409880945
292.3460924860829
292.37902451480335
292.41503686241856
292.45388263707264
292.4953633555498
292.5392724022078
292.5853298396623
292.63326186748867
292.66675930193264
293.38650217895713
293.3957693975161
293.4053631250909
293.4152181556667
293.42537226512815
293.4357584432522
293.4463640125228
293.45704855295753
293.4677221839328
293.47842834927764
293.48902802709
293.49956129508047
293.5099082732573
293.5200229474051
293.5298932633851
293.5394735664586
293.54868955259747
293.55750679316895
293.5658796171438
293.5737722785306
293.5811397047786
293.58792838301815
293.5941101303484
293.59963357425266
293.60445771091923
293.6086210125376
293.61210895481753
293.61506717097575
293.6174711833996
293.619450782578
293.62091033831473
293.6219480454473
293.6226575766958
293.62312936774083
293.6234172191148
293.623593970255
293.6236034921818
293.6228213112014
293.62144417827807
293.61956528678417
293.6173851137336
293.61491940760527
293.61219280563313
293.6093327831785
293.6062519211154
293.60307827325465
293.59975892730716
293.59633894626245
293.5928530673363
293.5892764122008
293.58565654926986
293.5820280261732
293.57840971670674
293.5747754587034
293.57118402607097
293.56759728800273
293.5640452619215
293.56051598305993
293.5569821661685
293.5534776653138
293.54992058701373
293.54635041683866
293.54266236179615
293.53886552215704
293.53499265957123
293.53097557825686
293.5268212972848
293.5224807480995
293.51799067024785
293.5133466674489
293.5084696412884
293.5034113991537
293.49811505162046
293.4926129913958
293.48690418237726
293.48108702318945
293.4752069357392
293.4692057540392
293.46302679992505
293.45676495932355
293.4504481828748
293.44423480554735
293.43848791777685
293.43347613443586
293.4291431271394
293.4251145680272
293.42115142605115
293.41691540657376
293.4122945325294
293.4071823661393
293.401642348447
293.3956896945912
293.38947079381506
293.38297291797625
293.3764015045212
293.3698670851974
293.363653119453
293.35786267158613
293.3526269450506
293.3480614520566
293.3442170988255
293.34115229530767
293.33888316806366
293.33745179676305
293.3368672491599
293.3371170090378
293.33811952864716
293.3398861595946
293.34241441088307
293.3456815707778
293.3496836976646
293.3543699928198
293.35971682489657
293.3657271035988
293.37235062604395
293.37951557515015
293.3871377607422
293.3952784590101
293.40103458900336
299.79674223198066
299.8222966244365
299.8494544726569
299.8782085156189
299.9084904969871
299.9403383671698
299.9735657023758
300.00816191072244
300.04394486368966
300.0807801613874
300.118631325994
300.1573224288958
300.19661472500536
300.23631894903036
300.27634730717426
300.31653173978543
300.35667745860593
300.39657887927393
300.43609638128345
300.4750750086862
300.51339179317614
300.5508385200407
300.58715949694266
300.6222399065289
300.65583895538595
300.6878480433333
300.7181679049813
300.7467210089008
300.77339056419544
300.79803524369595
300.820683583093
300.84143177994974
300.86056247650106
300.8780628062608
300.8940617966092
300.90855718084356
300.92155252875324
300.93275779903166
300.9420878619145
300.94952489496285
300.95515020225787
300.95898806002185
300.961111966417
300.96151724223114
300.96036464189285
300.95765466927793
300.953461423362
300.94778347041273
300.94072112364876
300.9322290318264
300.92242469267455
300.9112865555176
300.8989458637681
300.88540193441605
300.87070240478187
300.8548946709468
300.8380383600146
300.82016468988144
300.80132425917844
300.78154561231065
300.7608403154766
300.7392709744058
300.7168842912421
300.6936998150431
300.66972975352616
300.6449835166305
300.6195283076739
300.5933705923955
300.5665708465181
300.5391033342878
300.511094608442
300.4825382880678
300.4534610739827
300.4238933216926
300.39379593361224
300.36323332150255
300.3322896313425
300.3010144225592
300.26948848348763
300.2376700407126
300.20562548027556
300.1733732960275
300.14108197094754
300.1088315281012
300.07677489732174
300.04506033509875
300.013623506913
299.9824626766221
299.9516183112084
299.92108797617516
299.89112492496315
299.86195062211584
299.8336789024879
299.80637480786146
299.78028867379453
299.75560720880634
299.7325671598407
299.7113257458819
299.69189367920757
299.6743909289521
299.6588817853319
299.6454210955479
299.63410137734445
299.62494586713103
299.6180528531228
299.6133721375848
299.61092146021946
299.6106794446986
299.6126951520171
299.6169711505808
299.6234944514166
299.6321909492487
299.6430758787098
299.6561861267927
299.6715006226617
299.68892043469407
299.70838244524305
299.7298572597738
299.7455589455836
295.2912854814772
295.31999018427854
295.35015927780904
295.38172399081145
295.41452645088
295.44849441432376
295.48348860459294
295.5194220909558
295.55608500310865
295.5933435661907
295.6310733955953
295.6690724205463
295.7070925515558
295.74503350595495
295.78264368418553
295.8199041937303
295.85653772649306
295.89243901960356
295.92740499107117
295.9613383388934
295.99411566252246
296.02556007792475
296.0554960041206
296.08384478635605
296.1104251777765
296.1351383143401
296.15793852724016
296.1787529071174
296.19752974667347
296.21424640672706
296.2288343898415
296.24151462183676
296.25254153251944
296.2620975495349
296.27035051488883
296.2774669397392
296.2834759469221
296.2880669457262
296.291271375879
296.29303486854985
296.2934029687521
296.29241779803726
296.29005545129667
296.2863743583764
296.2814400809209
296.2753185478276
296.2680645301985
296.2597166623268
296.2503053188515
296.23990080338655
296.2285278755534
296.21623040692657
296.2030675170961
296.1890549653459
296.17426348950005
296.15872791745346
296.1424718306466
296.1255223665957
296.10790106943057
296.0896438455631
296.07078739162205
296.05132648160514
296.0312845982989
296.010674312845
295.98948483648053
295.9677708698385
295.94547854379414
295.9226580604527
295.89935080962766
295.87551077227505
295.8511638953194
295.8264075348125
295.80115812569494
295.7754304432087
295.7492921969052
295.72269222324206
295.69572366603074
295.66841659684883
295.6407467060092
295.6127666662974
295.58458095630846
295.5562366729589
295.5279121150899
295.4998368474913
295.472099200008
295.44473860662936
295.41764855703605
295.3907844807425
295.36402039181064
295.3373645358272
295.3109690400964
295.28503404067965
295.25965453107466
295.23506357392887
295.21140576616176
295.18892600084985
295.16793179883547
295.1485294607721
295.1309309831612
295.11525080031294
295.1016545575689
295.09021194781786
295.0809890507843
295.07409721764463
295.06955741867085
295.0674620233638
295.0678054965984
295.07054635728775
295.0757755453518
295.0834895493806
295.0936214289866
295.1061343685882
295.1209647057085
295.1381756275783
295.1576000528388
295.17916930501804
295.2027351532893
295.2281962786975
295.24659449668576
303.90413821248563
303.9257455117516
303.9497079509679
303.9759536607133
304.00431349189296
304.034667278722
304.066896233383
304.10088376637486
304.13646045240444
304.17355316578846
304.21195883326124
304.2515543682802
304.2922142921716
304.3338285347512
304.3761242445422
304.41900819143564
304.46237881705196
304.5060121225017
304.5497886693865
304.5934684667871
304.6369833922562
304.6801811250942
304.72282078425803
304.76477826036495
304.8059262174517
304.8460639153502
304.8850387890061
304.9227600259706
304.9590072712323
304.9937059554414
305.0267215436121
305.05794794101666
305.0874241860753
305.1150667482591
305.14099053541173
305.1652226872849
305.18784748832394
305.2088016269325
305.22805341010417
305.24548692626865
305.2609355862481
305.27441982748803
305.28578341101706
305.29508007063805
305.3022857285452
305.30742530753054
305.3105891046357
305.311828108084
305.31114467312574
305.30863003331274
305.30437889687425
305.2984431561389
305.29086004449243
305.28177487843914
305.2712061667317
305.2592286885722
305.2459299552623
305.2313707744396
305.2155832864298
305.1986572913502
305.18058861458996
305.16147198053807
305.1413408036566
305.1202118452473
305.0981453018318
305.07518278153185
305.051340865554
305.02664448535256
305.00115401600056
304.97483255809647
304.94778387300727
304.91998200255034
304.8914263687887
304.86220167543166
304.8322773165282
304.80171025023503
304.77048412123236
304.7386932676378
304.7063129195312
304.673370615308
304.63991865780577
304.6059671311943
304.5715669042867
304.53674211367553
304.50156711770916
304.46614493546923
304.43051678750396
304.3947935770742
304.35899196784754
304.3231735437527
304.2873684824156
304.2516794811215
304.2161677131086
304.18101501656867
304.1462850247986
304.11211753168146
304.07879491174435
304.046394563286
304.01521404330725
303.98538997906286
303.9572207786626
303.93090021408125
303.9066016750779
303.8844829850362
303.864746757838
303.84754393416335
303.83297247311395
303.8211286019641
303.81213124546673
303.80600417256346
303.80282440612416
303.8025873537576
303.805307495639
303.81088421265645
303.81939751403524
303.8306947293264
303.8447657940431
303.8615261618049
303.8743707065286
299.58277729254934
299.6091869064093
299.6379774374226
299.6690623639894
299.702305620685
299.73761246835784
299.7747977621704
299.8137943283856
299.85442239310015
299.8965655385662
299.94004412003017
299.98471651817977
300.03045952066583
300.0769828625417
300.12419161754536
300.17190671618704
300.2199471857139
300.2681036430284
300.31622160826004
300.3640900065535
300.4115099467398
300.4583432426442
300.50440950080525
300.54953268634694
300.5934929533958
300.63620872311935
300.6774997040767
300.7172171886704
300.7552203164288
300.791409888542
300.82564609982643
300.85789503603075
300.888115711922
300.9164150384332
300.94279395540616
300.96725646905816
300.9899061396526
301.0105323621971
301.02895982587785
301.04503593298966
301.0586730915945
301.06976195248393
301.07835718549734
301.0844390557127
301.0881199923313
301.0894710470823
301.088587375801
301.08550268748536
301.08038692335515
301.07326347266314
301.06427079921986
301.0534921669291
301.0409879757508
301.0268719487966
301.01124904238
300.99419748648455
300.9758025637423
300.95610887993286
300.9351612739716
300.91311564361325
300.8899211325712
300.8656844876397
300.8404823258554
300.8143331389131
300.7873059834132
300.75943494747236
300.7307973122019
300.7013543456931
300.67118530670194
300.64037014253574
300.6088917514103
300.5767954658741
300.54412386344313
300.5109139107245
300.4771898898305
300.44295067686227
300.40831693219707
300.3732156681185
300.33776431570834
300.30194908272097
300.2658195240466
300.22940526107146
300.1927345406099
300.1557997991632
300.1187373689563
300.0814741731624
300.0440715452764
300.00667329376836
299.9691776686993
299.93177625329616
299.8945207171051
299.8575270886331
299.82095598878396
299.7850227001554
299.7498823263687
299.7157088490581
299.68277355648996
299.6512721377185
299.6213864135058
299.59337197455045
299.5674176914913
299.5436710605793
299.52229081697175
299.5034088257106
299.4872030178066
299.4737052499743
299.4629998484853
299.4552111379517
299.4503925649224
299.4485919439467
299.44979036397683
299.45402286531424
299.461285225944
299.4714785518863
299.4846473189791
299.5006907466086
299.5195453451799
299.5411055415431
299.55728206431286
307.51077522325915
307.5279603877071
307.5473288125978
307.56877018058174
307.59217024759914
307.61744034095875
307.6445333189756
307.67333081089816
307.70374763895524
307.7356621407729
307.7690087838054
307.80364284157537
307.8394930254035
307.87643867937834
307.9143513919761
307.9531203132263
307.99260044365184
308.0326988434539
308.07325561627255
308.1141090411319
308.15516845637757
308.1962383768268
308.23725219025687
308.27798389482496
308.3183171576682
308.35806430206435
308.3971574691787
308.4353635206539
308.4726265184279
308.5087417002507
308.54361235799263
308.5771740411569
308.6093734465517
308.64015505951227
308.66962753744514
308.69779727049036
308.72476038802165
308.7503795402102
308.7744618277421
308.79684839908396
308.8173403330083
308.8357268831055
308.8519079479657
308.86585904396975
308.877540470888
308.8869378475337
308.8942123490357
308.8992995507865
308.9022778882034
308.9033046796015
308.9023770214527
308.899583805165
308.8950775628952
308.8888610390426
308.8810972505859
308.8717864423803
308.8610710493761
308.8489668285637
308.8355654625578
308.8209146247931
308.80508754636355
308.7881327395489
308.77007285631583
308.7509322240972
308.7308384742782
308.7097311637285
308.68771762736446
308.6647728863635
308.6409846718036
308.61631358880965
308.590841833891
308.56454419827077
308.5375200322727
308.5096752408981
308.4811486996563
308.45189171800735
308.42195756952873
308.3913887928571
308.3602158965037
308.32840425316505
308.29608353049366
308.2632124415705
308.2298736370977
308.19604331825985
308.1618363834759
308.12729550011755
308.0924393200094
308.0573449645843
308.0220357832214
307.98654870662693
307.95099098339546
307.91540585990015
307.87988791136877
307.844644631236
307.80975462240366
307.77538362652865
307.74181484354034
307.7091448960281
307.6776671274142
307.6475525747445
307.61899241808317
307.5922139608602
307.5673649603255
307.54456090880825
307.5240578782622
307.50589044867087
307.49018179935666
307.47701193862645
307.46648274978895
307.45859887672606
307.4533757094676
307.4508621325503
307.4510273114472
307.4538273651096
307.45923020682585
307.4671696369865
307.4775889664961
307.4904035764841
307.5004263151945
303.1444664935136
303.1608056909561
303.17946903293034
303.20035163973574
303.2234103915259
303.2485272694536
303.2755926622603
303.3044989160611
303.3352148195
303.3675348511795
303.40140787921536
303.43674953709007
303.47335971969954
303.5111356489669
303.54993815921927
303.58965030799646
303.6301131651656
303.6711510286155
303.7126772050104
303.75453961796984
303.7965220435336
303.8385413249561
303.880455665289
303.9221099847157
303.9633821846451
304.0041119658747
304.04417702876435
304.0834236341689
304.12178520953694
304.15909387584196
304.19522101739983
304.2300542652584
304.2635870705021
304.2957618618185
304.32655270671876
304.35593365383994
304.38398614722723
304.410564248519
304.435528978463
304.4586776572164
304.479914940884
304.49913105380057
304.5162228615166
304.5311503804909
304.5438519904488
304.55433797425144
304.56268045104156
304.568905044941
304.57298183203517
304.57501005945505
304.57503253731556
304.5730955211002
304.56933720977185
304.5637275118759
304.55641249044135
304.54745267475056
304.53692413918094
304.5248555455292
304.5113213815423
304.4964517054705
304.4802500593338
304.4627590243197
304.4440805222535
304.4242849256372
304.4033482455173
304.3813857465474
304.3583926262999
304.33446743532505
304.3096387314388
304.2839111025442
304.25738274391546
304.2299972571343
304.2018837080263
304.17303183832627
304.14350658660516
304.11328324829935
304.08245581665216
304.0510029728441
304.0190000476938
303.986477920389
303.9534487425233
303.919956898149
303.88606855598556
303.85175375461415
303.8170377173508
303.78205431920765
303.7467787804786
303.71126693331576
303.67557165158775
303.63973290048284
303.60383078956903
303.5679718767744
303.5322810941677
303.4968900591102
303.46191118583135
303.4275340584919
303.3939249087608
303.3612352117314
303.32969481422305
303.2994360187914
303.2706631377953
303.24354097939636
303.21826116788355
303.1949102525713
303.1736273310947
303.1545987753486
303.1378782328077
303.1235790440808
303.111776454811
303.1025500831693
303.09590265581676
303.0919526005791
303.0906094728809
303.09190911761885
303.0958745303675
303.102438830668
303.111627281013
303.12325475211486
303.13264774353775
298.51968936959383
298.5705485758866
298.6205247413344
298.6694500306116
298.71724740713285
298.76387630385875
298.8091251459055
298.85245722382354
298.89377278778056
298.93300235120057
298.9701330882405
299.00491528075753
299.0367565266196
299.0655641404857
299.09150496560505
299.1145410627435
299.13454223102093
299.15127838089865
299.1647147739515
299.1748688389749
299.1818143482972
299.18535065263507
299.18538480119315
299.1818784619954
299.17486686168905
299.1643978476962
299.1506413322368
299.13390555473376
299.11433017411474
299.09218539941975
299.0677613638171
299.04229285964544
299.0169274250009
298.99235835964845
298.96889595037493
298.9468464883876
298.9263071273227
298.906700494097
298.88733664463194
298.86764356941416
298.84755531919353
298.8271201958759
298.80630369843954
298.78508707244146
298.7634068939237
298.74133601429827
298.7189102240412
298.6961218942744
298.6729950607062
298.64965051083965
298.62610850523896
298.6024140515024
298.5786760890206
298.5548948673716
298.53116467938133
298.5075351702148
298.4840547198359
298.460706435131
298.4374915545861
298.41441760013066
298.3913853755281
298.3684444878851
298.34547794289875
298.322415113022
298.29922979045404
298.27585916027823
298.2522961672292
298.22846094084576
298.2042957073178
298.1797764146147
298.1549094761276
298.12962995140356
298.10394050601076
298.0777823564372
298.05122677071796
298.02421938773495
297.9968749576718
297.9693185016897
297.9416013190863
297.91378484108634
297.88595822748727
297.8582788342754
297.83096765213276
297.80603480961594
297.78660891637014
297.77254916369054
297.7616459038576
297.7522606467027
297.74356743382054
297.73515224924705
297.726935839657
297.71878180217504
297.7111439166447
297.7045151430401
297.6996081928309
297.69773226964423
297.69980171851853
297.7062518745579
297.7171074170794
297.73219398127526
297.7514332705777
297.7746554554512
297.8016292226907
297.8320974813005
297.8656610458709
297.901839830188
297.94031272973757
297.9808664967829
298.02344431227493
298.0677839123726
298.11346375702607
298.1601378346211
298.20771969905337
298.2561511975325
298.305177712681
298.35430519750037
298.4033989060849
298.45236808414325
298.4856253073031
