293.8915263698452
294.01702785486935
294.13848884827325
294.2560494282225
294.36974016821716
294.47872585423494
294.5772174121842
294.66830162728587
294.75227597295844
294.8291461789893
294.8976621893211
294.9533481666769
294.99946796483215
295.0361819224834
295.0635226510868
295.081557777405
295.0896378819215
295.0879051577488
295.07652115223357
295.05557662350765
295.02375078085936
294.98019693965176
294.9267572069681
294.86369531040367
294.7911947053581
294.7110436367508
294.6246196912295
294.53100927180924
294.43045476095864
294.323110073032
294.21612839089977
294.11223909675243
294.0075661616497
293.9021690705538
293.7961754630702
293.69233181513687
293.59047137261706
293.4898526279752
293.390133859128
293.29129925616934
293.19019273758244
293.0920834925306
292.9853266325195
292.8865727780377
292.78949146674205
292.69733654716805
292.6051978088389
292.5147259546114
292.42588353166747
292.3387526959133
292.253387280673
292.1697704810503
292.087831781323
292.0074861369322
291.92877148019477
291.8518859489629
291.77662768962784
291.7030312912497
291.6310592659253
291.56053679444943
291.4911979515973
291.4232382089292
291.3566319906769
291.291317175824
291.2273428002578
291.1649264623915
291.1037279442835
291.0437785672585
290.9850100300029
290.92728925221843
290.8702291402948
290.81417887760205
290.7590145537685
290.7027533483933
290.6441764612352
290.58952387086174
290.5353774865098
290.51827756076136
290.48567842006025
290.47129723190864
290.45300593061984
290.428930724541
290.4093140400048
290.52054427985604
290.5458254626102
290.56924541600915
290.5940116047118
290.61979088864985
290.64620864137294
290.6812362477245
290.7257070391765
290.7739855533257
290.82582351730724
290.8811421236539
290.94305140753704
291.01196602646326
291.0868926841328
291.167926982997
291.25513653074285
291.3494033158078
291.45041513220445
291.5581881507465
291.67274765553157
291.7940121079368
291.91918529588565
292.0493710517117
292.1843871230997
292.3240929626278
292.4682194138111
292.61378528758996
292.7616980913734
292.9118397749637
293.0641166568916
293.2174312247444
293.36255775075335
293.50465116892684
293.64403230372756
293.7807720734331
293.87223978904586
294.16936330860227
294.29264270378314
294.41111281002463
294.524455101715
294.6330119665436
294.7370934355542
294.83528029680065
294.92597255930383
295.0092482953207
295.0852536347742
295.15409592702656
295.21447125450067
295.26537586909967
295.3067234324693
295.33869394113185
295.3614567234432
295.37475000113665
295.37842402954163
295.37264624564585
295.35755590858497
295.3333380864948
295.2996309634695
295.25647068256865
295.2040595737334
295.1424706881935
295.07208301790786
294.9945275885288
294.91067671482847
294.8206118786235
294.72429851446043
294.62268055232965
294.5205118476691
294.4191870197588
294.31863624918014
294.21863329711664
294.1194912654627
294.0218751226517
293.92554743155324
293.830686384439
293.73679614481796
293.64363397572737
293.5504801207153
293.4556644249932
293.3583435585918
293.2627311173017
293.1699991731308
293.0812389540548
292.99450667355455
292.90976314789174
292.82696691980624
292.7460905535849
292.6669100850274
292.5893421189182
292.5133213367062
292.4388020890523
292.36597720070466
292.2949297636586
292.2256068709687
292.15784150541816
292.0916393341686
292.0267497225397
291.96309755535384
291.9007157140079
291.83956527939193
291.7796527861236
291.7208390167057
291.66319936682567
291.60664936969386
291.55121047575904
291.4967746379512
291.44323728746934
291.3903498494908
291.338138246159
291.2865709264445
291.2321418141096
291.1762238880068
291.1219772494875
291.0796810816123
291.05359454418715
291.0363742016023
291.01895106853004
291.00849674518093
291.0044295466006
291.0441948620287
291.1113959960344
291.16932089836433
291.2171968919119
291.2595004130096
291.29833580482136
291.3345956216909
291.36964719167185
291.40588220904095
291.44420603281014
291.4848344860949
291.52977646305874
291.58277058906435
291.6433475673683
291.71129719241276
291.7863442587026
291.86743405155204
291.9534827950215
292.0453917093842
292.1436552491328
292.24861568344437
292.35950253730243
292.4755067469317
292.5964273835469
292.7221121886858
292.8523547928194
292.98620970868905
293.1212758334354
293.25712420471245
293.39377277867703
293.53110752866263
293.6674193233582
293.8017158684607
293.9337444647308
294.06320130241465
294.1496539067878
299.11901493655034
299.17134187423903
299.22270452505165
299.2730390093365
299.32235984648094
299.37063969772095
299.41763303544855
299.46303785445514
299.5068143834213
299.54889215909463
299.5891950773821
299.62742117935414
299.66339252486006
299.69697246105983
299.72810138637095
299.75673174545443
299.7826958912379
299.80593500501425
299.8262849923726
299.84375957959645
299.8581827890552
299.8692875968341
299.87703879595983
299.88133781162196
299.88218992669607
299.87952142329635
299.873474881201
299.8641050377869
299.8514027800848
299.83542506938386
299.8164508802832
299.79601406620964
299.7742634582526
299.751411911492
299.72750580616537
299.70256553542646
299.6767328393342
299.64960408567805
299.62120198636705
299.5913397463408
299.56045843069904
299.5285092617826
299.4950715941158
299.4599811511492
299.42413001126357
299.3879566997298
299.3517999064528
299.3154119971894
299.27882795402604
299.2420267789208
299.205110005825
299.1681476234981
299.13120418160304
299.09426000682095
299.057370137749
299.0205154265037
298.9837724591432
298.9471090372386
298.9105392583476
298.87410545629353
298.83779937160136
298.80158787458157
298.76552498144736
298.7295526694778
298.6937361352241
298.65807420297983
298.62260770838765
298.58731857142413
298.55230338616417
298.5174768982702
298.48278653284495
298.44833649502937
298.41404222204517
298.3799267047482
298.34503363835114
298.31028528577787
298.2756713029605
298.24335049099545
298.2131400442311
298.18461583826956
298.15723109012714
298.1325854214213
298.10876776229514
298.09006921415727
298.0714804626598
298.0539845569677
298.0379840018773
298.02352253396026
298.01067447682436
297.99995166329205
297.9930543660558
297.99012754645946
297.9911870460047
297.99624747779643
298.0056231394136
298.0201028612358
298.0395688130631
298.0640743490062
298.09362595022174
298.127613089988
298.1653686669299
298.2067601759174
298.2517738521263
298.3004352748045
298.3516833936043
298.40429129636163
298.45815479641584
298.5132623948336
298.5695380960829
298.6264177011185
298.6834276886738
298.74050127315843
298.7975089510325
298.8544546558501
298.9110057990526
298.96685788521916
299.02185520835906
299.07603440707055
299.11234518330076
292.4386563966422
292.50473313654106
292.5670098830878
292.62562263588023
292.6808670261442
292.7331760935174
292.78215157213623
292.8267663429121
292.86709648516086
292.90334802266506
292.9356746440267
292.9634432742573
292.98576648761946
293.0027214636703
293.0145603983234
293.02153962977053
293.02336900401735
293.0195839193414
293.01035001955506
292.9957961267025
292.97602170789713
292.95064899398784
292.91927648497654
292.8820533448962
292.83926663969015
292.7911818883552
292.7383179187133
292.6814181013415
292.62113541065116
292.5579871278911
292.49264305983263
292.42817650727466
292.36765739613134
292.3123859009656
292.2628316804749
292.2191049980627
292.1813813738622
292.1465524882339
292.1137055998532
292.0830769725054
292.0550064182562
292.02924273672005
292.00429033558055
291.97718540210576
291.949848914432
291.92361728226024
291.90024945171535
291.87902367175604
291.8593425299224
291.84089152659266
291.82346492551443
291.80664237179536
291.79025145613565
291.77417387825574
291.75836939306544
291.7427484565647
291.7270705260337
291.7111127822475
291.69493571251326
291.67842201653815
291.66153131140624
291.6438365666486
291.625216514845
291.60565576070854
291.5852072422127
291.5638108714426
291.5411348232183
291.51712867354286
291.4918685115205
291.4654066501779
291.43766896017735
291.4084289422091
291.3777480803529
291.34562148163496
291.31121404529557
291.2738990688129
291.23426501968714
291.1938793515537
291.1559261215738
291.12039603284376
291.0860712907974
291.0531928182841
291.02277802969206
290.9968035386555
290.9777756394158
290.96445919026456
290.9547960049481
290.94524134709854
290.93294838008933
290.9167510981724
290.90095018764066
290.8897376028828
290.88526708143564
290.8883750534291
290.8991767222321
290.91775119965314
290.9441089775008
290.9780094624092
291.019168118373
291.0668966543609
291.1202820967404
291.1785353010019
291.2412065970906
291.30798357113497
291.3784042147632
291.45141771232505
291.5263514227708
291.6029187668885
291.6810906455871
291.7601826477274
291.8390138054643
291.91733370400533
291.99526866481136
292.07294941165554
292.14955997342975
292.2237419923505
292.2953863589836
292.36464377263957
292.4105633505742
293.1954307433693
293.25271768804396
293.3062259802342
293.3557343277804
293.40184915231805
293.4450736992145
293.4856093283947
293.52286556809935
293.5566633726059
293.58710055603854
293.614378603896
293.638446009253
293.65887929119447
293.6755341212553
293.68831817673953
293.69725125626655
293.7018991347341
293.70146162245305
293.6960504386208
293.6858832521304
293.67123898002336
293.6520064321281
293.62800517994526
293.5993760058542
293.5662165847831
293.52879402904045
293.487711553718
293.4436127367028
293.39705960715884
293.34859571092085
293.2988461208222
293.2512650092267
293.20898596767813
293.1736051962182
293.14598326537185
293.1262560335958
293.1101453766471
293.0795791406938
293.0422162758625
293.00274112651357
292.9627668716994
292.9232736744626
292.8848430784697
292.8477116084205
292.81190350807225
292.7773940749382
292.74422606480795
292.7123953723039
292.68199614378113
292.65295423774967
292.62531355066966
292.5989747953471
292.57388385579054
292.5499442150745
292.5271164615891
292.50531075848346
292.4844893470057
292.4644553355513
292.44514332817005
292.4264846238174
292.4084560885093
292.39103483389704
292.3741197300357
292.3575860636936
292.3412972325692
292.3251600110365
292.3091822253447
292.2931308074087
292.27698183169673
292.2606608305244
292.24400268146996
292.2268664490526
292.2090873093598
292.190631432699
292.1709917788844
292.1494910171624
292.12610853618804
292.1016022887677
292.0781886616244
292.05657990117754
292.03631886506696
292.01748569838963
292.00061567849826
291.98767669563534
291.9813692777686
291.9804410281313
291.9813114000745
291.98033973797726
291.97514640775177
291.9648278363297
291.9522923952418
291.9409236521035
291.9328395924485
291.92917119149797
291.93067643049704
291.9379524559797
291.9515387750806
291.97156639376897
291.9979597091106
292.030208607657
292.0676855236554
292.10971891441164
292.15585434811084
292.205736705042
292.2589568139787
292.3144335301376
292.3715884579621
292.4301312091755
292.49002960515054
292.55106121865134
292.6124433416792
292.6738528617728
292.73518524016043
292.7965806299879
292.8578748377664
292.9183142125052
292.9774053944251
293.0351387345906
293.0736229013707
292.3425823430188
292.3797996348564
292.4177387294304
292.4562437095463
292.49512855489843
292.5342064582537
292.5733268720493
292.61233999294035
292.65106033384797
292.6892942788021
292.72687773926646
292.76366196542403
292.79949549539907
292.83411945310064
292.8673612376294
292.8989812004464
292.92891143793423
292.95690622100494
292.98283739984004
293.00651571851
293.0278448282337
293.0466513395575
293.0628981750749
293.0764547232046
293.08727139445654
293.0952581274787
293.1003897207038
293.1026961617395
293.1022596768828
293.09925841535437
293.0938760138935
293.0862859888214
293.07685550881075
293.0658133406426
293.0535636965729
293.0403962195199
293.02660674386703
293.01239424580695
292.99781844656974
292.98285555014326
292.96759271140974
292.95207730103505
292.936447359722
292.9207574254465
292.90500938241007
292.8891163871329
292.87320683599546
292.85731613630463
292.84154882521324
292.8259982681705
292.810690142163
292.7955992914846
292.7807377712868
292.7660809614475
292.7516614245065
292.7374299124063
292.7233519055334
292.7094291070373
292.6956464977632
292.68199057739906
292.66839562058124
292.6548574817797
292.6413295339179
292.6277590430168
292.6140523748153
292.6002328827072
292.5862512367934
292.57206980740705
292.55763469488073
292.5428961554677
292.5278798351393
292.5125060915665
292.4967344215066
292.4804460397824
292.4636808410658
292.446266111804
292.4282083270699
292.4093956596268
292.38978943240977
292.36960885331524
292.3490439781244
292.3282181097648
292.3073197809879
292.28653800863543
292.26636007099944
292.24728669359064
292.2294902253507
292.212797387262
292.19697151082613
292.1815274529782
292.1661412110655
292.15059198272235
292.1349276129314
292.1194300919179
292.10419221643366
292.0896060557312
292.0759107502177
292.06345367151084
292.05259906348215
292.0437066904322
292.03702536451055
292.0327634260167
292.0311637961898
292.03227885214187
292.03624310754725
292.04307605775756
292.0527499292864
292.0652980677611
292.0805233979533
292.0984488808933
292.1188971241295
292.141832372501
292.1670995506963
292.19456755467246
292.2240516216752
292.2554607692349
292.28849690939586
292.3228828729696
292.34693942934075
292.7587612321739
292.76548355233456
292.77240710269183
292.77953769322767
292.78688557705414
292.794362921283
292.80202826617165
292.80971299499697
292.8174595106088
292.8251704250025
292.83280818315006
292.8404143274392
292.84786373292667
292.8551185694442
292.8622012341817
292.86908388366606
292.87568494391724
292.8819783253023
292.8879707529346
292.8935297673418
292.89873716293357
292.9035053821261
292.90781966606534
292.91162965532567
292.9150017459069
292.9178547143684
292.92027239111866
292.92242974726213
292.92434037942024
292.9260852188265
292.9276372131922
292.9290613406712
292.9304069322282
292.93175511274285
292.93308267583393
292.9344775373409
292.9357381254175
292.93587876214184
292.93539088288713
292.9344079347127
292.9331861424612
292.93167672919446
292.9300119655456
292.92818135524936
292.9261641023915
292.9240756613925
292.9219052517273
292.9196494904863
292.9174183300864
292.915175167075
292.91292592322435
292.9107124171764
292.90852660167434
292.90638621017035
292.9043284415645
292.9023332653951
292.90034546312
292.8983720479623
292.8964524110902
292.894527229201
292.89257797312354
292.8906405721419
292.8886325498991
292.886565685049
292.88444217282756
292.88224507782553
292.8799329410137
292.8774831370244
292.8749340272403
292.8722724448512
292.8694482658524
292.8664420746475
292.86325775272206
292.8599026274669
292.85634968388996
292.85246165730047
292.84831737297725
292.8439478398731
292.83941815694635
292.8349255666404
292.83041353113737
292.82590885238926
292.82146659434176
292.8170814387931
292.81272933410213
292.80838479699236
292.80400965123357
292.799563668801
292.79501965540305
292.7903318873992
292.7854975982717
292.7804805073432
292.77537135734343
292.7701820967573
292.76501381118925
292.7598847860287
292.75504310928795
292.7505054531418
292.7463674386141
292.74264713106925
292.7393884643472
292.73665989039085
292.7344892840946
292.7328926883096
292.7318903589499
292.7314841750331
292.7316842455178
292.732427450435
292.7337531168745
292.7356787127926
292.7381302809397
292.7411534661277
292.7446546015237
292.7486797833874
292.75317267650234
292.7580644973948
292.76335772623537
292.76897810335157
292.77299778842934
299.31435180461466
299.335470468777
299.35802313699656
299.38207488272786
299.4076459085429
299.43470001549457
299.4631179510133
299.4925655445435
299.522978650365
299.55420393031164
299.5862362056519
299.6189719460196
299.65214024651823
299.68569319255465
299.71948386029936
299.75337692190175
299.7871740145909
299.8207578228137
299.853985459252
299.88675633687575
299.91892263315594
299.9503256536904
299.98069044543075
300.00995417282314
300.0379447378566
300.0645579795591
300.0897402204636
300.11345332259486
300.13553961090275
300.15596327106005
300.17466530222913
300.1917965807515
300.2075637621043
300.22204762069873
300.23529153355906
300.2473310957515
300.25810096036764
300.2670188266476
300.2741530313976
300.27954586880463
300.2832491960923
300.28536528665643
300.28593365731285
300.2849335097355
300.28255399796325
300.27872601089507
300.2736245094393
300.26721406041435
300.2596406095549
300.25100216035867
300.2412965051368
300.2305434564599
300.2188639167483
300.20621992933457
300.1926849641055
300.1782381330615
300.1629405088782
300.1468312794126
300.1299251003406
300.11225375877785
300.0938118469392
300.0746912298772
300.05485502257557
300.0343968809016
300.0132424394269
299.99148072881275
299.9691272397488
299.9462215446877
299.9227231517289
299.8986722674664
299.87407500003286
299.84888992862784
299.8231787185191
299.79701613734875
299.7703315702433
299.7432176268236
299.7157038943874
299.68778549006987
299.65959562640484
299.63111996063833
299.6023796915243
299.57341324818606
299.5442571060017
299.51515325167964
299.48625214475203
299.45771551800595
299.42955831846234
299.40167106240364
299.3741525033713
299.34692682515555
299.32019777778015
299.29413103921587
299.2688187879424
299.2443350349396
299.22085001196587
299.198507836444
299.1774065440732
299.15769552184645
299.13945604662723
299.12263753354944
299.1073308979047
299.0936040778686
299.0814731363542
299.0709606470842
299.06219342607585
299.0550707308873
299.0497490711314
299.0462020034313
299.0444126540151
299.0444842839527
299.04635110302695
299.0500262257029
299.0556043880348
299.0630982089002
299.07242726851933
299.0835926284657
299.096438767982
299.1109317135034
299.1216920329534
294.67993252417205
294.7007850313907
294.7228350770039
294.7460368082924
294.7703857241075
294.7958372288563
294.82226760665236
294.8494423592132
294.87734024260106
294.90585448707304
294.93486204381543
294.9642370578291
294.9937489425182
295.0232593748844
295.05259997882683
295.0817791391861
295.11052691418706
295.1388208243527
295.1664363851453
295.1933254794835
295.2194233872253
295.2444765963153
295.26851606300073
295.29134912332876
295.312902405163
295.33309918779037
295.3518744623928
295.3692300910782
295.3851437340663
295.39951686362264
295.4124192299415
295.4239671331654
295.43436965399553
295.44383283599666
295.452419490297
295.4603657902487
295.46724829495565
295.4721621424839
295.4755018693916
295.4774480527494
295.47807197801677
295.47743661237024
295.4756199417021
295.47266495714234
295.46859299304845
295.46352518812296
295.4574282812572
295.45042062298825
295.44257678505744
295.4339217735487
295.42450088134257
295.41432813140955
295.40348970230144
295.3919569162478
295.3798092302723
295.3670206231975
295.3536613925227
295.33975927333023
295.32531395882285
295.31033948009116
295.2948741145857
295.2789233893837
295.2625206496462
295.2456479696058
295.22833557933967
295.2105821980169
295.1924210093926
295.1738413620533
295.15487023560377
295.13545367039393
295.1156409739056
295.0954325631661
295.07484091735915
295.053839341792
295.03243582557207
295.010685295072
294.98852438828027
294.9660211578834
294.94315742131926
294.9199934647208
294.8965323826019
294.8728332102244
294.8488804583437
294.82493278233983
294.8011509803647
294.77766496920344
294.7543707599068
294.7312484385702
294.70821752534715
294.6852550112183
294.6625174917175
294.6401205280468
294.61813333890524
294.5967126368936
294.5759933618807
294.55610668727104
294.53722552352605
294.5194333723344
294.5028958122567
294.4876799783734
294.47389007358197
294.4615912383392
294.4508702704931
294.44181102928854
294.43447282355714
294.428865464869
294.4250041302608
294.4229952251146
294.42287366629114
294.4245915017925
294.4281112957093
294.4335019070459
294.44064474277184
294.4496086025296
294.460329768173
294.4727049879754
294.4866768718248
294.50213246184387
294.5134991237017
301.43697294374334
301.4575154921032
301.47987612179094
301.5040916616962
301.5299663179064
301.5575551532003
301.58663931301885
301.61725707525926
301.649208900749
301.6824598852897
301.7168814827914
301.7523211712317
301.7886976157937
301.8259306593713
301.8637694076248
301.90214256083897
301.94092195091827
301.97992802609105
302.01907167919126
302.05813544765607
302.09706656144806
302.1357089320691
302.1738553870267
302.2114733839871
302.2482856365604
302.2842234661687
302.3191528684939
302.3528894549346
302.38531855746805
302.4164024843306
302.445941666918
302.47389336852933
302.500306379486
302.5251055447081
302.54838564362024
302.5702590805873
302.590757209279
302.60950314868313
302.62607611764673
302.6402785352956
302.65196832629425
302.66119959968
302.66797170000467
302.6723882133328
302.6745523805221
302.6746463905702
302.67273881235565
302.66899508715227
302.66354860851726
302.6565644281174
302.6481233018608
302.6383580315741
302.6273500945323
302.6152113482567
302.6020088690749
302.58781072036294
302.57268479889547
302.55670612179676
302.539923145997
302.5223457717069
302.5040259806756
302.48503117057993
302.46536526256006
302.4450425212643
302.42409884186384
302.4025636891347
302.3804384537815
302.3577600849457
302.3345023828075
302.31075142802683
302.2864713641507
302.2616996102915
302.2364002219382
302.21067685545705
302.1844369995354
302.1577559079239
302.13061128442314
302.10302598649247
302.07501108312
302.0465407521878
302.017698319692
301.9884462999546
301.9588291283722
301.9288506579755
301.8985819543716
301.868120624962
301.837462617844
301.80681112703803
301.7761219454371
301.74551045442814
301.71492581579326
301.68454981827426
301.6544230274286
301.6246888022204
301.59539570683063
301.5667414220037
301.5388861228296
301.51194279566994
301.486145596108
301.4616475972078
301.43867972841264
301.4173806200943
301.39791450473024
301.3804097145342
301.36499852001464
301.35181307234024
301.34090921748
301.3324190217827
301.3263128511693
301.3227161963564
301.3216020167507
301.3230044314819
301.32686900622247
301.3331325511192
301.341816629249
301.35282183946845
301.3660771341076
301.3815247433665
301.3931836021722
298.8666741443074
298.896796971643
298.92913609439216
298.9636356996959
299.0001576259976
299.0386382935359
299.0789235587795
299.120925370051
299.1645171036721
299.2095817733763
299.25594779536596
299.3034851614788
299.35200019730263
299.40122042205377
299.4510733082528
299.5012484605624
299.5516170594571
299.6019395377928
299.6519903231701
299.70165598981805
299.7506166787485
299.79878906250855
299.84595412543626
299.89187508331395
299.93648484862643
299.979506146468
300.0209159967875
300.0604723026221
300.0980323537073
300.13349150598276
300.1667572314152
300.1977629454228
300.22642361419173
300.2528652144176
300.27715255346436
300.2993102416891
300.31940743177427
300.3368565428126
300.35116302209894
300.3621189783152
300.3698131201661
300.37429966636984
300.3756932739399
300.3742233614127
300.3700114595635
300.3632537567677
300.35420813453266
300.3429669183617
300.329747294411
300.31472353483366
300.29798439354033
300.279679233783
300.2599945301374
300.23900699116774
300.2167998278186
300.1935713278811
300.16929550638463
300.14412005480244
300.1180370882746
300.091173511963
300.06357729238084
300.03521789738295
300.0062844661406
299.9767159750355
299.9466314540166
299.9160225581729
299.88492811484923
299.85333048534926
299.82134958487336
299.78900328087957
299.7562712857381
299.72322958734355
299.68989406778275
299.6563224954587
299.62248158886985
299.588435433228
299.55416284917476
299.5197293308435
299.4850904520904
299.4503414754747
299.4154830944241
299.38055636760606
299.3455249576446
299.31041991108117
299.2753273299628
299.2401888974285
299.2050417225648
299.1700076375298
299.13504995777
299.10031869525676
299.06587114872207
299.03184788278236
298.99844133199804
298.96581213870337
298.93412347740184
298.90350987303736
298.8742171222527
298.8464718160441
298.82038175415903
298.7961858162219
298.7740742562795
298.7541162082576
298.73651977191656
298.72134275524417
298.70877454672546
298.6988899731448
298.69175022089104
298.6874610799496
298.6860737134079
298.68767793771843
298.69230203141876
298.699946619832
298.71061927662623
298.7242363032437
298.740760504138
298.76011753171156
298.782169859724
298.80683835902437
298.8250327426886
304.50207111837574
304.5197561659828
304.5392771409082
304.5605550762491
304.5835163591269
304.6080958793061
304.6342354222897
304.6619442926512
304.69106124858246
304.721543524173
304.75333469400033
304.78631775202314
304.82038740329943
304.85548749677514
304.8914725126276
304.92825460793125
304.96571303561234
305.0037333499222
305.04220080442127
305.0810121198324
305.12003252402326
305.15909935363146
305.1981527330175
305.23695667067665
305.27542736563964
305.31333271384926
305.35060979228547
305.38705610406254
305.422547768385
305.4569208564496
305.49008268775634
305.5218954795502
305.55236416530715
305.58146408875194
305.60922812901
305.63572783335115
305.6609911051574
305.68450508994636
305.70581662072806
305.7246897657648
305.74098503037783
305.7546198285663
305.7656566993199
305.77412882281067
305.7801727844395
305.78384064607326
305.785266411036
305.7846111375008
305.7820577077726
305.7776749106682
305.7716564313478
305.7641005342248
305.75515363935926
305.7448475162238
305.7333334752446
305.7206735687182
305.70696731432423
305.6922573444192
305.67658503533573
305.6600397785885
305.64264074501233
305.6244546938707
305.6054869303257
305.5857548149362
305.5653800456626
305.54428339056176
305.5225341673239
305.50011041365406
305.4771530913291
305.45351779964074
305.4293027064207
305.40452216742375
305.37921815391707
305.353343616734
305.3269709398283
305.30005142241015
305.27264220894193
305.2447314264834
305.216348447614
305.1874814748524
305.15820835582053
305.1284838666124
305.09836717442624
305.0678565252065
305.03700312428646
305.00588395085487
304.9745060374391
304.94297398960185
304.9113263433799
304.8795739644622
304.8478209510133
304.8161640464559
304.7846876876154
304.7535541287307
304.72292148075866
304.6928997430344
304.6636784150759
304.6354681938594
304.60842821438825
304.58278709611807
304.5586569259648
304.53626413567014
304.51571885731005
304.49712275927624
304.4806532636864
304.4663849051037
304.4543719951904
304.4447346715063
304.4374463207251
304.43257352542065
304.4301608870927
304.43013437987184
304.43247399799475
304.4371583886483
304.4441461447861
304.4533556630922
304.4646842619523
304.47812448825516
304.48833408029395
301.793384901436
301.81246656833645
301.8336929563194
301.85698848064743
301.88230280298075
301.9095760467685
301.9387345017855
301.96965760629354
302.0023083013618
302.03657876952144
302.0723922112149
302.1095969894927
302.14810778444166
302.18775683898826
302.2284308908698
302.2699718378589
302.3122313318214
302.3550148570966
302.39826718094145
302.44173331428226
302.48525873980435
302.5287441489481
302.5720099313517
302.6149332590654
302.6573423555618
302.69913052694517
302.7400942677472
302.78015816997856
302.8191681247713
302.85701508860484
302.8935133612146
302.92861229004023
302.9622394124678
302.9943638926286
303.02495071321005
303.0539754948971
303.0814992397117
303.1071893902091
303.1306288503088
303.1516145863969
303.17002294763006
303.18576050430096
303.1989010919838
303.2094296967822
303.21739868614014
303.2228634105785
303.2259782081295
303.2267933391229
303.22543320539137
303.2220100610034
303.2165857452415
303.2093206396385
303.2003166559918
303.1896174249564
303.1773522368723
303.1635946677609
303.14847194895174
303.1319659679095
303.114245068627
303.09534158707635
303.07530060916713
303.0542130263619
303.03211154673335
303.0090708219266
302.98515092936833
302.96038323939587
302.934815498705
302.90849729685607
302.8815130328592
302.85382574550556
302.825530923087
302.7966203678749
302.76715703657925
302.7371761520414
302.7067304070947
302.6757660770576
302.6444263589275
302.61263280909156
302.58047166537744
302.5479935659632
302.5151263426979
302.4819943356886
302.4485768529555
302.414943682406
302.3810509640851
302.3469795500702
302.3127703243353
302.27845945841165
302.24408830127425
302.209734560249
302.1754990533324
302.14145361097485
302.10772791860694
302.07445196285056
302.0417587988507
302.00976526896847
301.9786456707112
301.9485882080929
301.9197577301395
301.892289831049
301.86633837922517
301.84208807078187
301.8196936495298
301.799275085457
301.7809668647751
301.7648976969397
301.75114718548366
301.7397927521799
301.7309357459425
301.7246530385447
301.7209922120714
301.7199536919348
301.7215329073937
301.72573303457335
301.7324630320417
301.74177355431453
301.7535641781389
301.76771181916354
301.7786768734011
296.99120645513807
297.0299076722587
297.0683099275977
297.10651618428307
297.1444937780048
297.1820061787925
297.2187558019202
297.25379288204067
297.2867852951169
297.31761951127413
297.3463403575487
297.37258052061406
297.395880232733
297.41639425428053
297.4344029351534
297.45001367357145
297.46321048520093
297.473968255049
297.4822032222459
297.48800232464333
297.49136864334935
297.4922934968276
297.490732375464
297.48669230238687
297.4801063461749
297.47109717001615
297.459635593894
297.4458267396523
297.429859198277
297.41211816570075
297.39287905994183
297.3734593392605
297.3550390039916
297.3381686394303
297.32288810863827
297.30919649589435
297.29714267831093
297.28427422916667
297.26956209102264
297.2536297222134
297.2369055401959
297.21968249264023
297.20214610105575
297.18432989891795
297.1661559734245
297.1477130992
297.1290037354196
297.11007529051955
297.0910767350847
297.0720923363101
297.05310552150183
297.0342074785421
297.015465498823
296.99682871116437
296.97846050609826
296.9603507756686
296.9424888217625
296.9249055689987
296.90755514505565
296.8904205245145
296.87342889480095
296.8565582593374
296.8397387366099
296.82285694227573
296.8058489488036
296.78866590351225
296.77124798303345
296.7535663916537
296.7355676101712
296.71723425065085
296.6985714448584
296.67956933891355
296.66018127310485
296.6403328168123
296.62009890838465
296.5992757461421
296.57786096204813
296.55579934585893
296.53318331429915
296.51015815912046
296.48700601009057
296.463896466234
296.44094206508686
296.42039484629146
296.40678779103956
296.3986878012855
296.39225040108846
296.38570962442714
296.3788237200956
296.37180936205044
296.36498957769294
296.35857727824316
296.3529954989959
296.3486295656806
296.34594449876147
296.34582770284663
296.3489521848056
296.3553340141295
296.3646715802165
296.376576696488
296.3911648702383
296.40830241738473
296.42786074685057
296.4498515862737
296.4739812732471
296.49996207276143
296.5276348182757
296.556883104749
296.58775473229963
296.6200644469438
296.6534960666686
296.68784650362403
296.72293917510257
296.75873037881735
296.794855418222
296.83094345784053
296.86679602399045
296.90244885165214
296.926604674446
