292.9629207605896
293.21771796418636
293.46031100707927
293.6921189392628
293.91318912425834
294.12263916519044
294.31347076652156
294.48917195015986
294.6504277469226
294.79742397632907
294.9285419055758
295.03807906625957
295.1301100466471
295.2048547677507
295.26253396852246
295.3025488950016
295.32247753331376
295.32375275478995
295.306580452776
295.27128584111813
295.2158790441138
295.1387832458553
295.0431518167173
294.9295609809414
294.7983787843397
294.65223227847207
294.4937988701709
294.32190278672164
294.137041695845
293.9395371107095
293.7433281098867
293.55449409546486
293.36552197021376
293.1764873030156
292.987667332762
292.8025490305319
292.6207697599998
292.44089704613856
292.26283236200123
292.0862987031988
291.90093543674004
291.72139131583737
291.53276041539004
291.35420192751974
291.1777449160602
291.0041959573612
290.83154393845973
290.660487286027
290.4910238855024
290.32321400435325
290.1566924615103
289.99173703037565
289.82833357719625
289.6664369254248
289.50609605504246
289.34746074768304
289.1904154686649
289.0349544606956
288.8810794785688
288.72863542028045
288.57723975415223
288.42723974448467
288.27861265174704
288.13131808728525
287.9853806632649
287.84086922041496
287.6976910624718
287.55590129763567
287.41544992939635
287.2762598055384
287.13831107152316
287.00166905820953
286.8662523636672
286.7312453020371
286.596124978004
286.4634522249121
286.3320065772101
286.2468979764593
286.1543523831744
286.1134155599278
286.03139934791733
285.9740397381413
285.99354354739097
286.1262623742804
286.1619277003548
286.1956544307536
286.2334825987523
286.2745292432246
286.3179043405783
286.3821608067794
286.46843516379755
286.5637347944714
286.66709283238004
286.77810089625285
286.9038945346682
287.04450754358766
287.19842919104656
287.3659510210787
287.54744238670725
287.7388687806754
287.94284018463304
288.16083145305305
288.3930765927353
288.63961176065783
288.8950714427123
289.1616148136639
289.43892166533567
289.72680240610003
290.02475079690913
290.3249774412311
290.6289591453939
290.936470555313
291.2472525962414
291.55975990807264
291.8601040721173
292.1541204107968
292.4421430031185
292.72411340096943
292.91230108692724
292.9450100024107
293.1938284962136
293.4287728756195
293.65034791381703
293.85951599396503
294.05692700353376
294.24171975388566
294.41257784036304
294.56945094433405
294.7124402187468
294.8416762260831
294.95503200499854
295.05100627105173
295.1297114855385
295.1916149351495
295.23695064589043
295.2644323614241
295.27350315000115
295.2645954339827
295.2381170748876
295.1944515473974
295.1330226864875
295.0540594297913
294.9579465336446
294.84499526574393
294.71586220591513
294.5735909703639
294.4197343805598
294.25432461251313
294.07726009783096
293.89074379843447
293.704836887145
293.52203519368686
293.34195931767266
293.16423648722224
292.98906232696316
292.8170545584481
292.64597970314554
292.47568329316454
292.30599677895736
292.1360519649725
291.96202947886735
291.7851157926122
291.60487687891435
291.42667253684743
291.2513557608708
291.07920073828035
290.9093003977466
290.7415905785085
290.57593423961566
290.412238426256
290.2501399893766
290.0896988984504
289.9308452368774
289.77356587866734
289.61798936863613
289.4641298749693
289.31196914453704
289.16140372670804
289.0124036133897
288.86495994580014
288.71890264643343
288.57426741004605
288.4309925402653
288.2891065173395
288.14851564229264
288.00921430617746
287.87127067530537
287.7346626006971
287.59931332206673
287.46520005038366
287.33224528809745
287.20048146008105
287.06987031166176
286.93899944359316
286.80862621396426
286.680012451719
286.5664572631683
286.4737862250999
286.40817215459384
286.34682408655493
286.3001995252263
286.2820349935648
286.3880018986103
286.53707671845433
286.65698425041734
286.75390275959717
286.83780605760194
286.91330418876936
286.98248128027956
287.04669803102115
287.11041810608634
287.1765080662316
287.2463394799823
287.3235602667335
287.41721139763564
287.5292700551553
287.65910437465413
287.805725709002
287.96818808861235
288.1462780619557
288.3401880139125
288.54975159161063
288.77462481799546
289.01426873483314
289.2677563669909
289.53370869240973
289.811020382292
290.0988780053013
290.39427558888633
290.6921277817167
290.99153000352663
291.29220816849113
291.5938643762141
291.88970451154785
292.1752389830834
292.4515129788707
292.71910884722433
292.8963730698027
293.9238054280371
294.02338965250783
294.1207845402701
294.2159120536301
294.30870467491906
294.3991176855123
294.48698449886126
294.5720810678162
294.65430142602474
294.7335741639781
294.8097552507733
294.8826671748252
294.95205629855235
295.01783765950546
295.0797999381787
295.1378109847024
295.19139123772237
295.2402717557999
295.2842242458096
295.3231974775439
295.35695562440986
295.38506033086577
295.4073835386139
295.42381414621354
295.4343094850585
295.4387890111789
295.4371846973029
295.429538123476
295.41588267975925
295.3962817026107
295.37136203725714
295.3439973799379
295.3147000145954
295.28372738222987
295.251281332609
295.21743194904485
295.18216822152726
295.14277254359104
295.0996008146263
295.0530718619897
295.00414709009635
294.9522892273529
294.89760707765583
294.8399972082438
294.7807354675164
294.7201914811601
294.65863297965024
294.5960820857301
294.5326150625032
294.468331188521
294.4032898784151
294.3376117326837
294.2713534650321
294.2045116140811
294.1371835583105
294.06939819519846
294.0012077308389
293.9326474031315
293.8637057822911
293.7944835107781
293.7249578856394
293.65516492657537
293.5851616223406
293.5149242792926
293.44447999592995
293.3738599515103
293.3030974931865
293.23217127947584
293.1611615372412
293.090022037026
293.01875469020086
292.94747261057046
292.8761166647671
292.8047105804021
292.73284900478706
292.6609831764871
292.589073211213
292.51977884715626
292.4529338903223
292.3898645639098
292.3281679785012
292.2715885846832
292.217183395692
292.1708689591111
292.12383862584187
292.0790101898964
292.0371452544466
291.99836816864195
291.96275810620057
291.9311722490659
291.90645250525364
291.8890358546648
291.879069961382
291.87660178407475
291.8826107309028
291.89915271425303
291.92619605165044
291.9636844581013
292.0115781067501
292.06888684930124
292.1341047365601
292.2070117828145
292.28747214746915
292.3753973437923
292.4689765771526
292.56590701356936
292.66598928762363
292.7690973597797
292.87512000277985
292.98284730796354
293.0909649539206
293.1992830699139
293.3075843521606
293.4158279873517
293.52328715806533
293.6293548032652
293.73385447952376
293.83669458965085
293.9056313147287
295.5609284206609
295.690332073904
295.81265907735985
295.9280250886967
296.03705243877425
296.1404571228486
296.23735928164774
296.3259474826766
296.4063923718154
296.47917418597666
296.54470961017233
296.60179468161806
296.64889292468536
296.6863109119553
296.7146188157851
296.734313706431
296.74469615179373
296.7449510480987
296.735228604424
296.71569742903523
296.68654862616245
296.64702755612274
296.59638017500424
296.5346564560417
296.46208713085167
296.3790629351368
296.2862805493803
296.1848389074614
296.0757457567206
295.9595452539908
295.8369574125632
295.71293926527045
295.5925021373747
295.47797802942046
295.37036015443533
295.2701951006461
295.1778577697504
295.08904520731636
295.001191981435
294.91419757454037
294.82848615028075
294.7433028876389
294.6570564897066
294.5667605437995
294.4752062092497
294.38406980295565
294.294636912212
294.2068560284415
294.1206300411985
294.03583246655563
293.9524428735713
293.87038015751875
293.78957998209887
293.7099603884381
293.6314022659895
293.55383115591843
293.4771294411826
293.40120661977323
293.32608178388944
293.2516296838757
293.17791711331205
293.1048790837858
293.0325163061864
292.96078855032073
292.88961107365725
292.81902139166556
292.7489823372351
292.6793784073118
292.61025991932206
292.5415396775451
292.47321372767027
292.40523549582537
292.33759384919193
292.2703020786723
292.20291686174994
292.1352166256217
292.0674961759253
292.0012319639662
291.93989159404305
291.88442364692867
291.8337699249589
291.78854181404614
291.7520934563801
291.7398841962196
291.75362344230683
291.78388880289066
291.8215115735516
291.85768153270647
291.8865022238518
291.9059799642683
291.92520229478924
291.95269236568765
291.99243237404363
292.04609649592203
292.1137318279668
292.19505678957694
292.28958535982247
292.3966230966092
292.51520570070625
292.6440147098304
292.78107421248353
292.9249555729004
293.0747865630756
293.2300485122323
293.3897143648178
293.55163009026876
293.71486609706875
293.87915264550105
294.04449210511444
294.20991295546503
294.37314165431326
294.53385305392277
294.6923322355342
294.84894411261786
295.0024750990792
295.1506009489287
295.2933430968671
295.43129503080934
295.52268809479534
297.10487130435024
297.2108887801494
297.3112228388785
297.40571031320286
297.4949399798486
297.5795599836877
297.65929270706124
297.7326716757396
297.7994549338413
297.8600047970956
297.91476871487276
297.96322564614314
298.00422464907325
298.0376342011238
298.06370044089454
298.0827577272642
298.09437005020726
298.0975452457785
298.09227986068663
298.0787696004605
298.05730429527847
298.02765085307055
297.98935158070077
297.9423867270111
297.88688645663876
297.82321307604354
297.7521602231182
297.6747479217603
297.59204294585925
297.5048532519865
297.41429817684514
297.32644267217916
297.24769071107164
297.18173127927963
297.13062765801874
297.09496098291277
297.0696255838861
297.0244241061745
296.962152330498
296.89022089281315
296.8129967454858
296.7334252932989
296.6533153136726
296.5735957874795
296.4948512509961
296.41731831382793
296.34114847960785
296.2664013418422
296.19316043836307
296.121350210477
296.05100630128754
295.981983462553
295.9142789548384
295.84770659694055
295.78223991669273
295.71775167190293
295.6541796374315
295.59147116064435
295.52950925751225
295.46822800450275
295.40762980634685
295.3476775177083
295.2883568891279
295.2296523935584
295.1715135960368
295.11390712311845
295.0567812798251
295.0001042329877
294.9438151292271
294.88789757170787
294.8322937086793
294.7770267239483
294.72207638104237
294.66744449142516
294.61286494993897
294.5582078751758
294.50355311471185
294.4497584336228
294.39915500511347
294.3530048866056
294.3111487121671
294.2742557851724
294.2444212187783
294.231746741049
294.24110901846575
294.2665219115896
294.2973805304247
294.3241295626437
294.34107229477786
294.34653628958813
294.3471203900588
294.35015800398435
294.3600797332672
294.37942320692025
294.40953382284334
294.45148324024416
294.5061507333876
294.57363855200674
294.6535499161953
294.74474884292675
294.8452296255926
294.95316268405423
295.0673096185455
295.186809550236
295.310824736623
295.4373769884106
295.5654548719572
295.69455003562086
295.8246772457249
295.9554265249444
296.0852771152779
296.21370242885916
296.34063857839715
296.46636795010494
296.59038787764825
296.71086619049066
296.827298628704
296.9398984833034
297.0145300747379
294.81444030837383
294.89899310082546
294.98480998341995
295.0715044783566
295.15875363721466
295.24614885343425
295.33344029043974
295.4203060485035
295.5064159807324
295.5913523058837
295.67486711041255
295.75660628883554
295.83633871775294
295.91366041480916
295.9882032519282
296.0596396367846
296.12776965171014
296.1922084121482
296.2526854516289
296.30890610442276
296.3606125519031
296.40759344977135
296.44965590900176
296.486562317915
296.5181601395638
296.5442692293067
296.5647589973703
296.57961041238394
296.58880369884315
296.5925241111664
296.59093203833055
296.5842446839252
296.5729112429317
296.55747256137425
296.5386095885669
296.5169083186234
296.4929547285403
296.46713541583824
296.43965581694135
296.4103708851295
296.37926197744264
296.3463574997302
296.3118399203975
296.27571914664514
296.2380392622182
296.198815475032
296.15815576634463
296.11617095440937
296.07305247929224
296.02891953797825
295.9838974051982
295.93801223268554
295.8913722429618
295.8440520646312
295.79607054603696
295.7475113397057
295.6983763988109
295.6487571054475
295.5986583593437
295.5481413314007
295.49723245895126
295.4459602620036
295.39435985458346
295.3424599708186
295.29027567565674
295.2378275001184
295.18517778111493
295.13230816670705
295.0792351521125
295.0259803020857
294.9725625151919
294.9189970241287
294.86531630901857
294.8114480255258
294.75745900929485
294.70328705151934
294.64899622468613
294.5945230001127
294.5399069244362
294.48536837205626
294.43126387589155
294.37784030996414
294.32543078656846
294.27460726464346
294.2267027019729
294.18299575967046
294.14398637863263
294.1094179015237
294.0786485307597
294.0506742984288
294.0246761872017
294.0001480249413
293.9770373916679
293.9556873286708
293.93639241100317
293.91974782879157
293.9061974526213
293.89627875864585
293.89055030499117
293.889519464865
293.8935443867394
293.9028965930087
293.917783666901
293.9382483306817
293.96437465045227
293.99614914939445
294.03338501594595
294.07595856835104
294.12356124119896
294.17606069438887
294.2331427247418
294.2946059664608
294.3601195564972
294.42939078108594
294.5021474083638
294.5780714210405
294.65673737332395
294.73769475973603
294.79386393155556
295.9123382351035
295.9287116749341
295.94550225221343
295.96268230588913
295.980164999328
295.99794469203
296.0159741552069
296.03407858238324
296.0522480742397
296.0704092020261
296.08850663414023
296.106479915668
296.12420428884514
296.1416195366565
296.1587086667673
296.1753768143334
296.1915950136204
296.2072544030287
296.2223246255162
296.23669172814175
296.25035309911436
296.2631993853215
296.27520061270724
296.2862386988305
296.2962966715138
296.30533437296464
296.3135000428916
296.3210419385139
296.3280374729194
296.3345973377507
296.34072494202167
296.34647738633515
296.35196254188327
296.3573054592445
296.36255659596054
296.36783358653514
296.3729191203196
296.3758079545909
296.37692959847294
296.37682191032496
296.375767782818
296.3738329380976
296.3711894393079
296.36784484090623
296.3638143650812
296.3592072200404
296.35405476152397
296.3483093891804
296.3420855319479
296.33540629848846
296.3282606678961
296.3206417848398
296.31261830789055
296.30414780394347
296.2953074890018
296.2860858424949
296.2764645639347
296.2664573693649
296.25613365311807
296.245445791514
296.23438480959635
296.2230295070186
296.2113683773175
296.1994240395532
296.1871418194029
296.1746177198711
296.1617761608358
296.1486660888591
296.13527693870066
296.12165064561816
296.10774187469656
296.09355978458416
296.079139798395
296.0644673550336
296.0495524984595
296.0343113475164
296.01884089245243
296.00313224629406
295.98735237529576
295.971697375554
295.95618125167096
295.9408926025917
295.9260576927236
295.91208876419756
295.8992831646013
295.8874639111811
295.876260738047
295.8654447270567
295.8547245694005
295.8439600031624
295.8332905129059
295.8228270653728
295.8127205442234
295.8030878728575
295.7940697897941
295.785791142338
295.7785294983472
295.7724114897583
295.76751746812016
295.76389693138395
295.76158276188943
295.76060706364234
295.76093018192637
295.7625909406831
295.76552393879325
295.76966615526277
295.77495004429284
295.781352403981
295.78885462450006
295.7974259150418
295.80697617418986
295.8174870670797
295.82889311759004
295.84116402199203
295.8542999782652
295.8681381684081
295.88263445260804
295.8977414633818
295.908357764463
304.5758420459386
304.607666356623
304.64223008750406
304.6795072660253
304.71944776705396
304.7620404130486
304.80711842254095
304.8543392014798
304.90356989118675
304.95462581821715
305.0074247793351
305.06180356023384
305.11741243453224
305.17404726185015
305.23152511101574
305.2895948384238
305.34792864075666
305.4062198291961
305.4642518688142
305.5218288899613
305.57871656622734
305.63459892475623
305.68907341580166
305.74192182282735
305.79290355838384
305.8418045855639
305.8884473679084
305.93264108816487
305.9741452734449
306.0128311901555
306.04855692571573
306.081651489541
306.1124010468197
306.14093100398196
306.16731016198094
306.1916449820094
306.2137811245809
306.23259461761916
306.24809396415355
306.26044594089154
306.26983149227533
306.276366803867
306.28012200243387
306.2812142028178
306.27981378502534
306.27595033696474
306.26983626665236
306.26148713793873
306.251082913277
306.2387414481371
306.2245207725724
306.20848454967415
306.19075364887345
306.1714243426015
306.1505171905029
306.1281094145624
306.1042784569424
306.07907750088907
306.0525505156349
306.0247887078758
305.99577950979204
305.96560968081087
305.9343266670897
305.9019838802964
305.86856455816167
305.83413121718274
305.79875619567224
305.76246562111936
305.7252384848188
305.68715131157666
305.6482346629
305.6084539160829
305.5679018909051
305.5266075553056
305.4845378798142
305.44179882249057
305.3983487881703
305.35416768916986
305.30933127381314
305.2638300851768
305.2177426264296
305.17110236947155
305.12397386838825
305.0766571494383
305.0295031679249
304.9828104980393
304.93658273960324
304.89079065120484
304.84542828633005
304.8005133213576
304.75639027462927
304.71334470956356
304.6715533567189
304.6311806916106
304.59245211582106
304.5556338459954
304.5209111990941
304.48844757838
304.4584732769136
304.4310865089368
304.40638649926865
304.38443809057503
304.3653124728661
304.3490175541265
304.33562619478977
304.32513270121746
304.3175596816337
304.3129037743984
304.31122044204017
304.31254853854864
304.31684528452047
304.3241016865969
304.33442708406113
304.34782940670726
304.3643108650143
304.3837791962454
304.406132024949
304.43140453963935
304.4501987847944
298.8668095277911
298.90259120683424
298.94055043762654
298.9805377949269
299.0225013275077
299.06629521529595
299.1118233817085
299.1587859271269
299.2070602380112
299.2565052424476
299.30695753368246
299.3581672303196
299.40984841057235
299.46177379301054
299.51372170549456
299.56562038586543
299.61711038872846
299.66796589559056
299.71797674945964
299.7669365134682
299.8146833600497
299.8609586970214
299.90560557626844
299.94838207345003
299.98912354442854
300.0276709309569
300.063903800712
300.0977289565803
300.1290568522552
300.1577899408296
300.18390941834343
300.2076960826759
300.22950157053674
300.24965539141715
300.26835893482206
300.2859243048422
300.30206083017396
300.31504412351234
300.32523279512475
300.332841447053
300.33803040444906
300.3409010233484
300.341581989998
300.34010131163683
300.33655332513104
300.33104217641164
300.323651848714
300.3144556940589
300.3035677512422
300.2910855846113
300.2770294967637
300.26147955220347
300.2445140201782
300.22620438293507
300.2065609960177
300.1856539438157
300.16353403464603
300.14024816082895
300.1158252768093
300.090309002672
300.0637707220145
300.0361753992186
300.00763391170784
299.9781088189906
299.9476757020009
299.9163464954787
299.88413524557865
299.85109130717046
299.8172395386762
299.78258758153373
299.74715815169975
299.7110058968868
299.6741249446107
299.63656582254765
299.59832436229203
299.55941210785755
299.5198752664572
299.47973731764415
299.4389776234886
299.3977263043392
299.35599254303287
299.31388523718664
299.27141063158916
299.22898421706964
299.186944151014
299.14548158155543
299.10449206581995
299.06389556819863
299.02358760744164
298.98351328482187
298.943924061307
298.9050939001738
298.8672215741409
298.8305018056132
298.79515782851604
298.7615122771615
298.7298212750719
298.7002224706839
298.6730076421052
298.6483750606736
298.6264410583671
298.60730875991004
298.59111733032813
298.5780045458827
298.5680224237144
298.56119652870797
298.55753084484763
298.5571289736667
298.56003241905614
298.56619531742484
298.57555484337837
298.58811553201775
298.60378975295595
298.622588389162
298.64443613871003
298.66910021268376
298.69651820200886
298.72656167245225
298.7484208563501
303.8777773641557
303.9106747605238
303.94674738383185
303.9858797712718
304.02786119896166
304.0725805150401
304.1198672400593
304.16956906171055
304.2214918780062
304.27553448257345
304.3314655915032
304.3891486015385
304.44841649158747
304.5091255579625
304.5709900889211
304.6338988994173
304.6976565314018
304.76205422825944
304.82693313111855
304.89204025099554
304.9571995670709
305.02219237249955
305.0868073265113
305.150844424509
305.21399588800665
305.2760632485355
305.33686139310424
305.3960795271222
305.45352329691104
305.5090101999288
305.5622826528417
305.61320398135035
305.6617744028552
305.70791424025117
305.75168139458134
305.7932375956986
305.83258133439284
305.8692980304001
305.90284876962176
305.9328162007175
305.9589217197271
305.9811349998256
305.9993541880707
306.013632405807
306.0240548807642
306.0307372784301
306.03380154905625
306.03344277653366
306.0297806218198
306.0230194549215
306.0133264009492
306.00081035957817
305.9856778954075
305.9680747820559
305.9481352045205
305.925966182759
305.9017287377125
305.8755379077707
305.8474902657822
305.8176939269514
305.7862335836391
305.75322984216126
305.71871832058116
305.6828221335613
305.64559945461775
305.60709855722655
305.5674159801276
305.52659431285326
305.48469948814227
305.4418026565419
305.39791812258915
305.35313889528675
305.30744252262457
305.26094889122913
305.2136673819273
305.1656249499724
305.1168776157781
305.0674430484729
305.0173828472505
304.96667811097626
304.91546139159556
304.86366193453114
304.8114066111315
304.75873202542726
304.7057062730569
304.65255423916267
304.59928613781295
304.54615929364536
304.4932033763673
304.44054705536183
304.38818561640545
304.3363346092483
304.2851079281348
304.23468398201896
304.1851720090229
304.13687984428435
304.08997640120435
304.04475472399974
304.0015153184064
303.96051714164537
303.9220711627237
303.8864342906376
303.8538322425079
303.82454676298454
303.79876151186494
303.77667248544145
303.7583849817992
303.74408466367026
303.73381374613376
303.7276638889968
303.72568972749315
303.727848684976
303.7341469406209
303.74449152368624
303.75887379828697
303.7771378578301
303.7992109207852
303.8249372774815
303.8443897850945
301.39467803720987
301.4366961853809
301.4821454443804
301.53092879511803
301.5828214496702
301.63770310214926
301.6953426891864
301.7556199931641
301.8183338945917
301.8832998915385
301.95031915121297
302.01920810072573
302.0897267486208
302.16156990173556
302.2345670190542
302.3083880555978
302.3828285738522
302.45760089611304
302.53239301027287
302.6070113806178
302.6810520605777
302.7543748321967
302.8265723573509
302.89741347328356
302.9666737189247
303.03401535758286
303.0992649307535
303.1621192621367
303.2223429313187
303.2797478671088
303.3341196507175
303.38540588164494
303.4334905254637
303.4784910666809
303.5204332824882
303.55935717566354
303.59535190721954
303.6276921557988
303.65556823274915
303.6786205535634
303.6967563022601
303.7100355614227
303.71853854709906
303.72251331289016
303.7221113796119
303.7175505398389
303.7091966426021
303.69719946867366
303.68182807314184
303.6633766178495
303.64204316324094
303.6180016003926
303.59155022811115
303.5628111450426
303.5319832216282
303.49924192378296
303.4647016050904
303.4285336028762
303.39082555253896
303.35174460306786
303.31139191709127
303.26979472105944
303.2271331958805
303.1834063835312
303.1387552543404
303.0931985489505
303.04685579252896
302.99972755949415
302.95190772807575
302.9034383571657
302.8543579034087
302.8047076710486
302.7545511872446
302.7038768866067
302.6527673998488
302.60125500370094
302.5493290999951
302.49707479352924
302.44445131708574
302.39151143564527
302.3382700740732
302.2847956670423
302.2310151535529
302.1770032921745
302.12282441491277
302.06845016825207
302.0139412979755
301.95939017905795
301.90480012316146
301.85034978315196
301.79609805385013
301.742328272869
301.68932937312906
301.63738005969026
301.5867547642208
301.5377251752666
301.4906860592892
301.44597267971625
301.40379782406046
301.36452359159966
301.32842313817537
301.29565310313274
301.2664730827345
301.241092239915
301.2196878087744
301.2024077827714
301.18934865381203
301.18058708400133
301.17621563424393
301.1763237305486
301.18092196150667
301.1899890318442
301.20353033165514
301.2214639462012
301.2437134659978
301.27018927782353
301.30073365322016
301.3352180389829
301.36081483592926
305.97702412680553
306.0056939913394
306.03717230498563
306.0712532469477
306.107876435652
306.14687360267817
306.18814573019256
306.2316156552128
306.2771580964295
306.32465602608585
306.3740177152376
306.4251555923058
306.47792763424115
306.53224874134776
306.58795653502995
306.6449798655835
306.7031910792225
306.76237427503344
306.8224938790327
306.88328187021807
306.9446261591082
307.0063101573849
307.0681546541862
307.1299364244893
307.19144389806456
307.2524010523094
307.31264464708016
307.3718542779996
307.4298966438775
307.4864288854291
307.5412806769843
307.5942600353458
307.6453497678963
307.69449531261625
307.74170105783
307.7870394945396
307.83061034733106
307.87175241785724
307.90977992355596
307.9441520208794
307.97452609653266
308.00067094512514
308.02256076960083
308.0401631012969
308.05360349756575
308.0629034566917
308.0682875257618
308.06994568029666
308.0680491218061
308.0628259951557
308.0545004061082
308.04326420851487
308.0292701600701
308.01273715121994
307.9938090233212
307.97268691562607
307.9494766583583
307.9243100869518
307.89731853257445
307.86864074707364
307.8383619898386
307.8065788421797
307.77340199754497
307.73887515188557
307.7031522832277
307.6662001787265
307.62817494193905
307.5890564824543
307.5489887865088
307.5079647561447
307.466043537138
307.4232814713064
307.3797444429018
307.3354213187142
307.29041198804623
307.24471580967605
307.19833572817737
307.1513646020925
307.1038117559245
307.0556771304639
307.0070649786423
306.95794959991
306.9084168834831
306.8584752542971
306.80819022217577
306.75768607890706
306.7070236126603
306.6562715523084
306.6055257408842
306.5548052777563
306.5042518105948
306.45395431979523
306.4041153067896
306.354905335375
306.3065810552386
306.25937803175844
306.2135519600131
306.1694013711296
306.12721942878693
306.08730860991153
306.0499328066792
306.0153848128173
305.98384618795995
305.9555179193625
305.9306419938021
305.9093438577954
305.89177141066904
305.877949850132
305.8679815560947
305.86188099552913
305.85969235148576
305.86129870410593
305.8666849935073
305.8757767291521
305.88848191278805
305.90467679350286
305.9241588456919
305.9468787658731
305.96402053997423
304.8098666945919
304.83710382495286
304.8673894546642
304.90053560783383
304.93652442654366
304.9751852848221
305.0163987047438
305.0600661002763
305.10600897535653
305.1541812059647
305.2044186143668
305.25658723925426
305.3105392840011
305.36610092746133
305.42311471697286
305.48141358480024
305.5407918839531
305.60108669403604
305.6621220448165
305.7236792402555
305.78553566166204
305.84753044938367
305.9094596802366
305.9711408272458
306.0323497611776
306.09293155031423
306.152597062468
306.2112454552067
306.2686438489494
306.3245678976819
306.3788259526227
306.43131107371704
306.4818667227054
306.53047045437694
306.5770840027166
306.6216702288222
306.6642703570712
306.7044648640005
306.74165673854645
306.77538261346194
306.8053898763422
306.8314770119118
306.8535934782372
306.87175395912436
306.88596753515026
306.8963210837525
306.90299288942407
306.90606492570214
306.9057240139266
306.902113728115
306.89539955199507
306.8857475753042
306.873375757298
306.85836053702565
306.8408694724716
306.82107085060323
306.79912525640935
306.775061686163
306.7491151783673
306.72135738023485
306.69189293169205
306.6608341288666
306.6282642439463
306.5943034730155
306.5589891692411
306.5224871916714
306.4847747222308
306.44598737528094
306.40618368019284
306.3654214090102
306.3237655807932
306.2812356874352
306.2379371992851
306.1938898019685
306.1491505142522
306.10374107415
306.0577537993392
306.0111538352793
305.96403014736455
305.9164030651877
305.8682730460724
305.8197162383477
305.77074200598804
305.72142609343746
305.6717003754493
305.6217060648272
305.5714513063981
305.5210282665663
305.4704971837757
305.41990951437634
305.3694399169102
305.31921414690004
305.26940986498835
305.2202998500073
305.1720268058019
305.1248778225381
305.0790584364168
305.0348736392415
304.9925426051107
304.9523475931448
304.91448645718066
304.87925591831595
304.84684339614194
304.81745481649284
304.791253117767
304.76841774797117
304.74904934351275
304.73331067417286
304.72121292571325
304.71288980230935
304.70833017673567
304.7075399820019
304.7105084835933
304.71718165420685
304.72751711967936
304.74145222726077
304.75888768618495
304.7796636104707
304.79568460304733
301.2297094326179
301.29984974374236
301.3690312336221
301.4373387292974
301.50470216702735
301.571035558021
301.6358153371051
301.6978948257469
301.7569582937221
301.81297394998984
301.86598965324475
301.91549485283844
301.9607630822469
302.00181205129365
302.0389110577455
302.072190904355
302.1014906170767
302.126544934339
302.1473060016662
302.16381237069993
302.1761141548292
302.183955063232
302.187200847043
302.1858301457813
302.179673373561
302.1687135823794
302.1528922358188
302.1323604977965
302.1074279895154
302.0785140751674
302.0462919648457
302.01292404619693
301.9805193441649
301.95010739600474
301.9220168343007
301.8964461699335
301.87359921944716
301.8504746016533
301.82479137918784
301.7964326490185
301.7655489265253
301.7324785618442
301.69752418604673
301.66095415468885
301.62285648178056
301.58353650414494
301.54312608388335
301.50176766334926
301.45978382834943
301.41725442769115
301.37429471135283
301.33098874593975
301.28744385983515
301.243614235527
301.1996360939685
301.1554857448518
301.1111586254505
301.0667133991602
301.0221704603868
300.9774797522095
300.93267367912284
300.88778621456925
300.84276525665615
300.79762532749464
300.7523248668735
300.70686687523744
300.6612524704315
300.6154655099437
300.5695221733388
300.5233964563313
300.4771558483485
300.4307994099917
300.3842798906128
300.33757529210203
300.2907172359011
300.2436128285456
300.1962844879531
300.14871960590676
300.1010052690809
300.05334450905696
300.0060295086942
299.95929475232515
299.91354057726807
299.87312776194017
299.84522836431887
299.82983893921477
299.8220475898719
299.81831627785255
299.81684770988176
299.81680722840554
299.8174003410678
299.81807009072236
299.8197274086011
299.82363757919126
299.8311344642466
299.84425559885153
299.8642991596195
299.89136318519286
299.92483081794524
299.964033208228
300.0085432881468
300.0579468189088
300.1116552404119
300.16933883006976
300.2301956715226
300.2934284424166
300.35858430900095
300.42545192792045
300.4939341998207
300.5637708746514
300.63442493299385
300.7056273530517
300.777305489416
300.84951579839804
300.92185718320906
300.99379727934127
301.0651408844534
301.13595010334654
301.18385056202897
