295.71496220941776
295.7748294504089
295.83592696549715
295.89642603106495
295.95636538298834
296.0149471233155
296.0663955895564
296.1141649584479
296.1584326440246
296.1991923052024
296.23552926423037
296.26425699417297
296.2878791188076
296.30656950273544
296.3202935256623
296.32916980238593
296.3327621977035
296.3314340169324
296.32541053601716
296.314558165231
296.299487575378
296.2807692953318
296.2576796474704
296.23027569198734
296.1985485311871
296.1629335624947
296.12366384250856
296.0806633182477
296.0339590582899
295.98358462223734
295.9322480590455
295.88086220669845
295.8278102199098
295.7731060671668
295.71681004725923
295.66161164094234
295.6080398088477
295.55495554337267
295.50174230705494
295.44871493355606
295.3954492176385
295.3439530514423
295.2972616885881
295.24975112705494
295.2033126384592
295.1630206155189
295.1228121901468
295.08440898158455
295.04780999371616
295.0130429279031
294.9806820825976
294.9502975150822
294.9217495395638
294.89489263061336
294.869822457513
294.8466516101281
294.82520692873135
294.80547561996985
294.78745017901326
294.77097113660375
294.75575880953465
294.74202640701515
294.72971112138026
294.7186861328714
294.7090646825601
294.70122992126267
294.6944768203652
294.68881016774435
294.684191923313
294.6804668184194
294.67692066483187
294.6741430293175
294.67202035902346
294.6682116333448
294.66128604762577
294.6584415425375
294.65547558833765
294.6416685220359
294.6379522701078
294.64242381883645
294.6650664482206
294.6990966781145
294.66196205597265
294.6808659808086
294.6833773382928
294.68572959166414
294.6884097847747
294.6914490537816
294.6948835323217
294.69414406666095
294.69017019147253
294.68481349239255
294.67844164876726
294.67125109396426
294.67086951598213
294.67639330513856
294.6850606430426
294.69688673051405
294.71196586572603
294.7330491349979
294.75842527005693
294.7873280336556
294.8196600483506
294.85524754359346
294.8939792748215
294.9355901245557
294.98011317559053
295.02737142612807
295.0775480203618
295.135112511167
295.1972787849657
295.26382744326776
295.3347659021777
295.40864593719004
295.474143828817
295.5392503676003
295.6044996933114
295.6699448898822
295.7146189826601
296.25342798366506
296.31857670117193
296.3817024078614
296.4434001014861
296.5039893541392
296.56362381620966
296.6205150244873
296.6729667950391
296.7211201138901
296.76519551092736
296.8052726093713
296.84097668475755
296.8717464770771
296.89731264808836
296.91761008072297
296.9327357765109
296.94310115675404
296.9488164550602
296.9498138712774
296.9459936282731
296.93747785295204
296.9247637992867
296.90803638677613
296.88727672812894
296.86231431526187
296.83326738504235
296.80036646440414
296.7638498578919
296.72381905884737
296.68041248083745
296.6337449577202
296.5850421306058
296.53504104558084
296.4840305534772
296.43196960596316
296.3793696816824
296.3271327821077
296.2770269449454
296.2291050853507
296.1812367478441
296.13365391811084
296.08697863927
296.04326757581566
296.0027701377359
295.96397416683243
295.92754319846296
295.8949244580498
295.8640342680562
295.83484731479035
295.80743246175587
295.7819880579964
295.7584973060267
295.73669342896625
295.7165004067575
295.69781871511736
295.68067950915446
295.6651805378908
295.651328664226
295.63901631168534
295.62823736537445
295.61861348621716
295.61006905625385
295.60267090628304
295.5964049220498
295.5912511804186
295.5868756297458
295.58339886752145
295.58066614630883
295.57870590666835
295.5774678312829
295.57708500637744
295.5771603221283
295.5776306722866
295.578394627178
295.57531703135857
295.5695336033611
295.56481715032083
295.5570366270777
295.544597473663
295.53677633291835
295.5324764146885
295.5518456562635
295.584036760622
295.5814095243108
295.5708882886768
295.562102030419
295.55503193522406
295.54930489908804
295.54454106203605
295.53976956194055
295.53421073437494
295.5295863325104
295.52567454020163
295.5217562398222
295.5194372188594
295.52158565294917
295.5266443105448
295.5346933980815
295.54584900207294
295.5584783708557
295.56995336508174
295.58196530743913
295.5956993245752
295.6119477823805
295.63081307889775
295.65281656450674
295.67800276564634
295.7063179563907
295.7376202632394
295.77278044957114
295.8122639469723
295.85605794213
295.90410730675353
295.9561343048337
296.0131520295979
296.0746152487473
296.1386331241767
296.2042374696028
296.24948210091696
303.9425501758737
303.9677340623212
303.9927565751976
304.0175414425545
304.0420712800068
304.0663733553549
304.0900765950814
304.1128703048224
304.1347094062236
304.15555309802573
304.175372225123
304.1937568036894
304.21055227282295
304.2256105465099
304.2389469543651
304.2505770377097
304.2604955826306
304.26875818951055
304.27527659803786
304.2801385229328
304.28322196555735
304.28448962140845
304.2839362296368
304.2815332713779
304.2772543855837
304.2711099829448
304.2632421446433
304.2536549262296
304.2423582494296
304.22935656306174
304.2147297477152
304.1991777260275
304.1826900148416
304.165384815482
304.1471750571391
304.12817244209407
304.1087361762521
304.08998054722707
304.07094713948
304.05041529780374
304.0291577454539
304.0074519758529
303.985825329567
303.96444974457285
303.94311509267396
303.9221892774426
303.9019151427599
303.8819631228276
303.8622630831265
303.8428201217019
303.8236943548875
303.8049106472134
303.78659506562974
303.76865334144446
303.75116468236126
303.73405412481355
303.71740326577446
303.7011274095673
303.6852706331417
303.66982548422084
303.65480085696083
303.64014195083433
303.6258968431103
303.61198690080994
303.5984806462106
303.5853894503573
303.572688030273
303.56042818116913
303.5486598328489
303.53728798942365
303.5262468761006
303.5155955832976
303.50526580752603
303.4952535099163
303.4844308431448
303.47386259890743
303.46354918894207
303.4529067469103
303.441919617357
303.4316232598811
303.4223304467012
303.4179724521111
303.4141487682692
303.4095494725847
303.40552644092605
303.40328921211045
303.40307357095963
303.40491315363096
303.4089358749443
303.41475223370963
303.42131692785415
303.42846518602096
303.4360476584059
303.44407825911736
303.4527871802736
303.4628941707037
303.47434907143037
303.48723364919226
303.50159561510077
303.5171711878094
303.5338200038376
303.55152144841435
303.570318068765
303.59027985543406
303.6110632174778
303.63240541715527
303.65424255012863
303.67664476632984
303.6995948255769
303.72295861322937
303.7468331823933
303.77119165511573
303.7960061144826
303.8212616124935
303.846877877609
303.8726311966804
303.8983784783003
303.92427542132475
303.9418531110072
292.0951056062493
292.12642698738523
292.15600019955593
292.18383536462204
292.2100001408096
292.2347031248591
292.2578908479232
292.2790573134514
292.29810502778224
292.3150580696308
292.32989220835265
292.3423337636934
292.3517890845706
292.35820388309526
292.3615930635612
292.36211408606147
292.3598227284428
292.35444351060755
292.3460850467087
292.3348246614045
292.32072881669177
292.30366014521957
292.28353837612
292.2605511394862
292.23500714967423
292.207078231033
292.1771723010144
292.14562794200884
292.1128256978438
292.0790470256254
292.04491645172993
292.0125447496329
291.98397874930293
291.9600702783011
291.94105567190996
291.9267153725506
291.9171666442818
291.91174053083705
291.91063845804285
291.91334985210517
291.91964576020166
291.9289359553005
291.94112199685185
291.9567303692532
291.97507057090706
291.9958969925649
292.0203917941895
292.04732364889645
292.07572656426373
292.1052131924455
292.1353947494323
292.16557880659985
292.1954926244746
292.2250650201635
292.2543000812947
292.2830736647096
292.31109205303426
292.33797409230345
292.3637932764475
292.38853372779147
292.41193518663823
292.4333428381752
292.45251344110034
292.4694047698135
292.48425702831827
292.4968592167651
292.5066838376754
292.513706513078
292.5180248892735
292.51980889106113
292.5189627447936
292.515070954987
292.5082404372049
292.4985170192491
292.48498013663266
292.4668642676763
292.4448453541218
292.4191799048805
292.3897723841897
292.35732476143113
292.3225748190138
292.2896600370855
292.2643983820472
292.23730855842507
292.2053900127639
292.1689014971982
292.12907122774754
292.0863501075346
292.0407776501538
291.99257895231716
291.9443267422636
291.8983960672474
291.85597494781655
291.81755198600024
291.7833003660981
291.75371311475436
291.72928043975065
291.71012781072096
291.6965231282803
291.6881979519886
291.6848018947504
291.68587167356225
291.6911434878249
291.7003137897791
291.713114045876
291.7290257296886
291.7476091550089
291.7685921046025
291.7919237456171
291.8170762936112
291.843466586869
291.8708910076668
291.8993710696772
291.9289678202208
291.95942299088836
291.98996811983017
292.0202836048339
292.05015149969194
292.0702553526057
292.3068895706529
292.34005795645817
292.37133114016405
292.40017373776254
292.4268227943442
292.4513752025302
292.4739795214895
292.49422860462414
292.5119187473189
292.527033586577
292.5397500142449
292.5503103443053
292.5586447185169
292.5647455660443
292.56834954413443
292.5694124527907
292.56778647319214
292.56306933743826
292.55542315046705
292.5449466970191
292.5318364447154
292.51605103272163
292.4975396086045
292.4765676069062
292.4532387924967
292.4277474621938
292.40047433942465
292.3717764096275
292.341795936022
292.3108287571305
292.27893153914164
292.24712113277604
292.21603267271973
292.18586540071936
292.15687331528534
292.129252306496
292.10166784093343
292.07249220465974
292.0485580838197
292.02938788991156
292.01334093530585
291.9996553586843
291.98781605747575
291.977625201592
291.9688527010123
291.9614156249827
291.95532661799854
291.9506552313525
291.9474503630402
291.9456761097089
291.9453949884949
291.9465178319107
291.9490681397727
291.9530455516691
291.9584765651121
291.9653013109934
291.9735579301793
291.98293197087526
291.99337392303613
292.00483329955046
292.01721230104937
292.03039262537527
292.0441300349857
292.05809840113596
292.07203909414574
292.0858155785052
292.09937408872054
292.11240502707466
292.12482388666257
292.13655228628005
292.1473230801979
292.15678657974155
292.16470928869785
292.17101034153126
292.175124940113
292.17608772724856
292.17376061627084
292.1680933902966
292.1591571797342
292.14761970984694
292.1339007531243
292.1207136456966
292.11274720387365
292.106368794914
292.0991791552482
292.08979860355555
292.077488057016
292.06195971719404
292.04292104550314
292.0203170145989
291.99544653254844
291.9697649533152
291.94421113048
291.91941488956775
291.8959000938508
291.8742740504504
291.85526978028935
291.83951941431
291.82747561418864
291.8194155835442
291.8156244946459
291.81610567817756
291.8208098036046
291.82947247654005
291.84179597490703
291.85713595006825
291.8749912157662
291.89516018070367
291.917350781323
291.94136228644817
291.96661766100965
291.99286574423974
292.01988095678917
292.04764680812053
292.0762253077359
292.1053485514443
292.13448664413687
292.16357046372866
292.18318157939416
292.51183229705384
292.5174944643357
292.5236858925378
292.53038694446167
292.5374677691831
292.5448897234294
292.55254189639766
292.5603875900397
292.56835092514575
292.57634912578857
292.58426651608016
292.59206151637756
292.5996758465315
292.6068971967797
292.6136729677838
292.61984820107244
292.6253909107194
292.6301401329227
292.63405137614626
292.63699640192226
292.6389353947903
292.63979736285563
292.63953639662526
292.63815407327405
292.63564296433435
292.63198622740725
292.62720458484074
292.6214179493657
292.6147280767302
292.60729407596807
292.59926747506347
292.5908074012935
292.5821212644733
292.573243064284
292.5643654075259
292.55553599163477
292.54693797881293
292.5386375334853
292.53079177728614
292.52362341649985
292.51734954702926
292.51206229075746
292.5078155039236
292.5046861965706
292.5026771124369
292.50173610991334
292.50200504107005
292.5034602540104
292.50616517988124
292.5101335055875
292.5153360055237
292.52172632029067
292.5291773925577
292.5375626285793
292.5469117966055
292.5570704070152
292.5679538195983
292.5795059924716
292.59164587409265
292.6043569277988
292.61748861799316
292.63102795717685
292.6447995326794
292.65876578072067
292.6727270539155
292.68666252077594
292.700465767794
292.71403933038096
292.72727366266565
292.7400411501303
292.7523248648196
292.7640582855238
292.77510937399467
292.78539752514473
292.79492000707927
292.8034919202442
292.8109827916656
292.8173092231949
292.82231176134
292.8259176952884
292.8281109567262
292.8288898730223
292.82854311012176
292.8273069746554
292.8253665794335
292.8226291883349
292.8189947622365
292.8142884830445
292.80834183241944
292.8010481715906
292.79228462147984
292.7820442981662
292.77038627234936
292.75749067369566
292.74340794890514
292.7284088876563
292.71262841031836
292.6963248617435
292.6798240852995
292.66343522251134
292.64732738884436
292.63176383822605
292.6169882782197
292.60308452886346
292.5902146226126
292.57844436963614
292.56789584395176
292.55868331315514
292.5507834744112
292.54429357594506
292.5391878687657
292.53542323220023
292.53300788012814
292.5318174683508
292.5317547933772
292.5328196335391
292.5349079626302
292.5378779495322
292.5403585464878
292.302729796132
292.3027696799158
292.30289871126604
292.30312533104296
292.30355722166246
292.30405538636194
292.3047083089364
292.30536661255667
292.3060402157395
292.306691578339
292.3072294559213
292.30779859075375
292.3082749333248
292.30862537256036
292.30890359650255
292.30912048995475
292.30913903434083
292.30902827195075
292.30878022154513
292.30831415622026
292.3076981224509
292.306871332716
292.3058432762242
292.30461739404143
292.3032644255507
292.3017341101777
292.30000800656336
292.2981716642966
292.29618782140074
292.29412771855175
292.291914726523
292.28959888838375
292.287226951337
292.2848414531892
292.2823867627629
292.2799168990405
292.2773433862727
292.2747494679124
292.2725048766959
292.27035802247883
292.2685041410661
292.26682754737107
292.2653591634159
292.26418598579727
292.2632054440688
292.26252952036054
292.2621410302785
292.26210891984624
292.26249806772995
292.2631907308908
292.2642886951005
292.2658261056341
292.267768593254
292.2701331776574
292.2729334661368
292.27615950789465
292.2797428079295
292.28370203990136
292.2879718575929
292.2925822879822
292.29743619727515
292.30255555956876
292.30776998569075
292.31309654758826
292.3186025689209
292.3241265481391
292.32970771964585
292.3352369977889
292.3408126079969
292.34634070786365
292.35179351490615
292.3571430874199
292.3623236291969
292.36739532895757
292.3722642176051
292.37682059470353
292.3811018539653
292.3851334289403
292.38875758079774
292.3921213307849
292.3951507549267
292.3980209061891
292.4010022618411
292.40398800437373
292.4066923494021
292.4089259917513
292.4107757278769
292.4121177087663
292.4130610961001
292.41359908258204
292.4136036288609
292.4129385832416
292.41162947738457
292.4096051100355
292.40698189380845
292.4037526604601
292.400170556106
292.3962183768838
292.3920383941232
292.3876834852444
292.3832299187636
292.37877387035655
292.3743882857616
292.37008281581313
292.3659381378226
292.3620302864737
292.3583439460573
292.3548193198985
292.3515570253453
292.3485665500209
292.3458586323567
292.34343680074
292.34125232751865
292.3393857936271
292.33773379607925
292.3363039900999
292.335105905739
292.3341265330017
292.333553115333
298.04361431636914
298.0554136610592
298.06754087171686
298.08005424471054
298.09301116539774
298.106380979977
298.12008983677583
298.1341162543593
298.1483937597896
298.1628142710532
298.1774390324332
298.19215281545354
298.2068011690167
298.2213764495033
298.2358238856152
298.250094616847
298.2641224989814
298.2778895452649
298.2913382444815
298.3044122256686
298.31709705461685
298.3293414644427
298.3410160229853
298.35218137197427
298.3627080222556
298.3725504377782
298.3817519852274
298.3903438453525
298.39829150315023
298.40554824772227
298.4121951109721
298.4181471688781
298.42352636070405
298.42826548139806
298.43247918368024
298.43606614235904
298.43908636850284
298.44173025800313
298.4440090933644
298.44577497671105
298.4469715613938
298.4476417777386
298.4478351758377
298.44741170356235
298.4465678093045
298.4451741195326
298.4433202026627
298.4409267179691
298.4380926349947
298.43481184402594
298.4310746276702
298.42684084124875
298.4222159628972
298.4170849388348
298.41152942718503
298.4054810508787
298.39898727234805
298.39209990851015
298.3847636640405
298.37699766465545
298.3687782240037
298.36022447715305
298.35124482258846
298.34193983393425
298.3322128328178
298.3221597528076
298.3117479443055
298.30101567818224
298.2899776764599
298.27860225576467
298.2669306341271
298.25494534736134
298.2426737206557
298.230179217334
298.21736693452226
298.2043153032555
298.1911396325157
298.17786345046727
298.1646413374053
298.1514334040803
298.138222538829
298.1250311916182
298.1119244825953
298.0989645267486
298.0860953900255
298.0733139472843
298.06057663323253
298.04780801677896
298.0351374088247
298.0224921278302
298.009946106637
297.99756309919417
297.9853790775437
297.973378187897
297.96173442003504
297.95049636349984
297.9397513171456
297.92959999726787
297.9199716509893
297.9107956785996
297.90216000111036
297.89416543836904
297.88686071082185
297.880264126792
297.87458003772844
297.86962133086814
297.8656211521144
297.8625105632366
297.86030974195006
297.85907966255843
297.8588024933269
297.8594518966991
297.8610671756089
297.8636904120572
297.86722152582513
297.871689062657
297.87698797061915
297.8830763589876
297.88763743945253
293.7810796804697
293.7903419945601
293.80005255075974
293.810244606742
293.8208623705664
293.8319410881486
293.8433220629904
293.854949316556
293.8667825796217
293.878752421804
293.890786809934
293.90283972189496
293.9147700826887
293.9265316186657
293.9379966742732
293.94921301892794
293.96000897326564
293.9704916409453
293.9804570446545
293.9899749112588
293.99904111583083
294.00744547820904
294.01531653742256
294.0225334235645
294.0290858570826
294.0349336261211
294.0400811726337
294.04456737614214
294.0483754677725
294.0514827023639
294.0539072993023
294.05567456819284
294.0568368910271
294.0574202534892
294.0574111348926
294.0569273178744
294.05574134685645
294.0543289669281
294.0527982627108
294.0510738598052
294.049087477943
294.0468507693921
294.0442881467046
294.0415002078663
294.038427911484
294.0351670267301
294.0316496867787
294.02799192688866
294.02415150341864
294.0201602414011
294.016031194748
294.01174568916025
294.0074006469658
294.00285172821737
293.9982596338921
293.99354909824285
293.9887703161003
293.9839170693435
293.978976311337
293.97398292512236
293.96890274678265
293.9637898368025
293.95861147992684
293.95335000325895
293.94801526843503
293.9425891447337
293.93707582065167
293.93146518162536
293.9257863526102
293.91993682939096
293.91395867108815
293.90787007934443
293.9016441093014
293.89521092695753
293.88859975900937
293.88183882022037
293.874851439627
293.8677195912577
293.8604123328389
293.8529003964685
293.84524473304424
293.8374382712163
293.8295569965777
293.82168174792844
293.81380462557973
293.8059301278756
293.7979245505282
293.7898361729752
293.78158338681965
293.77318590420873
293.76469266424095
293.75612241451825
293.74743338383837
293.7387701013919
293.7301620573708
293.72164491955647
293.7133656476568
293.70537637650125
293.6977046090445
293.6903673405576
293.6834663620075
293.6770495328427
293.6711745097198
293.66593648470547
293.6613166801796
293.65740525151176
293.65420048991143
293.6517293696438
293.6500732697637
293.64918474068287
293.64906881353227
293.64976903721913
293.65121356660853
293.65351956529463
293.65655756614785
293.6604310541364
293.6650073622312
293.67024175177045
293.67427578952976
304.08720727873396
304.0939703200263
304.1017230704159
304.11053161923775
304.12026065785517
304.13100733286984
304.14256437110265
304.15501779089243
304.1682313534613
304.1821774759519
304.1967752068547
304.2118884639378
304.22749598157
304.24356128305106
304.25985661219977
304.276321637327
304.2929396167205
304.3095303016939
304.32605634015385
304.34231041109996
304.35836648509155
304.37412585420844
304.38938269168534
304.4041909493355
304.4184320721596
304.4320799598015
304.4450214148734
304.4572772889849
304.4687375096383
304.47946893900877
304.48937721172894
304.49843894660205
304.5067458530468
304.514208383665
304.520936143733
304.5269191227577
304.532245317694
304.53685918112916
304.540819238334
304.5442389384578
304.5470730802556
304.54937612607216
304.55108549783284
304.5522928394725
304.5529865883934
304.5532602935341
304.5531096586267
304.55260638997584
304.5517236496218
304.55059959119285
304.54919632119766
304.5475900569446
304.5457316841339
304.54369140206165
304.54145565186593
304.53902827302335
304.53640723233957
304.53361137325936
304.5306223095618
304.52744464986847
304.5240205623014
304.5203984266494
304.51657625053906
304.5124659480777
304.50809546069405
304.503493756902
304.4986028994808
304.4934080685609
304.4879050593779
304.48206876041286
304.4759585344185
304.46948800268285
304.4626491437124
304.45551571465836
304.4479230113678
304.44003740793823
304.43170177174403
304.4230210068809
304.41392419211934
304.4044020199497
304.39446327596096
304.3841425856395
304.37340275863335
304.36223821237195
304.3507267784046
304.3388469291436
304.32660381960847
304.3141014236668
304.3012401439932
304.2880963984527
304.2746254855814
304.2609478284899
304.2470004565889
304.2329697684548
304.2187976078106
304.20456574666457
304.19047524589644
304.1764592027756
304.1626881675267
304.1492085804166
304.13620546210115
304.1237576516271
304.11195931885777
304.1008059165695
304.09045523765195
304.080976265673
304.0724193742651
304.06486752250447
304.05834248650854
304.0529242620629
304.0486215153508
304.0455055136753
304.0435496557576
304.04269424256415
304.0430856377627
304.0445971015765
304.047255048364
304.0510791576172
304.0542945079961
301.3924784911888
301.40390544119236
301.4163496953532
301.4298074762549
301.44421966072366
301.45954960805904
301.47574659399305
301.4927280096165
301.510446374317
301.52885320761624
301.547828196557
301.56728560416377
301.58716341263425
301.60723215525366
301.62751738204827
301.6478383646163
301.66812499508126
301.68825797452786
301.70812763564436
301.72766862875585
301.74672948356823
301.76529962760316
301.78333498905374
301.80070494046527
301.81739226495
301.83332193023847
301.8485376749095
301.8629181967542
301.87644040682363
301.88905948058544
301.90081429455574
301.91164898355294
301.9215203185084
301.9305596677521
301.9388240869277
301.9462605218822
301.9529529678622
301.958829263487
301.9639736879938
301.9683370375886
301.9720097731595
301.97486754173303
301.97697108726237
301.97834810579127
301.97901649796256
301.97905979894347
301.9784904159427
301.9772904093438
301.97556769111213
301.9732747037272
301.97040390487
301.9670070117561
301.96306991250617
301.9586147843991
301.95364324976305
301.94825508548405
301.9423583307022
301.93596588346486
301.92904975679386
301.9216755234787
301.9137772997873
301.9053422954129
301.8964877327058
301.88715120419283
301.87736415140546
301.8671646893927
301.8564889341819
301.8453239943698
301.8337647651508
301.8218512371479
301.80951191168765
301.796813184186
301.7837876251702
301.77049337540984
301.75685731455195
301.7429098926565
301.72872900694904
301.71426348911456
301.6995649752373
301.684705177487
301.6696970645722
301.65454359296587
301.63928632150225
301.6238802811555
301.60846450948384
301.59294889932227
301.5773492464256
301.5618184127023
301.54621913936876
301.53073064865197
301.5153648012637
301.50012803995486
301.48507648643135
301.4702872037983
301.4558082117624
301.4416551290426
301.427965013994
301.4147870186327
301.40217832164006
301.3902954776476
301.37919731466764
301.36891603950687
301.3595869044892
301.3511304700945
301.3437670199576
301.3374479985686
301.3321949559693
301.3281671916223
301.32537413170934
301.3238754670505
301.3236774905061
301.3248003751006
301.3272929183758
301.33106899923473
301.3361577318891
301.34251451498716
301.35011948577994
301.35888956255417
301.3655288409581
307.8565071060528
307.86108144789154
307.86682179407694
307.8737254038227
307.88169219966653
307.8907233129042
307.9008008813951
307.9119394041485
307.92399179440724
307.93694995483406
307.9507634294403
307.96529998685463
307.9805070110696
307.9963181544209
308.0126258589814
308.02932170388806
308.04627535729446
308.0634912921549
308.0807552691326
308.0980997760835
308.1153979342599
308.1325217951702
308.149528020913
308.1661846268578
308.18253362726057
308.1984469522047
308.21392346510606
308.22888219247517
308.2432482153217
308.2570266206289
308.27017968395626
308.28267999688376
308.2945286914621
308.30566281030144
308.3162141872835
308.3261894919665
308.3355795137827
308.344371396567
308.3525629844812
308.3602833713444
308.36747699030366
308.37409794675744
308.3800922790201
308.38550872840847
308.3903363179174
308.3945794598724
308.39831278536263
308.4015158510043
308.4042969963855
308.40664772829825
308.40856028298913
308.4100972848353
308.4113217099428
308.412086226894
308.4125657809716
308.4126272922524
308.4123687905462
308.41173570590666
308.4107065923406
308.40928461517325
308.40746292372427
308.4052674736569
308.4026083062806
308.3994783703865
308.39596634697796
308.3919762019279
308.38750762042935
308.3825336070447
308.37716868521807
308.3711940090287
308.3647576392243
308.3577684931804
308.35032461521723
308.34231520395025
308.33380293788304
308.3247133718595
308.31511792732266
308.3049860124835
308.2943186125684
308.28307793061674
308.2713569967995
308.25907992962595
308.24630163057424
308.2330002052197
308.219271744124
308.2050853703741
308.190440178184
308.1754459992963
308.16006458327416
308.1443438185057
308.1283201943466
308.11207984995275
308.09558487762837
308.07902542386574
308.062394708048
308.0457258291457
308.0291992894536
308.0128536229632
307.9968243594708
307.9812093460947
307.9660234894428
307.9514573406761
307.93752762296026
307.92428604078964
307.91190623804874
307.90036533345074
307.88972564266584
307.88011874364685
307.8715372301823
307.86405727261786
307.85769019685364
307.8525070366557
307.84850040657017
307.84567635954954
307.8440719805024
307.8436324318587
307.8444200058954
307.8464139084732
307.84839656883037
302.8314121694371
302.83724789426776
302.8443868710713
302.85282672151214
302.86250386563694
302.87345376440845
302.8855935796328
302.8988092509771
302.9131935729088
302.92855578104184
302.94489711667217
302.96213003076514
302.9801506093239
302.9988749021102
303.01821384256704
303.0380679769498
303.0583577783971
303.0788909685855
303.0997235510202
303.1206317785743
303.1415424953475
303.1624103689376
303.1831462009964
303.20365648748174
303.2238813817532
303.2437360730129
303.263162069426
303.28209217578325
303.30051788647376
303.318375127576
303.33557379990935
303.3520436867979
303.3678689152727
303.3829889941107
303.3973327042693
303.4109279000307
303.4238226066172
303.4359592911564
303.44735797351143
303.4580764312157
303.46809961764876
303.47740371436623
303.4860086808861
303.49388422426625
303.5009427633612
303.50720736136327
303.5126959372764
303.51743039014946
303.5213565716012
303.52452264037134
303.5268786999386
303.52847353126066
303.5293420184958
303.5294256275937
303.52877477134547
303.5273923405093
303.52531576034914
303.5224935216234
303.51896899174807
303.5147875502413
303.5098984869007
303.504318644371
303.4980844535282
303.4912290179973
303.4837397975654
303.4756038672846
303.4668701061154
303.4575382433402
303.4476900668389
303.43721282387827
303.42622703285343
303.4146803736178
303.4026116894574
303.3900550378951
303.3770662929056
303.36353253845976
303.3496066582044
303.33519843940235
303.3203926023885
303.30525577735955
303.2896838905175
303.27380054231855
303.2576081605211
303.24109429669807
303.2242881837125
303.20724086640314
303.18998791454817
303.1724972345326
303.15482331488823
303.13701821270786
303.1190901501162
303.10109034269465
303.08309064431404
303.065082294466
303.04715950770657
303.02931776780156
303.0116812684565
302.9943165610897
302.97732895761743
302.96073164392817
302.9446544155656
302.9291480569595
302.9143547585371
302.9002757427687
302.88702749174854
302.87472067878696
302.86338652301987
302.85305229667347
302.84389023003547
302.8359277712775
302.82922266340665
302.8238752708282
302.8198306500839
302.81717026384166
302.81587471531145
302.81598435971006
302.81752940070015
302.82039101410754
302.8231723728889
295.75616351925044
295.7782201858763
295.80003642826995
295.82147820116637
295.84248740167715
295.86282673678204
295.88251877661713
295.90125042144626
295.91886186990627
295.9352405899563
295.95032194155425
295.9639634678928
295.9757847532206
295.9858382801438
295.9942936573707
296.001103638533
296.00624610084395
296.00968681597385
296.01140689528575
296.0114890065211
296.00999965730205
296.00700105843356
296.00252667721827
295.9965730605872
295.9892204591814
295.9806421861106
295.97089445464576
295.9602351967159
295.9486776978684
295.9364317238651
295.9233935922567
295.91003729543814
295.8966293277067
295.8834908484317
295.8707122063527
295.8584494827195
295.84667783595125
295.83546376674786
295.82519231573633
295.81597104485314
295.80784536310364
295.8007348953979
295.79450311212844
295.78891497699516
295.783758086214
295.7789267965717
295.7744265837465
295.77017866713055
295.7661815802226
295.76256071884393
295.759232784441
295.7562536422246
295.75367819873236
295.75151006963586
295.7498753811161
295.7488413963414
295.74841928315914
295.74858107023306
295.74927313457675
295.7504856026548
295.75204335888117
295.75389663019865
295.7559715742501
295.75805372822873
295.76009664746795
295.7620155626541
295.7637305706893
295.7651567316667
295.7661663470088
295.76675862674256
295.7668529025277
295.7664038566942
295.76537822629365
295.76370779800567
295.76148638632753
295.7584871030332
295.75463541303424
295.7498965614963
295.74424416356055
295.73768178223145
295.7302884862638
295.72222057952865
295.71357215715494
295.7048994796104
295.69767013460967
295.6900744690941
295.68029699587237
295.6682895013036
295.6548523823313
295.64077829910565
295.62699734719956
295.613973203615
295.6015773301125
295.58937977500386
295.57727602038347
295.5655477564136
295.5546268256769
295.54482714649527
295.53638057459824
295.52921870932835
295.5236484626383
295.5197067682826
295.5175772540014
295.51734874334426
295.5190094158922
295.5225883491592
295.52799471930274
295.5351833116219
295.54425548482914
295.5550414723652
295.56732016744917
295.58087905505107
295.59546669698625
295.6109661094833
295.6271493216243
295.64369627916085
295.6604280612447
295.67728371328707
295.68879598882177
