-0.024128437639543462
-0.02414349336986715
-0.02415781470680649
-0.024171468632999845
-0.024184464885968735
-0.024196732856301514
-0.024207734683437496
-0.02421779315132442
-0.024226960467976136
-0.024235257225710936
-0.024242613831353413
-0.024248731779256075
-0.024253827130850596
-0.02425792207361318
-0.02426103232217812
-0.02426309967318496
-0.02426394793920655
-0.02426371919330576
-0.024262431626161315
-0.02426009980737151
-0.02425668147439143
-0.024252136377189964
-0.024246563617041875
-0.024239991847921156
-0.024232438153996012
-0.024224026613814405
-0.02421489494149258
-0.02420498732040796
-0.024194326644679107
-0.02418292955435927
-0.02417159882210701
-0.024160700785488317
-0.02414975321253838
-0.024138754677252527
-0.024127717294945783
-0.02411691473866252
-0.02410635973633825
-0.024095911629076157
-0.024085569105997476
-0.024075312239935146
-0.02406435746339875
-0.024053857819303446
-0.024042976966868093
-0.024032686421993396
-0.024022551890875855
-0.0240120851428044
-0.024002079905244545
-0.023992202337117633
-0.023982446741560758
-0.023972817177947654
-0.023963340823936412
-0.02395399741548045
-0.02394478208477136
-0.023935689865995514
-0.023926725330002858
-0.023917880371411647
-0.02390915943673206
-0.023900561689994264
-0.02389208505102507
-0.023883729072143065
-0.02387549425433389
-0.023867380403055003
-0.02385938218003876
-0.023851495869202724
-0.023843721089785257
-0.023836054640422485
-0.02382848737700282
-0.023821021790101763
-0.023813654995692556
-0.023806381582248706
-0.023799186382487483
-0.023792075615414025
-0.023785044705861406
-0.023778452527527635
-0.023772522692758785
-0.023766101142705248
-0.02375976810824604
-0.023755953724685343
-0.023752242062406868
-0.0237526082225965
-0.02374996832291629
-0.023749440828189375
-0.02375218086337492
-0.023756900877726014
-0.023758722301367507
-0.02376006295234242
-0.02376150080019435
-0.02376301585347722
-0.023764573642943865
-0.023767230643074597
-0.023771081369501824
-0.02377529776764715
-0.023779823452698256
-0.023784641437265778
-0.023790437986624054
-0.023797177309489735
-0.02380468793243255
-0.02381299061410363
-0.023822114353698208
-0.02383182860773192
-0.023842306281013394
-0.023853630378698115
-0.02386581010690366
-0.023878845982442002
-0.02389266013860186
-0.023907246964540902
-0.02392257499293326
-0.02393863019447309
-0.023955392924724386
-0.02397261230801808
-0.023990189065317222
-0.02400811084280469
-0.024026364696967874
-0.024044845758261265
-0.024062602373470816
-0.02408007737925002
-0.02409730234916503
-0.024114271802363623
-0.024125661528948447
-0.024152094433923695
-0.024166879726124742
-0.024180711113536375
-0.024193693895805553
-0.024205908305348977
-0.02421739886309677
-0.024228104559137053
-0.024237932282786534
-0.024246883431880206
-0.02425497514028032
-0.024262218490344264
-0.024268523466460485
-0.024273826858546965
-0.024278142173867808
-0.024281493393794623
-0.02428389539788679
-0.024285289802623383
-0.024285652291200947
-0.024284999164419695
-0.024283350004347407
-0.024280722319146835
-0.024277125489622266
-0.02427258348519938
-0.024267108046741984
-0.024260709283846688
-0.024253416728425365
-0.024245393729938752
-0.024236711429155053
-0.02422736337382944
-0.024217341395862433
-0.024206767388210777
-0.024196220221433917
-0.02418582959357558
-0.024175570783652033
-0.024165414145011013
-0.024155389734461692
-0.024145593018301315
-0.024135918968198448
-0.024126325214882
-0.024116757203532804
-0.024107160579185147
-0.024097275986792024
-0.024087304962039032
-0.02407723325468572
-0.02406734182477931
-0.024057537620810195
-0.024047629467236903
-0.024037936413737818
-0.024028436329350464
-0.024019109496957902
-0.024009948094182772
-0.024000938069913384
-0.023992072962026628
-0.02398334701610973
-0.023974754864270278
-0.023966297378866373
-0.023957971222336047
-0.023949773135915682
-0.023941700237239964
-0.023933745937976127
-0.02392590323097713
-0.02391816749411002
-0.0239105424311707
-0.02390302516043243
-0.0238956136610392
-0.023888301381633722
-0.02388107885056585
-0.023873946475475083
-0.023866903841836554
-0.023859943957233856
-0.02385306148571776
-0.023846244138121007
-0.02383949070083457
-0.023832802374712813
-0.02382679390413405
-0.023821156448478945
-0.023815319928099443
-0.0238101754730932
-0.02380612658670667
-0.02380419366800024
-0.023802681632455282
-0.023802668786644103
-0.023804570116870784
-0.023811000852311304
-0.02381830346308817
-0.02382401931425487
-0.023828539510503535
-0.02383231492018994
-0.023835565309640396
-0.02383830477486301
-0.02384037941952171
-0.023842164177960194
-0.023843896809036907
-0.023845675900416037
-0.023847820080555096
-0.023851107034096625
-0.02385562451018468
-0.02386127419843906
-0.023867970337543384
-0.02387564464716978
-0.023884284928056533
-0.023893901343774396
-0.023904479695558707
-0.023915988959672098
-0.023928446851673047
-0.02394187805175233
-0.023956188234645424
-0.023971295186357707
-0.02398713861709568
-0.024003594280751557
-0.024020451068584112
-0.024037617942848307
-0.024055035357968206
-0.02407267444212158
-0.024090032656222633
-0.024106799517069524
-0.024123074514223717
-0.024138915498428108
-0.024149459912637984
-0.024478174499840976
-0.02448399318903166
-0.024489693456977973
-0.02449526295342446
-0.024500698352289903
-0.02450599470798212
-0.02451113604902568
-0.0245161080266375
-0.024520902320884556
-0.024525515645904987
-0.024529940521745588
-0.024534160882422208
-0.024538163054325598
-0.024541941647149502
-0.024545487101584187
-0.02454879233982784
-0.024551829544139994
-0.0245545829054811
-0.02455704204481623
-0.02455920527638128
-0.024561061382408197
-0.02456259074378344
-0.024563783014178907
-0.024564637355966087
-0.024565147933524253
-0.02456531351654437
-0.02456513361344949
-0.024564608696403412
-0.02456374164992859
-0.024562534532054935
-0.024561021015524116
-0.02455935098518598
-0.02455755269467726
-0.024555639421193584
-0.02455361824731792
-0.024551501956764508
-0.024549314558248696
-0.024546939866710353
-0.02454435916334872
-0.024541564578138542
-0.02453862624522671
-0.024535506651485444
-0.024532231486505393
-0.024528801263719868
-0.024525287061577875
-0.02452167008661761
-0.024517901564524658
-0.024514065233870733
-0.02451016933236551
-0.024506224598074094
-0.024502237591042305
-0.02449821779537003
-0.02449417222309492
-0.02449010251778311
-0.024486014474656648
-0.02448190810022934
-0.024477787545455695
-0.024473654044822955
-0.024469509251248116
-0.02446535771185101
-0.024461197768064477
-0.0244570323173381
-0.024452863853244966
-0.024448691138127653
-0.024444516640050096
-0.024440343644234974
-0.024436173803960178
-0.024432008354348778
-0.02442784894342238
-0.02442369476256073
-0.02441954497532765
-0.024415402493936415
-0.02441126484394572
-0.024407134891731293
-0.024403174251618205
-0.024399241430603534
-0.024395328273065505
-0.02439157625851134
-0.024387977580531656
-0.024384687313919663
-0.02438151972344489
-0.024378827295086794
-0.024376281394497153
-0.024374007694711156
-0.024371726144608922
-0.024369638890885413
-0.024367788302259975
-0.024366181822254408
-0.024364822830698785
-0.02436372134497792
-0.024362933561082253
-0.024362475820493907
-0.024362354809724387
-0.02436257508273762
-0.024363197263232994
-0.02436434585609287
-0.024366024984490264
-0.024368232534629997
-0.024370966004386055
-0.02437418293638198
-0.024377808053309392
-0.02438183261360184
-0.024386251564295042
-0.024391061155981556
-0.0243961780280219
-0.024401496770084696
-0.02440700739337158
-0.02441270488540632
-0.02441858507564541
-0.024424583939248096
-0.024430633732493535
-0.024436723216948956
-0.024442842864419296
-0.02444898809673752
-0.024455121152618366
-0.024461204321086217
-0.02446722927935626
-0.024473191049940755
-0.02447720436652311
-0.02413100435205514
-0.024138223601132196
-0.024145094924241592
-0.024151601675016475
-0.024157769263258373
-0.02416362682661834
-0.024169123737278475
-0.024174161272019167
-0.024178738198244048
-0.024182879045883125
-0.024186605447302112
-0.024189858339308732
-0.02419255101608478
-0.02419469396299853
-0.02419630771843617
-0.024197424582151156
-0.024197998225130208
-0.02419797401132564
-0.024197359824499557
-0.024196166837363565
-0.024194407893238172
-0.024192053289042826
-0.024189069324864768
-0.02418546299758843
-0.024181256575902966
-0.02417646997330458
-0.024171145091494758
-0.024165335117906712
-0.024159090353385815
-0.02415243292053221
-0.024145411625081034
-0.024138335499551553
-0.0241315128354048
-0.024125089895232783
-0.024119133782254
-0.024113674777978846
-0.024108780233733713
-0.024104374834283997
-0.024100389795195645
-0.024096800029309223
-0.02409358041910257
-0.024090583638857837
-0.024087651658164087
-0.024084597655847015
-0.02408155674449337
-0.02407854376901219
-0.024075303281207154
-0.02407197679017549
-0.02406866026283511
-0.02406539795073853
-0.024062202124506837
-0.024059061649800827
-0.024055969940446054
-0.024052925316691544
-0.024049926879707757
-0.02404696766902179
-0.02404403411102298
-0.024041111365012614
-0.024038198616245527
-0.024035289246381743
-0.024032376660783658
-0.024029435006834944
-0.024026455649225488
-0.024023437348000137
-0.024020382937344983
-0.02401728669784366
-0.024014130148672694
-0.024010907092515802
-0.024007623688133153
-0.02400428318891886
-0.02400087947699978
-0.023997402659140517
-0.023993851522498732
-0.023990230155284214
-0.023986699725177935
-0.02398336104934848
-0.023980094427805514
-0.023976860442800427
-0.023973780879083986
-0.023970923483273596
-0.023968245986059414
-0.02396587537284553
-0.023964077598396926
-0.023963391202085613
-0.02396360072150047
-0.02396416491286935
-0.02396466312464418
-0.023964765473477333
-0.02396427661727332
-0.023963176084138647
-0.02396203757704252
-0.02396136887924856
-0.023961398050551135
-0.023962212271833976
-0.023963825502494297
-0.023966245718707084
-0.02396947096074872
-0.02397347574885134
-0.02397822131349702
-0.023983639908232338
-0.02398962837832862
-0.023996107407777117
-0.024003028413291026
-0.024010355745606022
-0.024018025616567847
-0.02402591082236559
-0.024033951677937013
-0.024042135319097584
-0.024050462121070156
-0.02405888632100584
-0.02406729075459826
-0.024075646046638227
-0.02408395895959599
-0.02409224858122077
-0.024100448918730217
-0.024108428494553063
-0.024116177150194377
-0.02412371833179667
-0.024128741794192814
-0.02421607008644889
-0.02422206484514221
-0.024227760930828145
-0.024233144390688233
-0.024238232822599907
-0.02424305120979277
-0.0242475772108638
-0.024251723371606405
-0.024255471076315947
-0.02425883776940556
-0.024261846322561124
-0.02426447288905663
-0.024266652242401387
-0.024268378147394593
-0.024269667655334767
-0.024270539903638866
-0.02427098039650484
-0.024270941058251807
-0.02427041574120629
-0.024269414862395772
-0.024267953317460133
-0.024266020669370617
-0.02426359399173997
-0.024260679796007444
-0.024257290013607984
-0.02425344738565197
-0.02424919056287658
-0.02424456947022755
-0.02423963037160771
-0.024234411959853867
-0.0242289560579612
-0.024223524675624452
-0.02421841826498848
-0.024213818635019552
-0.024209833046242236
-0.024206505474173967
-0.02420372364143655
-0.024200567912352772
-0.024196950652729175
-0.024193071750229018
-0.024189079663622975
-0.0241850840934231
-0.02418115252422891
-0.02417731497528218
-0.024173589302347948
-0.024169980720831902
-0.02416648898440654
-0.024163110054352337
-0.02415983985761036
-0.024156671782406422
-0.024153605390748706
-0.02415063319513619
-0.02414775392668499
-0.02414496092484433
-0.02414225413002952
-0.02413962809264383
-0.024137080713815047
-0.024134602919022117
-0.024132186413483185
-0.024129826609966716
-0.024127517754085573
-0.02412525198811595
-0.024123014918526406
-0.024120795002843132
-0.02411858156634362
-0.024116369660202534
-0.02411415470860862
-0.024111929350545458
-0.024109686960680294
-0.024107425439690335
-0.02410513991597519
-0.024102821373166508
-0.02410046527759318
-0.02409807288293533
-0.02409573230758819
-0.024093523100924972
-0.024091417723649002
-0.024089400582303615
-0.024087533156177496
-0.024085858569751494
-0.024084331283074516
-0.024083027938461964
-0.024082133910520467
-0.024082027935464673
-0.024082725591811283
-0.024083835864505174
-0.024084845643148074
-0.024085357163038834
-0.024085156567772343
-0.02408421738319527
-0.024082954186484113
-0.024081789151943242
-0.024080966324509137
-0.024080623060392412
-0.02408083617433147
-0.0240816806018039
-0.024083227062021373
-0.02408550974009634
-0.02408853042951789
-0.024092249427124526
-0.024096582458349485
-0.02410143879657188
-0.024106755985572464
-0.02411248378500021
-0.02411857031378636
-0.02412490515150756
-0.02413141912894238
-0.02413807460687849
-0.0241448597020707
-0.02415174307222373
-0.024158638058585986
-0.024165502856114702
-0.024172327965534705
-0.024179124605322923
-0.024185863635396147
-0.024192444172643282
-0.02419883519083941
-0.024205047132990657
-0.02420918148555508
-0.02411301472056458
-0.024117209474509085
-0.024121492786624194
-0.02412584386584836
-0.024130240360103992
-0.024134661078928022
-0.024139089036971095
-0.024143503543676063
-0.024147886313930892
-0.024152212926830573
-0.024156465582162487
-0.024160625596419922
-0.024164678898850357
-0.02416860304761894
-0.02417237897126169
-0.02417598675378729
-0.024179416003211027
-0.02418264556731462
-0.024185659292380757
-0.024188439340390052
-0.02419097117994733
-0.024193242811667636
-0.024195242194316652
-0.024196959335518624
-0.024198383900651224
-0.024199508357606727
-0.024200326074772932
-0.0242008378492436
-0.024201045721477167
-0.024200959647126086
-0.024200591591236824
-0.024199952815044452
-0.024199069802100674
-0.02419797080259477
-0.02419669606554746
-0.024195277121879008
-0.02419375005099344
-0.024192141375342213
-0.024190476198185974
-0.024188765871822376
-0.02418702304151047
-0.024185261215508853
-0.024183494059374425
-0.024181723658304517
-0.024179951367636617
-0.02417817280735525
-0.02417638560570851
-0.024174574254616124
-0.0241727298299695
-0.02417084912068866
-0.02416893671724736
-0.0241669959142622
-0.024165029617593026
-0.02416304363345581
-0.024161041622697322
-0.02415902529872453
-0.024156996688768653
-0.02415495752641759
-0.02415290822121055
-0.024150851272446663
-0.024148784232526754
-0.024146710011208723
-0.02414462451717182
-0.024142528597179948
-0.024140417731684533
-0.02413829276633184
-0.024136152099653772
-0.02413399244568808
-0.024131812997117346
-0.024129608859807087
-0.024127382095397745
-0.024125129437056362
-0.024122848015523553
-0.024120536549152787
-0.02411819508220872
-0.02411582604803117
-0.024113440559568777
-0.02411104477529272
-0.02410864485045972
-0.024106247332718784
-0.02410386458338363
-0.024101508907425337
-0.024099198904559284
-0.024096962857127695
-0.02409485635659477
-0.02409292393372825
-0.02409117061210248
-0.02408957215582623
-0.024088082657595072
-0.02408665188540775
-0.024085235830513505
-0.024083812013330753
-0.024082382453781
-0.024080972743473063
-0.024079602786914085
-0.02407831229649358
-0.024077130695190664
-0.024076097650724333
-0.02407525167486529
-0.02407462671926518
-0.02407424883093905
-0.024074141557968252
-0.024074319737574814
-0.02407479367514688
-0.024075571542990677
-0.024076655812410384
-0.024078045080234305
-0.024079731452031485
-0.024081703243664224
-0.024083954146999473
-0.024086471299398546
-0.02408924141188806
-0.02409224827337808
-0.024095474890570224
-0.02409890715885909
-0.024102529678261878
-0.024106318395960658
-0.02411025374404085
-0.024113002038581206
-0.024162503049367432
-0.02416326043379189
-0.02416404349568084
-0.024164850548007315
-0.024165676242150925
-0.024166520159056796
-0.024167378965607035
-0.024168243156537754
-0.02416911190745576
-0.02416998228556317
-0.02417084608860078
-0.02417170608791243
-0.02417255239882935
-0.02417338290449434
-0.024174194327220816
-0.024174984523230063
-0.024175749409319304
-0.024176482760926425
-0.0241771825057065
-0.024177843656002014
-0.024178465790269315
-0.024179043100355353
-0.024179573488111134
-0.024180052389630485
-0.02418047852784153
-0.024180850663590017
-0.024181172995630662
-0.02418145473355119
-0.024181695912341324
-0.024181905255451715
-0.02418207822158498
-0.024182219403842253
-0.024182337470266366
-0.024182438228857295
-0.024182527925988916
-0.024182609475731368
-0.024182684386770705
-0.024182688413039437
-0.024182630870825388
-0.02418252775104193
-0.024182394399213332
-0.024182231716710845
-0.024182048014123523
-0.02418184415546416
-0.02418161975093761
-0.024181381838053812
-0.02418112758301077
-0.024180856531285457
-0.024180572043464733
-0.024180275348750797
-0.024179966879927
-0.02417964825593069
-0.02417932487006833
-0.02417899217274465
-0.024178655957848783
-0.024178313345661645
-0.02417796474738959
-0.024177609769151766
-0.024177249247515156
-0.02417688194661309
-0.02417650701121282
-0.02417612371614763
-0.024175730356901494
-0.024175326165637175
-0.02417491149489567
-0.0241744851893733
-0.024174046787094353
-0.02417359343088124
-0.024173125564349373
-0.024172646471530942
-0.024172149953332427
-0.024171638510721287
-0.024171110917545407
-0.02417056593419473
-0.02417001094611948
-0.02416945004838022
-0.024168887795346775
-0.024168322507097436
-0.024167754615396792
-0.02416719233766109
-0.024166637296452003
-0.02416609653690173
-0.024165586250721776
-0.024165130220961093
-0.024164732835805072
-0.024164370684371696
-0.02416401809778925
-0.024163653580765995
-0.024163261767309825
-0.02416283557801612
-0.024162379999784947
-0.02416189919891309
-0.02416140475814046
-0.024160898781495747
-0.024160392468904675
-0.02415989736577573
-0.02415943213420285
-0.024159006709690598
-0.024158631391203025
-0.024158309109976933
-0.024158047627361273
-0.02415784859634435
-0.02415771486323834
-0.02415764767123857
-0.024157646950666616
-0.024157710610773667
-0.024157834910547144
-0.024158019020148917
-0.024158264122252915
-0.024158566519296452
-0.024158923690236443
-0.02415933395731219
-0.024159794403322853
-0.024160304197535364
-0.024160861712490374
-0.02416146068667622
-0.024162095766633113
-0.02416276733549702
-0.02416324261635
-0.02471216482562354
-0.024714150399299417
-0.024716275308603628
-0.024718537497770074
-0.024720932014145856
-0.024723459258106085
-0.02472610801124954
-0.02472886174999148
-0.024731712137924175
-0.024734650861927106
-0.024737674582374487
-0.024740771299670047
-0.024743923157544437
-0.024747117706504746
-0.024750344979528313
-0.02475359456839121
-0.024756846141757907
-0.0247600859407109
-0.024763299896874428
-0.024766475977155825
-0.02476960254324878
-0.024772663364259533
-0.024775636014512666
-0.024778510121105813
-0.024781269492408813
-0.024783904985445044
-0.024786405384373482
-0.02478876399246355
-0.024790970825680228
-0.024793015067467287
-0.024794894207240896
-0.024796621960133585
-0.024798214943897823
-0.02479967773581819
-0.024801015292596772
-0.024802232595184822
-0.02480332668261999
-0.024804259703275856
-0.024805027213862768
-0.024805636743068037
-0.024806093739189825
-0.024806402399033395
-0.02480656692241408
-0.024806589864359824
-0.02480648157012906
-0.024806241680004053
-0.024805878913533468
-0.024805392909675268
-0.02480479481634966
-0.024804091229253502
-0.024803286322445727
-0.024802381389416706
-0.024801385884020356
-0.024800297460136244
-0.024799121043477704
-0.024797860824739337
-0.024796519274546756
-0.024795098081154023
-0.024793602617078355
-0.024792034579480364
-0.024790394791367333
-0.024788688607981575
-0.024786916528575426
-0.024785083037373902
-0.02478318654748446
-0.02478123197451249
-0.024779220624257907
-0.02477715535438284
-0.024775036993662555
-0.02477286356836788
-0.02477063633330298
-0.02476835570165209
-0.024766024575323904
-0.02476364584573799
-0.024761221141577944
-0.024758754190922706
-0.024756248691567236
-0.024753711600905108
-0.02475114869051738
-0.0247485615786509
-0.024745954018819554
-0.024743329673564136
-0.024740695967434598
-0.02473806286861261
-0.02473544378608588
-0.02473285083732985
-0.024730283191222814
-0.024727740043156202
-0.024725222564375506
-0.024722731181610304
-0.024720284586130292
-0.02471790015615104
-0.02471558581620686
-0.024713349870100675
-0.02471120641652282
-0.02470917199040825
-0.024707263557600525
-0.024705491862761716
-0.02470386275060032
-0.024702378800454824
-0.024701046186438053
-0.024699869063242483
-0.024698850760136042
-0.02469799415672847
-0.024697305438001534
-0.024696783811239482
-0.02469643378265323
-0.02469625983153195
-0.024696262031376502
-0.024696440807578837
-0.02469679696872756
-0.024697323967894032
-0.02469802718447919
-0.024698907475333202
-0.02469996320240781
-0.02470118937696495
-0.0247025810661959
-0.024704137025659326
-0.024705286056113794
-0.024330020984644575
-0.024332252973177735
-0.02433460704726726
-0.02433707245683548
-0.024339643826785638
-0.024342311610063547
-0.024345065551637065
-0.024347885833857236
-0.0243507637230434
-0.024353692600789973
-0.024356660421187563
-0.02435965639414666
-0.024362664336617983
-0.02436567181127772
-0.024368664719849727
-0.02437163932282315
-0.024374574894807485
-0.024377461814127876
-0.024380282739100863
-0.024383029306956835
-0.02438569280657366
-0.024388257098925573
-0.024390713015010463
-0.024393047288341265
-0.024395252438430028
-0.024397316033884557
-0.02439923553778395
-0.024401004326521727
-0.02440261820566006
-0.024404072220909786
-0.02440536388725495
-0.02440650935419349
-0.024407527325053167
-0.024408433983422052
-0.024409242587284278
-0.02440996604865754
-0.02441060457172513
-0.0244111042415487
-0.02441146988393524
-0.02441170614737394
-0.024411821789836217
-0.02441181979113213
-0.024411704747285032
-0.0244114775592343
-0.02441114283557571
-0.02441070759132279
-0.024410173946653898
-0.024409546454659675
-0.024408830096326557
-0.024408030673149853
-0.02440715105752813
-0.02440619459638985
-0.024405165024677825
-0.02440406608862611
-0.024402899015833604
-0.024401669598653787
-0.024400377039174134
-0.024399027125284075
-0.0243976194454567
-0.024396157331346716
-0.02439464369801223
-0.024393077290750832
-0.024391462679945117
-0.024389798226336846
-0.02438808683501927
-0.02438632892905394
-0.02438452533180538
-0.024382678135820176
-0.024380790630812707
-0.024378856267536383
-0.024376879991600615
-0.024374863091301685
-0.024372805926340967
-0.024370708162394887
-0.02436857262858327
-0.024366401401489386
-0.02436419780279199
-0.024361963879349455
-0.024359700436704483
-0.02435741246003069
-0.024355104416429206
-0.02435278294769465
-0.024350456242972073
-0.02434813885744671
-0.02434584012336265
-0.024343566351949043
-0.02434131216988632
-0.02433907260243336
-0.024336840230003015
-0.024334615802071014
-0.02433241057460845
-0.024330238660888442
-0.024328112468554722
-0.02432604526014868
-0.024324049860682786
-0.024322145766210983
-0.02432035239770854
-0.024318679274408183
-0.024317143790044533
-0.02431575469570484
-0.024314524337756716
-0.02431345814293829
-0.02431255986168024
-0.02431183820835663
-0.02431129772127172
-0.024310942098280917
-0.024310775459435725
-0.024310807653995393
-0.02431103668010368
-0.02431146375964301
-0.024312081479661577
-0.024312889848842455
-0.024313881855842667
-0.02431506038052549
-0.02431641798987382
-0.024317943878544565
-0.02431963186400952
-0.02432147407378926
-0.024322811508682287
-0.025002154663839746
-0.025003967247649056
-0.02500596883137394
-0.02500815275569014
-0.025010504980976137
-0.02501301925913358
-0.02501568238141936
-0.025018485634107447
-0.025021418252815758
-0.025024470336980867
-0.025027630665524932
-0.025030887699340337
-0.025034231080465527
-0.025037650873841015
-0.025041131352460746
-0.025044662583635663
-0.025048235041807143
-0.025051832996573178
-0.025055447364920148
-0.02505906074470513
-0.02506266606182757
-0.0250662480114797
-0.02506979211747945
-0.025073287157262637
-0.02507671983813867
-0.025080076083042475
-0.025083344275219865
-0.025086511133783972
-0.025089565401106864
-0.025092495492544886
-0.025095291419104777
-0.025097944872124422
-0.02510045582753399
-0.02510282057563704
-0.025105044452608593
-0.02510713247291063
-0.02510908958775592
-0.025110907617087896
-0.025112573068060792
-0.025114071260163608
-0.025115390896122917
-0.02511653071094547
-0.025117484529247273
-0.02511825402377793
-0.02511884090998116
-0.02511924981393517
-0.025119484922246978
-0.025119552539476373
-0.02511945563759847
-0.025119200886918155
-0.025118795398658137
-0.02511824375872169
-0.025117554712638254
-0.025116734494271303
-0.02511578813265223
-0.025114722677838913
-0.02511354436252707
-0.025112259831374353
-0.025110872826744717
-0.025109388773907105
-0.02510781059217235
-0.025106145733949266
-0.025104396686862106
-0.02510256599442047
-0.025100660255446036
-0.025098679502154282
-0.025096628719021328
-0.025094510383246546
-0.025092327000255463
-0.025090081895212512
-0.02508777713789096
-0.02508541604323404
-0.025082997393388623
-0.025080526979305094
-0.025078004844024164
-0.02507543342994659
-0.025072814426372884
-0.02507015318501234
-0.02506744932651802
-0.02506470570894809
-0.025061926918653412
-0.025059113710733917
-0.025056269469230685
-0.025053397873286216
-0.02505050430492479
-0.02504759667946391
-0.025044678306730253
-0.025041757949762277
-0.025038838520720773
-0.025035923376392787
-0.025033015384764427
-0.025030122061346773
-0.025027250866002076
-0.02502441217325647
-0.02502161260259639
-0.025018865083121754
-0.025016185291955425
-0.025013586132426737
-0.025011086678013116
-0.025008701412705267
-0.02500645024513803
-0.025004347263955912
-0.02500240903023577
-0.02500064801881958
-0.024999079937681957
-0.02499771515239492
-0.024996563161384572
-0.024995631444962745
-0.024994927022649983
-0.02499445568294453
-0.02499422031410652
-0.024994221304609907
-0.024994459466653893
-0.024994930225613946
-0.02499563523856606
-0.024996566983518546
-0.02499772214047463
-0.024999091987389702
-0.025000140762990213
-0.024671273403477117
-0.024673603678749833
-0.024676134646848678
-0.024678859670372744
-0.024681765514875234
-0.024684845113547117
-0.024688081931293848
-0.02469147016288873
-0.024694996554488508
-0.02469864869146298
-0.024702414163584333
-0.02470627972235722
-0.024710234958469968
-0.024714257144912988
-0.024718337949427713
-0.024722460378038495
-0.024726610730402915
-0.024730770801741287
-0.024734925631418547
-0.02473906232818551
-0.024743159764605546
-0.02474720715224301
-0.02475118783745071
-0.024755086935000867
-0.024758888666260432
-0.024762581363187982
-0.024766151373660072
-0.024769584972965192
-0.024772869676356103
-0.024775995144611228
-0.024778951760988804
-0.024781733754177554
-0.024784336972803245
-0.024786769247027208
-0.024789031429609126
-0.024791125986309365
-0.024793057900402708
-0.024794808194932346
-0.0247963545076972
-0.02479767935993275
-0.024798777754267927
-0.02479964484164953
-0.024800285995963994
-0.02480070429997915
-0.024800906873245068
-0.024800901275147638
-0.024800700054704077
-0.024800305382959967
-0.024799731404926216
-0.024798983603110555
-0.024798072428577976
-0.024797005784532252
-0.02479579449262654
-0.024794444398059643
-0.024792967118862367
-0.024791368499521987
-0.02478965766710552
-0.024787840441392737
-0.024785921405368085
-0.024783909685380783
-0.02478180943904432
-0.024779624000669243
-0.02477736328168816
-0.02477502733225253
-0.024772624398119374
-0.02477015493063081
-0.024767627192778092
-0.024765039546873636
-0.02476239941429303
-0.024759710116688524
-0.024756973316807866
-0.02475419313432675
-0.024751372479980924
-0.024748513802630486
-0.024745618798289196
-0.02474269076146552
-0.02473973377344665
-0.0247367466767777
-0.024733733945424812
-0.024730698045402125
-0.02472764109007611
-0.024724567591519985
-0.02472147627225558
-0.024718370065073873
-0.024715255120107527
-0.024712129397816644
-0.02470899701458069
-0.024705864187546937
-0.02470273051029031
-0.02469960592697782
-0.02469649335060649
-0.024693406911124875
-0.024690357856973513
-0.024687363591449095
-0.024684437419502925
-0.02468159387223673
-0.024678855758309883
-0.024676240059875957
-0.024673760112558764
-0.024671438639668464
-0.02466929099611701
-0.024667329186165113
-0.024665566502088503
-0.02466401701866648
-0.024662691083618
-0.024661596602909355
-0.02466074060203386
-0.024660128464562236
-0.024659766829579093
-0.02465965983347194
-0.0246598079038739
-0.024660212674892167
-0.02466087291815521
-0.02466178526998541
-0.02466294890338944
-0.024664356349604996
-0.024666002188974787
-0.02466787813053106
-0.024669280798111662
-0.02520892088513909
-0.025210372299280685
-0.0252119985152478
-0.02521379118276298
-0.025215742077878255
-0.02521784412558071
-0.025220090722297184
-0.02522247356200477
-0.025224985668554918
-0.025227619962179898
-0.025230369037503614
-0.025233225848987743
-0.025236181339520648
-0.02523922764043459
-0.025242356079708254
-0.025245558798755407
-0.025248825510210234
-0.02525214580252371
-0.02525551067347586
-0.025258907212418465
-0.025262325526453272
-0.025265753178353875
-0.025269179783826437
-0.02527259046325564
-0.02527597562280412
-0.025279318302751395
-0.025282610979966525
-0.02528583705903156
-0.025288988249382867
-0.025292049547759474
-0.025295010992657366
-0.025297864271640172
-0.025300607704327852
-0.02530323880690285
-0.025305760033805105
-0.025308173869816344
-0.02531048651990227
-0.025312680713000527
-0.02531473662886056
-0.025316631317293937
-0.025318351395682122
-0.025319880306394198
-0.025321214355444918
-0.02532234988950215
-0.025323289865721053
-0.025324032734646246
-0.025324585231314093
-0.025324952805070237
-0.025325138046678176
-0.02532515098258508
-0.02532499664859456
-0.025324682550717587
-0.02532421867473583
-0.025323611283789137
-0.02532286908361381
-0.025321997945048847
-0.02532100573578337
-0.025319898286877085
-0.02531868224033439
-0.025317362599281083
-0.02531594517914157
-0.025314434532402192
-0.02531283567557647
-0.02531114945965569
-0.0253093849818724
-0.025307541015908114
-0.02530562420619
-0.025303634159924836
-0.02530157789222036
-0.025299453809670552
-0.025297267257194587
-0.025295017881017796
-0.025292712247540185
-0.025290347093214052
-0.025287929468064144
-0.02528545772494699
-0.025282937194276985
-0.025280368731683177
-0.02527775730913892
-0.025275101673663838
-0.025272409276570446
-0.02526968006499623
-0.025266916997461277
-0.025264124140550268
-0.025261304432203986
-0.025258463675809355
-0.025255604778176826
-0.025252731480623583
-0.025249847516312686
-0.025246953740546422
-0.025244058452976264
-0.025241166202654586
-0.025238285738264837
-0.025235428245474596
-0.025232605771154423
-0.025229831604328498
-0.025227121086921236
-0.025224490373538053
-0.025221955289866833
-0.025219535216192232
-0.025217242716003695
-0.025215096371410086
-0.02521310864547637
-0.025211289489242356
-0.02520965546271017
-0.025208214850017324
-0.02520697471580551
-0.025205940805773545
-0.02520512018955902
-0.025204515285308777
-0.025204127350307207
-0.025203957968077995
-0.025204003847017115
-0.02520426489114235
-0.025204737792902342
-0.025205416292587646
-0.025206293290161864
-0.025207367505277578
-0.025208203036438354
-0.025121451146444693
-0.025122857526148908
-0.02512444460279373
-0.025126204094790248
-0.025128132683662138
-0.02513022044200132
-0.025132458674405465
-0.02513484240229182
-0.02513736167384527
-0.02514000907629899
-0.02514277592973551
-0.02514565516469474
-0.025148636435218738
-0.025151706524959686
-0.025154859587570386
-0.02515808198334089
-0.025161363374901984
-0.02516469294875074
-0.025168060345903135
-0.025171453143353603
-0.025174856435320817
-0.025178263553637857
-0.0251816608339779
-0.025185038295937552
-0.02518838476591345
-0.025191688629674552
-0.025194937833837774
-0.02519812244659163
-0.025201232485624028
-0.02520425795764086
-0.02520718685160232
-0.025210012514257665
-0.025212730755366074
-0.025215337858440576
-0.02521783296865192
-0.02522021527486364
-0.025222488434504777
-0.025224638651876328
-0.025226647402667623
-0.025228496697868842
-0.02523017486544073
-0.025231672349023165
-0.02523298378569504
-0.025234107149909653
-0.025235042084553964
-0.025235789078152538
-0.025236356485285414
-0.025236743141038426
-0.025236954914342177
-0.02523699726827983
-0.02523687564803629
-0.02523659547906314
-0.02523616553076306
-0.025235589970179707
-0.025234875479311
-0.025234030766601637
-0.025233062096957175
-0.025231971550854687
-0.02523076826615067
-0.025229458070947796
-0.02522804429719656
-0.02522653317320588
-0.02522493009765155
-0.025223237599001642
-0.025221463074583096
-0.025219608276716186
-0.025217676465416835
-0.02521567349552115
-0.02521360223923762
-0.025211465604699616
-0.025209268583047586
-0.02520700951547383
-0.025204696293211776
-0.025202328896114675
-0.025199911881641245
-0.025197444858411695
-0.025194934028618745
-0.025192378155105034
-0.02518978341114394
-0.025187151072861836
-0.0251844815508679
-0.025181781012888524
-0.02517905030293639
-0.02517629273434854
-0.02517350786671448
-0.02517070151637027
-0.025167877768379223
-0.025165037537313344
-0.025162186571788606
-0.025159328201521863
-0.025156469503173132
-0.02515361671732677
-0.02515078227160546
-0.025147976550434232
-0.025145209538131357
-0.025142495354154568
-0.025139848061665866
-0.025137280960833855
-0.025134809819329418
-0.025132448315841455
-0.025130209297718063
-0.02512810937261247
-0.025126159706071485
-0.025124370306511802
-0.02512275314789522
-0.025121319016210505
-0.025120072475127864
-0.02511902224538493
-0.025118173255561548
-0.02511753090023142
-0.02511709723592707
-0.025116875117053173
-0.025116864137248344
-0.025117063011175375
-0.02511747132452676
-0.025118087350764536
-0.02511890735881393
-0.025119923449420534
-0.02512072634623139
-0.024565830657176376
-0.024569681038910638
-0.02457347525978084
-0.02457719950276234
-0.024580852858257708
-0.024584432877865825
-0.024587918258435572
-0.02459125989422354
-0.02459444816307447
-0.024597478146020882
-0.024600351962107348
-0.024603049582938304
-0.024605532014500497
-0.024607794763675455
-0.024609848249046305
-0.02461168973115572
-0.02461331008535012
-0.024614691939124134
-0.024615829936067986
-0.024616724916166375
-0.024617380998969398
-0.02461778077069154
-0.024617917174657188
-0.024617790583842628
-0.02461739396441189
-0.024616729734368143
-0.024615814591693496
-0.024614666280678474
-0.02461329980074776
-0.024611735943797557
-0.024609999820540584
-0.024608189225259126
-0.024606399942617884
-0.02460468305565033
-0.024603058095104855
-0.02460153997556114
-0.02460014076383846
-0.024598779064538886
-0.024597372859127643
-0.024595903605174406
-0.024594371371709483
-0.024592780866218973
-0.02459114048514415
-0.0245894521163196
-0.02458771759224269
-0.024585942910883108
-0.024584131482102443
-0.024582282196569775
-0.02458040222937597
-0.024578494072487207
-0.02457656191620929
-0.024574611946509086
-0.024572649592371876
-0.02457067562328194
-0.02456869873426321
-0.024566720128832622
-0.024564741449354516
-0.02456276478040448
-0.02456079013071258
-0.024558814994950707
-0.024556836542295523
-0.024554855194187025
-0.024552867644269116
-0.02455086896874023
-0.02454885630126212
-0.02454683126469094
-0.024544789751090413
-0.02454272888895964
-0.024540645833260405
-0.0245385376782282
-0.02453640573822102
-0.024534245863291757
-0.0245320584601855
-0.024529838997460265
-0.024527594071418277
-0.024525321590150573
-0.024523034294791086
-0.02452074491349365
-0.024518461202482494
-0.02451619138716942
-0.024513948150830186
-0.02451174175713031
-0.024509594190646085
-0.024507657030429824
-0.024506137215068627
-0.024505069348328842
-0.024504329032031022
-0.024503781765896484
-0.02450332781784167
-0.024502902497100864
-0.024502474330641375
-0.024502021479361646
-0.024501588822791964
-0.02450123349855981
-0.02450102331926732
-0.024501056539257337
-0.024501402897423957
-0.024502086242360225
-0.024503103233229896
-0.02450443824729903
-0.02450608805066722
-0.02450803558323573
-0.02451025665585962
-0.024512737052099
-0.024515443090786744
-0.02451832741412027
-0.024521367958224877
-0.02452454775987247
-0.024527859786928147
-0.024531287033542067
-0.024534798730672373
-0.02453837704917467
-0.024542017491284873
-0.02454571961911712
-0.024549462717183446
-0.024553213232731106
-0.024556957499958683
-0.02456069512767581
-0.024563233320014206
