291.71231181002526
291.93198336276186
292.1437873709739
292.3478885949215
292.544326931121
292.73167839738863
292.9008680068932
293.05737229280015
293.2017345180408
293.3341494742121
293.4529981662305
293.5520692879226
293.63581341733305
293.7045006588439
293.75837230251017
293.79695110161975
293.8186352788824
293.8245648521121
293.8149564124315
293.7901163358467
293.748333437474
293.6884153339969
293.612775226991
293.52181463405356
293.41592289953604
293.2972234334669
293.167804295339
293.02682716360357
292.87464780276383
292.71155550805133
292.54962915402933
292.3933761386287
292.23635432809556
292.07872667122416
291.9206733665088
291.7661840485651
291.6149040451503
291.4656754576234
291.31788116411985
291.17146268571065
291.02412141238585
290.8803454056588
290.7199495395064
290.57272817571817
290.4277111696922
290.27137993373583
290.12465047698726
289.97921937840914
289.83495730296073
289.6919818779187
289.5505327812313
289.41046576891824
289.27174032820756
289.1343487400678
288.9983520478947
288.8636982010771
288.7304725734233
288.59869684738385
288.4683324624029
288.3393820797934
288.21177075210716
288.0855627571433
287.9606748759977
287.837102418744
287.71481303759543
287.59393329696496
287.47418130086936
287.35566734536525
287.2383247116458
287.12203139511956
287.00665937803177
286.89234620280183
286.77909699091015
286.67603585164267
286.58906616022665
286.489058478669
286.3906715751181
286.35719039417955
286.29072796314654
286.2406136417797
286.1827263731318
286.14536910492603
286.13207593244704
286.2390589362441
286.25949596558615
286.2781497581249
286.2996319016422
286.32310949989284
286.34785828515857
286.38867302507714
286.4461127742424
286.5107063563192
286.58198796866
286.6597460855951
286.7516729678954
286.85688073687277
286.9736215268274
287.102109606378
287.2426542998714
287.39320806212976
287.55518578170324
287.7292089936138
287.9153531532739
288.11366553419083
288.32011461151535
288.536313493986
288.76209069155783
288.99727940058165
289.24143396272507
289.4891864390526
289.74124976867324
289.99738595125444
290.2574049832667
290.5198568545124
290.77263402982163
291.0216529291989
291.26717169788765
291.5090980100771
291.671489155191
291.9719128753107
292.18392179189414
292.385154403998
292.5765263896809
292.7588787342275
292.9326523469229
293.09649645148517
293.24878147526925
293.3892901104046
293.51813279643835
293.63538650055443
293.73882117147497
293.826879319555
293.89981954411826
293.95807347383425
294.0019563630378
294.03096529417826
294.0448154077724
294.04377038898133
294.02812872808465
293.9980565575347
293.95302464017834
293.8931188020805
293.8186536805971
293.72990923857964
293.6273909607005
293.51362677837665
293.38974592412745
293.2557773930253
293.1116461135375
292.95922898082136
292.8069709102842
292.6570030807762
292.5089663703011
292.36245596298176
292.21787059329614
292.07641951755414
291.93657744061505
291.7981911780529
291.6608288907563
291.5247418539758
291.38943436335404
291.25022618824426
291.1054107405658
290.96256539533033
290.8194524174208
290.6711831801565
290.52595542860684
290.3833153309079
290.2428626776914
290.104356254479
289.96760777436856
289.8325960604907
289.6992507503272
289.5674863266684
289.4373804681134
289.3088192449316
289.18181775672633
289.0563576833753
288.93236400724163
288.80977625705765
288.688515927225
288.568537689492
288.4498288224734
288.33240368787807
288.2160420923067
288.1006212448717
287.9862690850101
287.87300998088205
287.76075177323804
287.64956501722753
287.53933725151956
287.43004524774426
287.3217183095365
287.23007517835094
287.14762297445645
287.0597356789053
286.98948595976947
286.94646475846747
286.90980323520677
286.8689059970782
286.8401517573752
286.82678863596146
286.892660545594
286.99360482214973
287.0757196495946
287.14089452082106
287.19616061308824
287.2448787869744
287.2875202081925
287.3241350506896
287.36075983400315
287.4002340247634
287.4434681286265
287.4938755407444
287.5592072257876
287.6401252487444
287.7356988549483
287.84515328503306
287.9678864455276
288.10388588306824
288.2530746219603
288.41535630695927
288.59043553267304
288.77769423213425
288.9763117427489
289.1854381708292
289.40429105919674
289.6323079253591
289.8681151720073
290.1089934346166
290.3532316997407
290.59986933854805
290.84851694229417
291.09226636523164
291.32821984104675
291.5581495373212
291.7826697645244
291.93238065749995
294.565956645578
294.6494789903707
294.7314528920044
294.8117891367667
294.89045830198415
294.96739358374487
295.0424225407059
295.11529712500715
295.1858980108281
295.2541821104508
295.3200054119468
295.3829750051915
295.44275552282386
295.49924494704067
295.55232547844884
295.60185407307097
295.6475374208408
295.6891817834753
295.72663467586835
295.75983735389565
295.78856424883946
295.8124500777663
295.831320890851
295.84516139843123
295.85389355755706
295.8574840259806
295.85597172574455
295.84936337763753
295.8377316838625
295.82110017484155
295.8000293769101
295.77677982038756
295.7517569948953
295.725197193566
295.69718430470823
295.6679183978199
295.63748343229634
295.6043663365064
295.5688124412533
295.5308807718128
295.491402651037
295.45038143815503
295.40680366977756
295.3603187460296
295.3125178332746
295.26273047201914
295.20968045840897
295.15536107096113
295.0999299981662
295.04357611899127
294.9864492737931
294.92864431921674
294.8702402606897
294.8113153459082
294.75194887441603
294.69213309936356
294.6319476836764
294.571423039327
294.51055434643365
294.4494496862849
294.38805337878995
294.3264716798249
294.2646767804834
294.2027000864546
294.14056575289453
294.0782790677479
294.01590509704636
293.9534002937805
293.89083270590174
293.8281824499496
293.7654461034561
293.7026612067263
293.63980040100756
293.5769339886199
293.5182096963831
293.4599673369968
293.4020330608725
293.34809009032125
293.29785674292424
293.2495526901607
293.20236387711077
293.1594265186448
293.117849382795
293.08247693799797
293.0471637161525
293.01398260296855
292.983441326855
292.95558434757993
292.9304919883767
292.9088274452812
292.8928161833582
292.882724227273
292.87868135724847
292.880667689231
292.8893900377563
292.9060641672002
292.93065324423065
292.96314257399416
293.00348069599664
293.05097237316994
293.10455263040666
293.1640829866254
293.2295160583556
293.30075335538777
293.37638664805905
293.45472623841
293.53565024377417
293.61903871669466
293.70484936903154
293.79210976396314
293.8799469240831
293.9682060597339
294.056708420568
294.14545124091273
294.233854141922
294.3214512686297
294.4080905205729
294.49370515186746
294.5513194417195
294.881665493994
294.989177790741
295.09131197855623
295.1878786100682
295.279280964611
295.3659967215636
295.4471704229524
295.52134638709094
295.588569902084
295.64926654802167
295.70378859836507
295.75122139740324
295.79031229378126
295.8212388051747
295.8444049205454
295.860285885448
295.86817946990334
295.86722633872
295.8576010210377
295.8394368356037
295.812917438651
295.7774669285095
295.7326212086197
295.6784753801869
295.6153397754162
295.54346285576906
295.463468156053
295.37632048606446
295.28282112571776
295.1835273140553
295.07924476068035
294.97441625718824
294.8733551229524
294.77807187277875
294.6894474641255
294.6080088355001
294.53501378392036
294.46791166130606
294.4056584301949
294.3485822377649
294.296867028658
294.2495947439828
294.2035917033358
294.1534100086525
294.10210876528726
294.0501499620337
293.991134930416
293.9288381658403
293.8658529549791
293.80339397713504
293.74188874921094
293.68135237301357
293.6218367089047
293.56331181627326
293.5057106416558
293.44904097496817
293.3930493356299
293.3375803638026
293.2826178893477
293.22800565141307
293.17371778069094
293.1194761676725
293.06526355779835
293.0110090112977
292.95670527989404
292.9023502398336
292.84775583952796
292.79279996695175
292.73753758699405
292.682014374926
292.62616418972334
292.56986049417776
292.51312277260774
292.45599819127085
292.40258092925336
292.3554663174051
292.3116759881702
292.2702806763076
292.23441624626327
292.20252663283395
292.1718218072294
292.142212109693
292.1159600277516
292.10270841736593
292.1039471518403
292.11425208264603
292.1279070293884
292.1389380652877
292.1432408968594
292.13964974022
292.13599169692526
292.13938201620573
292.1532137615592
292.1787797597532
292.21626812214106
292.26564829405896
292.32677989202784
292.3992183544461
292.48226449164144
292.5749212531141
292.675588102773
292.78308842850447
292.89666457880486
293.0157366916961
293.1394875269394
293.2660463515134
293.39441800060644
293.5244064773697
293.6559898357906
293.78835967977454
293.91976079316646
294.0497973810873
294.1785878939551
294.3063918737729
294.43198820979524
294.55344251798834
294.6706630938074
294.7841432814209
294.8594200469226
296.71748609970746
296.8074825118416
296.8923675466459
296.9722676458156
297.0476776331826
297.1191314466082
297.1863366917055
297.24799419528694
297.3037992381935
297.35399663929223
297.3989438897871
297.43832380360044
297.4713253350333
297.497749648835
297.5178306197449
297.5318216131865
297.53923216105005
297.5391835243345
297.53161887617495
297.51681591919834
297.4950306934306
297.4661665411522
297.42987426520597
297.3862549407568
297.33547331466383
297.2778884657767
297.21415520510516
297.14518950686755
297.0718202469708
296.9947103132569
296.91484616482234
296.8370563372119
296.7663241915148
296.7055565548174
296.65619514037263
296.61873659085586
296.5889899860864
296.54382245495395
296.48712993507775
296.42511946664723
296.3609919465208
296.29675716314154
296.2336775634099
296.17227116210904
296.1127485442551
296.055157983842
295.9993664941152
295.94522107372404
295.892591544348
295.8413014982579
295.7913264109721
295.74258282985613
295.6949524971069
295.6483107044618
295.60264983069425
295.55788207005327
295.5139070006557
295.4706295731284
295.4279491168224
295.3857728507256
295.344058121214
295.3027041792334
295.2616064795179
295.2206720300547
295.17977403897953
295.13890207216946
295.0979264449432
295.0568043528708
295.015464279924
294.9738385200688
294.9319786448586
294.8898617443674
294.84754850829887
294.8050820549516
294.76477305661535
294.7287389646586
294.696411990395
294.66749108025624
294.6435403397969
294.6235380914479
294.6050373033151
294.5873006807699
294.57132765910444
294.563522643691
294.5676278942357
294.57993249299125
294.5934199382097
294.60174305658114
294.6012323856305
294.59093652959626
294.5767605236223
294.56489236635974
294.55906399505847
294.5612222065877
294.5725486095365
294.5939978165104
294.62639935373505
294.66999088433465
294.7245294988035
294.78916406851926
294.86246585955854
294.94296631175155
295.0296920745329
295.12194068898214
295.21896665898714
295.3191603247821
295.421537491083
295.5255982368108
295.63126407627243
295.7380843985703
295.84484617937227
295.9509323514155
296.05619751187925
296.1607796227645
296.2641545968394
296.3647962697478
296.46222080357
296.5565522676756
296.6191285055767
294.5590561292278
294.6265535373914
294.69517540825905
294.76466637381026
294.83472889950696
294.905042455126
294.97537732373644
295.0454281005008
295.1148955204937
295.18343390018555
295.25074422044867
295.3165566339508
295.3806117309625
295.44263114568014
295.50232173990344
295.55935050661435
295.6135922842264
295.66472887635865
295.71251760944665
295.7566743392142
295.7969962540393
295.83327752481773
295.86535622482353
295.8930548648393
295.9162401021318
295.93477805237626
295.94855585053
295.9575768248863
295.9619035378914
295.9617036073664
295.9571540531909
295.94845448331904
295.9360138542523
295.92027814295307
295.9018779641773
295.8812376172927
295.85890567065013
295.8352598837947
295.8105698697936
295.7849086397694
295.75843347038324
295.73139349203166
295.70406089702766
295.67653818743196
295.6488365641015
295.62089935057645
295.5925999295583
295.5635629857433
295.53350097832333
295.5023398839408
295.47019621339626
295.43710946977365
295.4031861794337
295.368585859547
295.3333542193543
295.29758045051176
295.2613183335917
295.2246590635948
295.1876450659926
295.15034092136386
295.112706881702
295.07485323958207
295.0367359775593
294.9983703272162
294.95971687323174
294.92083366284567
294.8816852331934
294.84228861859157
294.8026649397389
294.7627468286545
294.72259177848133
294.6821833116256
294.64150747609364
294.60052033783455
294.55924661064006
294.51780519216663
294.47651210958537
294.43562646144153
294.3953097053404
294.3557465358769
294.3171423374689
294.2795135132764
294.24286211520996
294.2074176338296
294.1739083142796
294.143133335983
294.1152594296771
294.09002566887665
294.06682340489
294.0448767039573
294.0235580746849
294.00247151520773
293.9817255562114
293.96169611082934
293.94269588434
293.92534526773426
293.9100686243031
293.8974372094588
293.8879987483278
293.8822167971761
293.88051157413366
293.8831635943465
293.8903691645233
293.9022833338214
293.9189599061863
293.9404126043626
293.9665885088107
293.9973111804614
294.0323822670227
294.0716372045549
294.1148814105933
294.16192996624375
294.21247338037165
294.2663356528109
294.3232366390586
294.3829632819177
294.4450642646602
294.5092138649234
294.5538141498161
295.8479865675845
295.86103445325074
295.87446885942717
295.8882209657132
295.9022504795325
295.9165414117675
295.93106191924
295.9456621560284
295.96028416757247
295.97490865274676
295.9894721906043
296.0039305734264
296.01816775324716
296.0321342593338
296.04579740703815
296.05909162140335
296.072015039785
296.0844125418414
296.096284768391
296.1075459754441
296.1181806893857
296.1281119903922
296.1372906116505
296.14564490202355
296.1531283390335
296.1597668673949
296.1656021644132
296.1708628733156
296.17554880268204
296.17981483236343
296.18358714942747
296.1869802777019
296.19007828858474
296.19295679851086
296.1957226962817
296.19842609996607
296.20095019727654
296.20186947567544
296.2015588151141
296.20040383633994
296.19863763968357
296.1963285757167
296.19360609779636
296.1904821454351
296.1869524345662
296.18314730605925
296.17894480646663
296.1743486321852
296.16939516978545
296.1641620575428
296.1585824995007
296.1527359764776
296.14664591078633
296.1403020617079
296.133796518525
296.12703593807163
296.12010517330987
296.1129406661176
296.1056217299945
296.0980966744713
296.09036927714584
296.0824515909843
296.07430471318395
296.065956588866
296.0573773560401
296.0486014612063
296.0395844186435
296.0303269029385
296.02081114750627
296.0111275355368
296.001130568613
295.99091656750664
295.9804686178575
295.96976771362375
295.95896272225207
295.94822500011594
295.93766031028815
295.92720253276184
295.9169445008701
295.90692544820087
295.89706781267614
295.88733970230845
295.8778578894614
295.8688372010245
295.8604067844024
295.85238820920614
295.8445297086566
295.8366133653795
295.8284804352165
295.8200211142828
295.81138435917865
295.8026784104293
295.79410993546384
295.7857331532324
295.7777156122208
295.7701756656374
295.7633808821456
295.75744340194075
295.752449740789
295.7484904884523
295.7455810457597
295.74374123759253
295.742974916484
295.7433231406375
295.74475673195786
295.74720643358944
295.750655808454
295.75508002337176
295.7604402836155
295.7667202376564
295.7738493833768
295.78181880015904
295.79056762611407
295.80006413862003
295.8103116630887
295.8211817954784
295.83257630472025
295.84451758243426
295.85291698234215
303.4390730295125
303.46878040127064
303.50072810518117
303.5349527043993
303.57136338667243
303.60995414506266
303.65051200469577
303.6926828149023
303.7363539479657
303.7813596543875
303.8276129337033
303.8750142970574
303.9232217691508
303.9720816959336
304.0214547687507
304.0711319526829
304.12080962188685
304.1702903769405
304.21936183764757
304.267891106807
304.3156364538328
304.3623500470021
304.40771107790385
304.4515034853031
304.49350563397076
304.53359651018116
304.571612383643
304.6074808684663
304.64098777278707
304.6720386553971
304.70056290519324
304.7268051928934
304.7510788971142
304.77346887674076
304.79405701045545
304.8128945882839
304.82993480022463
304.84430121068357
304.85604153871515
304.86523132402334
304.8719966134587
304.87642319829894
304.8785918284891
304.87855826860897
304.8764514249683
304.87231218111276
304.8662504672938
304.858269172829
304.8485198634838
304.83707470983126
304.8240502293111
304.80944749138087
304.79340747056784
304.77594345943476
304.7571264228469
304.7370207752783
304.715667939541
304.6930659296999
304.6693643878396
304.6445424916509
304.61865094356153
304.5917055666713
304.56381179546133
304.5349465548141
304.50515554664526
304.474442606432
304.4428950132135
304.41053086945806
304.3773425346852
304.3433366634805
304.30855835143643
304.27299608162264
304.23671413351695
304.1997333088986
304.16207449796985
304.1238039414244
304.0849578304621
304.0456063776102
304.0058328635207
303.9656442093471
303.9251077963031
303.88427373368677
303.84330732101677
303.80241175983457
303.7618408339926
303.72187071474167
303.68247642395744
303.6435967063781
303.60526977921455
303.5674335957581
303.5304309638111
303.4945223051938
303.45982385605964
303.4264718017158
303.3946888756821
303.3647052885788
303.3367222530489
303.31095794881105
303.28748669133626
303.2663791871774
303.24770378626204
303.2314800110157
303.2177023429573
303.2064284702204
303.1976996570367
303.19154848932635
303.1879979502384
303.1870638628559
303.1887704027412
303.1931383374665
303.20015447861863
303.209754595096
303.2220372970103
303.23698432282356
303.2545737482373
303.27470487435477
303.2972379890178
303.32213879397466
303.34036657747197
298.3361652882356
298.36948481202313
298.40469783004113
298.4416718792204
298.4803271502605
298.5205385884605
298.5621917506384
298.60500354274075
298.64881628335604
298.6935234542217
298.7389575808945
298.7848861943374
298.8310173848505
298.8771940972366
298.9231536005095
298.9688811045303
299.0140082066671
299.0583956462312
299.10181645769796
299.1441102804489
299.18512425598044
299.22466794684976
299.262503848795
299.298554290203
299.33256856028356
299.3644530381346
299.3941163687785
299.4214952060788
299.44654915735913
299.46917227762054
299.48940326098057
299.5074508305889
299.5236838432491
299.53838589113826
299.5517365004776
299.56395161948
299.5748550038493
299.58305362584053
299.588913799522
299.59260304559183
299.59428069231944
299.5940448498171
299.59205005509216
299.58827317158443
299.58284726934465
299.5758245528669
299.56725782384495
299.55717988457235
299.5457056537173
299.532884142721
299.51877814694427
299.5034170270751
299.4868542665944
299.469187315361
299.4504234895645
299.4305909182393
299.4097406067544
299.38794484524107
299.3651988191484
299.34152416263044
299.31699551144806
299.2915970005321
299.26538147699284
299.2383594828403
299.21054830678753
299.18200301306985
299.1526883641968
299.12266680646366
299.09194587508296
299.0605193493172
299.02840491678734
298.9956718166418
298.96229318044084
298.9282926648018
298.8937280423055
298.8586158868973
298.8230584195112
298.78707982372777
298.75069343299276
298.71399241537307
298.67699367790465
298.6398217649609
298.6025949688571
298.56563066937963
298.5290796712755
298.49308829209104
298.4575877446286
298.42249541881176
298.38767339662564
298.3531312546279
298.3190621648421
298.2857026211931
298.2531935793687
298.221759810075
298.19160429827855
298.16299238347
298.1362246193523
298.1113903558724
298.08881322077445
298.068599994801
298.0508971261902
298.0357848214218
298.02328123373707
298.01343211172076
298.0063740694334
298.00211307981345
298.00072303311583
298.0022874873872
298.0067937949073
298.01429813671507
298.0246484094119
298.037907747199
298.0539163977791
298.0727541095866
298.0942883507911
298.11832441486024
298.1447999914939
298.17356504041754
298.1943524213155
304.7793085297627
304.8101951270179
304.8437596304602
304.8799333220156
304.91850438968214
304.9593639805236
305.0023865791027
305.04743574037315
305.09433077896915
305.1429773655195
305.1931781338136
305.24478031711243
305.29762853070116
305.3515827001734
305.4063751914509
305.4618861375079
305.5179357008704
305.574309684857
305.6308514108457
305.6873419494611
305.7436166101995
305.799484000084
305.85472424052926
305.9091709077496
305.96254936521774
306.0146958672751
306.06543057718585
306.11452196651567
306.1617779348184
306.2070688218963
306.2502019786239
306.2910909450914
306.3297501310842
306.3661106653421
306.4003204312218
306.4324909732527
306.4626458820733
306.4904804627548
306.51554863363344
306.5375000250889
306.5561428822559
306.57155462075036
306.58370910979653
306.59267745816487
306.5985672300133
306.60150359208063
306.6016157898448
306.59901163875134
306.59380790220064
306.58608999970085
306.57600096843595
306.5636455610356
306.54913709093097
306.5326406986382
306.514209386355
306.4939608663686
306.47204164530825
306.44851853842084
306.42347717078
306.3970047521453
306.3691647340573
306.3400729099834
306.30974460114146
306.2782715790095
306.24571048135294
306.21209993387413
306.17748165288896
306.14192561525437
306.1054542013566
306.0681369505613
306.02996576749143
305.99102908236125
305.9512754631336
305.91083174822586
305.86971969657776
305.8278906247392
305.78547704651544
305.7424932309471
305.6989958051804
305.6550073144251
305.610635360431
305.56583527027567
305.520692743723
305.47526980587304
305.42960811939525
305.38390871994676
305.33815603276116
305.29255010673927
305.2471489471142
305.202015651764
305.1571795979975
305.1127606139056
305.0689299440307
305.02578547201057
304.9834895170402
304.9422449949425
304.90228933857975
304.8638299408835
304.82718909241345
304.7925685503433
304.7602773317752
304.7305243238865
304.7035327405602
304.6795131265171
304.65866742787506
304.6411328487648
304.6270231214405
304.61644741575043
304.60946120731904
304.606126249372
304.60646148549864
304.6104635735962
304.6180646785596
304.6292162463576
304.6438581598565
304.6618845674735
304.6831992216954
304.7076653597151
304.72598810983277
298.8613229466539
298.9008260569551
298.9434313900989
298.98900613890714
299.0373925983764
299.08849939567966
299.14206384789577
299.1980485225836
299.256210860604
299.31640272423243
299.3784018595206
299.44205299118954
299.5071255088719
299.57329407477675
299.64038839455634
299.70815326075166
299.77633763139835
299.8446660883458
299.91289549919867
299.9807885395739
300.0480323533217
300.11442994452744
300.1797067298006
300.2436158505898
300.305901767576
300.3663560861343
300.42475416078264
300.48086299585276
300.5344609094192
300.5854276638818
300.63352342589167
300.67870744272
300.7209042034982
300.76020792668646
300.7966481385234
300.8302900628479
300.8612170422345
300.8887522463727
300.9123018374723
300.93163280830817
300.94670330640815
300.95759721734765
300.96441672655305
300.967334065332
300.9665623411184
300.9622286736972
300.9546080621271
300.9437970793747
300.9300189600632
300.9134287330259
300.89420491897283
300.8725164945613
300.84855551085917
300.8224732741315
300.7944008810011
300.7645079589681
300.7329156456672
300.699780175273
300.66513831278866
300.6291963374812
300.5919977811839
300.5536280238079
300.51420914102846
300.4737697021844
300.43244435235243
300.3902293568669
300.3472654599197
300.30351294482506
300.2590917769216
300.2140422984754
300.1683778611827
300.122182688547
300.0754583169295
300.02826269781775
299.9806273152226
299.93260115396555
299.88419906367574
299.8354610270027
299.7864372122543
299.7371324116421
299.6875677106319
299.63783766142865
299.587902283586
299.537805667572
299.4876545359999
299.43741008938355
299.38714601777576
299.33699652580975
299.28693711293624
299.2371418183181
299.1876824377593
299.1387763288523
299.09067973857634
299.0436344313825
298.997872014148
298.95363482996345
298.9112213124148
298.8709706378733
298.83305569567085
298.79777018637304
298.7653926281412
298.73608486716086
298.71004522402114
298.6875123061022
298.6686191770762
298.6534841528438
298.6422295709015
298.6349436458592
298.63169374032384
298.6325752341472
298.6375779060248
298.64674773492743
298.6600225494088
298.67730347281685
298.6985982141186
298.72376688349084
298.752657652411
298.78517293753526
298.8092624636218
307.1813960909479
307.20775866797607
307.2366159208941
307.26783693683774
307.30131041855117
307.3369513352301
307.3746885378049
307.41437313788003
307.455948145614
307.4992652754528
307.5442639839974
307.5908069274145
307.6387788948139
307.68808200949053
307.7385448571704
307.79004597208797
307.8424804382894
307.8956461514298
307.9494750508734
308.0036992457413
308.05823299450446
308.1128681793145
308.16744624783064
308.2217430989919
308.2755734496597
308.3286567591926
308.38090827854916
308.43202286388424
308.48191260049515
308.53025571243137
308.57694740118603
308.6218330819924
308.6648819947616
308.7060959828493
308.7454925284722
308.783138550967
308.81916314182206
308.85297166839933
308.8840765209316
308.91206981955986
308.93673513334664
308.95790247434036
308.9756438699795
308.9899660684437
309.0009536044435
309.0086588155019
309.01325665113166
309.0147825969193
309.0133403329792
309.0090879928567
309.0021557664086
308.99263181826853
308.9807134541629
308.96653150987976
308.95020976378777
308.93188569351827
308.9116958822453
308.88974740402733
308.86613311209044
308.84099964048727
308.81440924257834
308.7864590607606
308.757231333258
308.7267788969543
308.69522690738245
308.66254057172506
308.6288650631032
308.59419934731955
308.5586242850923
308.52216671643004
308.4848472745328
308.446756298914
308.40790605573926
308.36827981289133
308.32801369612076
308.28707279724676
308.24555412121015
308.2034329277959
308.16086589397673
308.1177906406306
308.07434973824155
308.03053240370105
307.9864111140215
307.9419831547335
307.89730525475017
307.8525060155232
307.80759945418396
307.7626605439086
307.7177659479371
307.67288547936545
307.6282191499127
307.5837899318455
307.539786682326
307.49636243840047
307.4537521450432
307.41214813483185
307.3717929109892
307.33293028623757
307.29584487139346
307.26078894663976
307.2280149970262
307.19773332615097
307.1701811849465
307.1454795255811
307.12385909535146
307.105440144721
307.0903014185782
307.07853114620156
307.0701870336041
307.0652695508721
307.06383431770655
307.06579286898966
307.07110692194874
307.07972031651417
307.0915477260913
307.1065137945389
307.1244125567994
307.1452019207241
307.16086955635234
304.9979764693369
305.02320874592755
305.0512279442638
305.08186906243816
305.1151359270581
305.1508326738204
305.18890667611765
305.22923457680116
305.27169954046195
305.3161854821698
305.3625733562376
305.4107493729406
305.4605341318904
305.5117523857152
305.56426419335924
305.6179065975292
305.6724647604537
305.72775549758654
305.7836333221538
305.8399106550026
305.89631875497935
305.952754743938
306.00897506166126
306.06483959758094
306.1201647547071
306.17475413313014
306.2283842569259
306.28090746906935
306.33215224040214
306.38195083313605
306.4300774415565
306.4764740673297
306.5210154760705
306.56366175367594
306.6044342819182
306.64325246111594
306.68022618060076
306.71495345756523
306.74697666989425
306.7759307953477
306.80166790851945
306.8240570652703
306.843104349221
306.85876320089415
306.8711372990066
306.8802332532874
306.88624397783514
306.88917949097356
306.8891329337201
306.8862360319436
306.8805699715281
306.87225755642817
306.86146379640905
306.8482591996836
306.83280723636904
306.8152144207382
306.79562826614915
306.774107909234
306.75079437720444
306.7258011827619
306.69922716313624
306.67115141529786
306.6416701225265
306.6108787486216
306.5788387089446
306.54562988741435
306.5113096225531
306.4759862131643
306.4396782728679
306.4024643149111
306.3643971587225
306.3254754431546
306.2858405226479
306.24548356670016
306.2044428038349
306.162770845498
306.1205290089822
306.0777200526086
306.03443085824654
305.99068545431953
305.9464935635584
305.9019268016141
305.8570371258022
305.8118553714386
305.7663581659618
305.7206903994761
305.6748337628082
305.6289035128414
305.58293715418216
305.5369961995402
305.491235649485
305.44575243853876
305.40072609215974
305.3563456793382
305.3127485690199
305.2701995012661
305.22888000310684
305.18900626967053
305.1508459992942
305.1145964928673
305.08045977736833
305.0486811297721
305.0194553501676
304.9929465115131
304.96931519590703
304.94871668452015
304.9312621507756
304.9170842007481
304.9062170730292
304.89876371292627
304.8947344308846
304.8941550531724
304.8969950245742
304.90321683341443
304.91279267255584
304.9256543459144
304.94173599278264
304.9608686122448
304.97562087084884
301.4204270586342
301.48049725572776
301.53977916875533
301.59833502557905
301.656127706902
301.71307267696835
301.76869807998395
301.8218550575878
301.8722861139033
301.9198584534122
301.96466369152597
302.00628874366913
302.0441895781816
302.07837804423974
302.1091490809613
302.13659077435545
302.1605930638101
302.18098986182895
302.1976486316525
302.21061412371904
302.21986072290224
302.2252130324962
302.22656291620103
302.2238774244386
302.2171080650018
302.2062271591122
302.191411679203
302.1728025328729
302.1506957986747
302.125498850952
302.09780671468883
302.0693960208342
302.0420477120203
302.01650791214206
301.9929464169733
301.9714655384123
301.9521766853841
301.9321961039527
301.9099291470863
301.88565491456836
301.859762283485
301.83263253993675
301.80458370527975
301.77584356249906
301.7464674006295
301.7166160202284
301.6862427679075
301.655351441787
301.6239418148533
301.59204649045466
301.55970254439796
301.52696578081566
301.4939470446718
301.4606175307282
301.42709248380777
301.39339733068323
301.35953099619
301.3255599639365
301.291496197055
301.2573600745642
301.2231365927239
301.1889104837201
301.154539484916
301.1200366433565
301.08537125027493
301.050480631476
301.0153753195099
300.98003183852745
300.9444503123225
300.90859301860434
300.87253737618727
300.83623153528083
300.7996762417029
300.7627683397612
300.72561046490915
300.6882302723645
300.65096434852995
300.6140652951407
300.57777007972584
300.542207892481
300.507538239326
300.47377940870786
300.4408951976066
300.41186386638236
300.3917359488075
300.38029491084507
300.37378102729366
300.36941709763704
300.36578642333444
300.362176592683
300.35835354096724
300.35424734246925
300.350766258465
300.3488945021591
300.34971144370786
300.3547495049175
300.3650172436237
300.3806476324943
300.40133985868016
300.42678753329295
300.45693711036563
300.49154280879054
300.5301701561947
300.57265669378853
300.6184709337923
300.6668947583485
300.71762844771337
300.7704050144116
300.8250939841173
300.88149904560714
300.9391148441539
300.9975754845683
301.0567956396787
301.1167163025284
301.17694264187986
301.2369046868924
301.2964942170635
301.3556830806551
301.39576307527244
