289.47725577768324
289.6551229108292
289.8264168425895
289.9926431426062
290.15382911283257
290.30867250911143
290.44915511580484
290.58000306348646
290.70165954432434
290.81421109777494
290.91564587617466
290.99873711869566
291.0690583970158
291.1268553419825
291.1723362605484
291.2056677876089
291.22680852056163
291.2353747738301
291.2314971044531
291.215443208578
291.1853536922687
291.1399696098778
291.0816736985903
291.01080674901243
290.9277215754457
290.8343573092229
290.73250348506355
290.6213528241601
290.50115355224835
290.37218556636907
290.2445435547628
290.1214158477103
289.99759497415914
289.8732374663667
289.7484996491649
289.6269580858363
289.5081664567967
289.3913758896574
289.2759156792641
289.16171412289265
289.0496730960602
288.9400774216573
288.7983795756236
288.67800241209244
288.55989518911383
288.42901776894365
288.30782695222973
288.187539981585
288.06797071360467
287.94931846042346
287.8318425800166
287.71538598264215
287.59990623783574
287.48538261465166
287.3719005497965
287.2594103252944
287.1479984684843
287.03773637985427
286.9286056015977
286.8205663881365
286.7137939407543
286.6081277791528
286.50350864643036
286.39997275456295
286.2974043019158
286.19576235844335
286.095038948213
285.99533553804997
285.89658350251017
285.7987071263455
285.7016891467707
285.60555470316416
285.51031195178655
285.4257493655599
285.358122198829
285.2762492250419
285.1959713458851
285.2281620966191
285.1907015187816
285.1529132426042
285.1046500823822
285.0807045591328
285.0495521700048
285.1516459482992
285.16586317151865
285.1749370392017
285.1850567558445
285.19552521486867
285.2058122018081
285.2334935638785
285.27879995431863
285.33112140696505
285.3900226086536
285.45533268265126
285.5314214380117
285.61792186575
285.7140003093686
285.81967339471794
285.9350690972724
286.0579982640187
286.18956757548284
286.33041062298315
286.4805572991946
286.64004919720054
286.80349680321734
286.9737794823593
287.1508340464394
287.3345461109308
287.5245576073534
287.71899930697754
287.91714631333747
288.11862057120777
288.32329680247653
288.5299704111849
288.72958588043315
288.9266611950213
289.12122516375496
289.3132568478516
289.44229048177107
289.8556963120228
290.0228557864704
290.18274581100536
290.33583052773747
290.4827549047196
290.62382739144005
290.7576855600865
290.8827073487725
290.998788020224
291.10600333841444
291.20442912152333
291.29172196426185
291.36614428121726
291.4279010211532
291.4774468185758
291.5150431287558
291.5406196220748
291.55413471544296
291.55583719213985
291.5459363099947
291.524518406903
291.49094072356786
291.4450942593569
291.3872223188172
291.31752788205995
291.2364858256348
291.14625290974016
291.04786818716815
290.9413414504644
290.8265675654667
290.7051499052217
290.5841246473867
290.4652038926813
290.34800921020445
290.2321377805591
290.1178607673053
290.0060950025384
289.89592172945737
289.7878918638883
289.6816046243957
289.57753204982106
289.47633234979685
289.36670573304576
289.24523462734146
289.1251925325182
289.0048130426879
288.87879018277556
288.7558349527634
288.63542336824725
288.5170641697768
288.4004460899526
288.2852449007249
288.171475938051
288.0590419335729
287.9478872923721
287.83820320993647
287.7299581432911
287.62310614557464
287.51757326457613
287.4132980304346
287.31022540997066
287.208252165895
287.10733408445174
287.0074575746619
286.9086425326835
286.81073036962357
286.71364282432984
286.61754073882355
286.5224238354136
286.4281669421903
286.3347476682318
286.2420236333144
286.15000381154385
286.05877331524874
285.9852121338889
285.9214470556189
285.85181879444883
285.81406146450865
285.8235302551255
285.82857653037706
285.8203886553165
285.8128908182387
285.7968069915833
285.8391865670007
285.9200501643286
285.9862142352951
286.0376667012385
286.0804451840339
286.11728253438577
286.14874471482074
286.1764952748143
286.20542248074014
286.2375774125084
286.273681804911
286.3162187838217
286.37011430162215
286.43589987356177
286.51316527344767
286.6012287362568
286.70001585229204
286.81016650836324
286.9312350026637
287.0628421903549
287.2046515256665
287.35562698408035
287.51436777887875
287.6803052964675
287.85290860951164
288.03182972416283
288.21668056693994
288.40558658503903
288.59686680351354
288.7896857037882
288.9837230847472
289.1725773479205
289.35502032664823
289.5333106825843
289.70790164855555
289.8245447695554
293.9314596074101
293.99829341747284
294.0639692778686
294.12849283409764
294.19183363457086
294.25396339762256
294.31469488230766
294.373750560949
294.431096673358
294.4866591224209
294.5403110491622
294.59164078268265
294.64026318741196
294.68611328829826
294.7290960487422
294.7690822315339
294.80584938964273
294.8393111538948
294.8693125469447
294.8958069601082
294.9185724475826
294.9374279320415
294.9522815929528
294.9630549270942
294.9697418301641
294.97225831170516
294.970674332163
294.96496858844904
294.95523350367944
294.9414878656587
294.9241823648492
294.90514490476085
294.8846319157874
294.86282832768705
294.8398565131607
294.8158298565316
294.79084128726726
294.76382466895194
294.7356643785836
294.7064125586927
294.67643620135556
294.6458183452623
294.6120199891485
294.57420236020596
294.5349448415271
294.4936184067873
294.4489184554853
294.4029355802714
294.3558731648022
294.30789514930007
294.2591785774662
294.2098285329832
294.1599192003398
294.109516123285
294.05870619508283
294.0074957586251
293.95591847844634
293.90403922217354
293.8518203728094
293.799399761538
293.74670389165357
293.693815426346
293.6407156926502
293.58743087684564
293.5339944168542
293.4804243097551
293.42680371415173
293.37307345148713
293.31933241235646
293.26551377498595
293.2116406484546
293.15772138296865
293.103750765356
293.04978939984323
293.0002737434903
292.9513149512788
292.90265620467466
292.86077839899593
292.8251639289286
292.79090900471533
292.75751422119134
292.7267190262492
292.69611964265306
292.67149023632584
292.6475294781953
292.62519529594414
292.60478996919414
292.58632186079285
292.5698120593229
292.5559586336475
292.5469397357547
292.5429374212751
292.5440467749888
292.55023723038113
292.5618983751938
292.5795910575228
292.60314375185754
292.63264090152035
292.66801889303935
292.7086786908244
292.75388403549795
292.803512683367
292.8575362923063
292.9159188640711
292.9775289771796
293.0411147993468
293.10660004260353
293.1738838760866
293.2429091374748
293.3129799935792
293.3834519893436
293.45426687964635
293.52523584072117
293.59640748000373
293.66726928015385
293.73746100372733
293.80687760597965
293.87544373887584
293.9215980157098
291.47912545654606
291.5649381193732
291.6463449351946
291.72342144540073
291.7964712124823
291.86587521356336
291.93086978185033
291.99018485628767
292.0439304215632
292.09241331721427
292.13589734076595
292.1736280821798
292.2045675829076
292.2288319878816
292.24677766402306
292.258809880298
292.26441191822937
292.26293083907
292.25450331102854
292.2392346182098
292.21724025796647
292.1879845015744
292.1510574637275
292.1065318983195
292.05470578056105
291.99578113182804
291.93032532729933
291.8592319008035
291.78323571480263
291.7029864887266
291.6191903012846
291.5354275323938
291.4551437851587
291.3798970805998
291.31036324963355
291.24699241226085
291.19126232806985
291.1408381682069
291.09529288291856
291.05556402207
291.02207911049936
290.9943931019501
290.96748975481535
290.9317162963722
290.89228250193617
290.8509408525767
290.80127172618575
290.7476256177136
290.69288900885505
290.63842264521634
290.58476654740025
290.53200147654417
290.48024258699155
290.42941722729176
290.37948862754195
290.33043179505177
290.2819845597536
290.2340594439248
290.1866191549174
290.1394994445213
290.0927388387652
290.04608484644046
289.9995831701905
289.9531461183386
289.90673933620155
289.86041854017327
289.8139944789109
289.7673592769557
289.7205621889123
289.6736385683708
289.6264645976665
289.57902836486574
289.53130708111235
289.4833297781097
289.4394657276589
289.4025650729328
289.3693665467278
289.3401650142732
289.3214329427705
289.30987585297663
289.300229015278
289.2891959165172
289.27405842649875
289.2628938035785
289.2606626249053
289.26538343779094
289.27356234688074
289.280276639189
289.2819307091714
289.27742251375173
289.2728082397032
289.2737581879344
289.2830729618484
289.3019384589652
289.3305925234253
289.36899987850325
289.41696251586336
289.4741244885252
289.5399130419852
289.6135017022925
289.69367786707386
289.77953912675224
289.8704332741857
289.9659222903249
290.0654348313742
290.1675859713543
290.2715337232111
290.3770399149293
290.4840408764143
290.59167818199717
290.6983280149911
290.80375224979537
290.90808429953864
291.0115379636939
291.1131397733564
291.2113996180478
291.306172666838
291.3977767463417
291.4584485827828
293.3616609434412
293.43393061610163
293.50214330682184
293.56653155973925
293.6275049445797
293.6855437407103
293.74039261350833
293.79096073267925
293.83701587882763
293.87872823173507
293.91635718679476
293.949660267951
293.97806139137026
294.0013153368036
294.0195662693981
294.0329055754855
294.04076283055997
294.0422697047326
294.0373646044628
294.0262754449114
294.00928846320056
293.986320243842
293.957201123266
293.9219859988187
293.8808797745594
293.83419079585235
293.78254873051486
293.72674341427916
293.66752021174466
293.60542471818286
293.5414824621336
293.47992610984335
293.42488627969465
293.3785808517666
293.3421160071986
293.3157066898381
293.29494148969434
293.25715404515506
293.20838251669716
293.1551847935875
293.10055501007986
293.04627184211074
292.99345290842416
292.94238176919885
292.89301026822807
292.84522041853796
292.79879254306707
292.75350704384493
292.7092791373384
292.6659353224886
292.62347968894574
292.5818529760373
292.5409578591045
292.5005979700597
292.4608014980056
292.4215223232096
292.38264651336306
292.34412783341975
292.30589641285997
292.2678866626651
292.2300738419738
292.1924732266787
292.1550006907685
292.1177326161721
292.0805366246419
292.04343871135563
292.0063960631238
291.9693192734265
291.9322323575448
291.89505553752576
291.8578294933859
291.8205653241157
291.7833420541776
291.7462020717937
291.7116253326741
291.68196962108664
291.65669113559784
291.63621553110744
291.62428595751777
291.6193159007203
291.6173655403987
291.61526127711926
291.6098702401102
291.60515111645185
291.6059675589099
291.6115690759413
291.6178537728141
291.62050540217297
291.6169294866752
291.6062442687763
291.59313118874144
291.5823894249366
291.57695628864127
291.5782975108203
291.58730403443604
291.6046631336983
291.6309771736794
291.6661823827985
291.71001618629657
291.7615894468813
291.81975793629414
291.88339332234324
291.9518421089716
292.02458122658845
292.1011110845463
292.1800719498152
292.2607679094677
292.3427992252652
292.42622491546825
292.5107509235804
292.59554464590997
292.68012025998206
292.7643566028297
292.8483045754594
292.93143973147585
293.0124050915888
293.09079200925265
293.1666480945598
293.2169735520508
291.27705639046064
291.3301162098334
291.38408049282623
291.4387633899513
291.4939293735192
291.54933386315037
291.604815347377
291.660103103407
291.7149521340143
291.7690510503747
291.822169339851
291.8741009412085
291.9245779368149
291.9735052349539
292.0205799426663
292.0655867939991
292.10842335902396
292.1488387448219
292.1865953323268
292.2215031072039
292.25341161357755
292.2820877573284
292.3074727246266
292.32937385109267
292.3476959003787
292.3623305871589
292.3731972573722
292.38028427487114
292.3836385081754
292.38344035135356
292.3798945972646
292.37312272171187
292.3635262990496
292.35148308187195
292.3374647480179
292.3218399721058
292.30500797828347
292.28726281104883
292.2688152528607
292.24970263145184
292.23005942973697
292.21014520880584
292.19027452795564
292.1705527147385
292.1508613380001
292.1310011495681
292.1107559338553
292.08972055330406
292.0675336933687
292.0441273446613
292.0195695560898
291.99393924623416
291.9673797838183
291.9400557024907
291.91205099798236
291.8834645715947
291.85439582912016
291.82487213051854
291.79497873266604
291.76475202369113
291.7341610538372
291.70331118195287
291.67219884221794
291.6408336265533
291.6091830192838
291.577347537015
291.5452472373375
291.5129569220092
291.4804465320702
291.44767958718074
291.4147179164665
291.381502339334
291.3480774901974
291.3143606207436
291.28040106405945
291.24632099358917
291.21248079738194
291.17915736448964
291.1465935926529
291.1151950136736
291.08534708617145
291.05705797826784
291.03019935901153
291.00459000414116
290.9804515148158
290.9582737960977
290.93802673095075
290.9194799006564
290.90221712045695
290.88559158356634
290.8691711301105
290.8526241103781
290.83612990723543
290.8200728248707
290.8046619063597
290.790455329526
290.7778056471597
290.7671921180216
290.75902063584664
290.75366354256926
290.75146262777446
290.75263820327655
290.7573826806958
290.7658009793093
290.77798433515215
290.7939282347187
290.81362224074695
290.8369366862603
290.86373890859136
290.893913264903
290.9272680705408
290.96372482622536
291.00296739208727
291.04491038953955
291.0892737061014
291.1359263040047
291.1844695086094
291.23464884594824
291.26958389319503
292.52572261509755
292.5362653410432
292.54714998770544
292.55833612837046
292.56971636817013
292.58134064854386
292.59316517680327
292.60503838485346
292.6169460404418
292.62884384366424
292.64069900633604
292.6524915758943
292.6640880103277
292.6754890486915
292.6866310101322
292.69750321579846
292.7081128852323
292.71826401479507
292.7280033630776
292.7372372600622
292.7459714159298
292.7541239347424
292.76169103583294
292.7685900247205
292.77480107571546
292.78034305561397
292.78526605810123
292.7897658625963
292.7938808548876
292.79773129226385
292.80127356672585
292.80456355156593
292.8076864055321
292.8106688783519
292.8135895228513
292.81646800803736
292.81916378700345
292.82027546751493
292.8202777530382
292.8195896888985
292.8184129155484
292.8168223067662
292.81495944523334
292.81274751049307
292.8101956573414
292.8074281592949
292.80427135506324
292.80076020708816
292.7968962424595
292.79278889344687
292.78834358097015
292.7836359287247
292.778685401594
292.77349965001895
292.76817274906034
292.76258709281353
292.7568303701022
292.7508233170446
292.7446763572898
292.7383186096985
292.7317928960862
292.72505036124744
292.7181103999542
292.7110106291677
292.7036921914408
292.69621020830687
292.68851738595254
292.680626424837
292.6724787342812
292.6642103356659
292.65567185524895
292.6469335485412
292.63802005133834
292.62888961278435
292.61973032967086
292.61068079012307
292.60188420610564
292.5933072819181
292.5851861570799
292.5776166931097
292.570457544478
292.563542108808
292.55670460721416
292.5498893437513
292.54323297192195
292.53666833703613
292.5300964809578
292.52343777887296
292.5165900570901
292.509489185949
292.5022393828
292.4949740451752
292.48783098025774
292.4809091641262
292.4742818536806
292.4680594315128
292.46244524977317
292.4575217091368
292.45332987730296
292.44992695343234
292.44736557779197
292.4456409204665
292.44475653822496
292.44476911685246
292.44566015694147
292.44735537522195
292.4498994734368
292.4532334878227
292.45734304540605
292.46220541229485
292.4677534591926
292.4740033428178
292.48087405591326
292.4883503690945
292.4964326796122
292.5050193655094
292.51404795793104
292.5235031031628
292.530174910422
302.04522929788936
302.06842360739347
302.0933241812005
302.1199844146752
302.14835291222386
302.1783625927102
302.20988864637957
302.2424470980018
302.27605744211354
302.31057529712535
302.34593373066775
302.38211050063313
302.41880725489847
302.45595998804725
302.4934790366247
302.53117480165315
302.56878635941973
302.6062204850579
302.64327908811777
302.6799060681028
302.71585991704666
302.75100621648966
302.78509729442925
302.8179215940822
302.84939646790224
302.8793966581968
302.907827885438
302.93463868968126
302.95964052872216
302.9828123883342
303.0040680571813
303.0235990280942
303.04160517304666
303.05817942034736
303.07337855494507
303.08723893241523
303.0996966763475
303.1100110375213
303.1183085025731
303.12463526084883
303.12911550958523
303.13181835388133
303.13277403304295
303.13199307786294
303.1295663955436
303.1255242859119
303.1199545119139
303.1128307030284
303.1043446412516
303.0946372081078
303.0837767776212
303.07173149776116
303.0586367923083
303.04446817042947
303.0292909763457
303.0131237926777
302.9959971057852
302.9778844304967
302.9589418912771
302.93911427685805
302.91842989255946
302.89692450056094
302.87465645792383
302.85161014085895
302.82779423988615
302.80325539794194
302.77802307827056
302.75214763185005
302.7255640068782
302.69826682156787
302.6701892539118
302.64130921081596
302.6117421349968
302.58149006216917
302.55058721696923
302.51911913238143
302.48707893608815
302.4545858769477
302.42173604312745
302.38856500065214
302.3551406352476
302.321524693038
302.28785705926975
302.2543591515967
302.2211608700736
302.1884790313272
302.1563120839782
302.12456056545903
302.0932836064929
302.0623773954905
302.03212959745724
302.00271792713414
301.9742209390656
301.9467694914567
301.92051380874324
301.8956663087536
301.8723223277406
301.85071351684
301.8309170889079
301.81286374727824
301.79665071814543
301.7822766195121
301.7696936330551
301.75895910298334
301.75012381541677
301.74321395055995
301.7383334616162
301.73553903204953
301.7348096612975
301.7361745815792
301.73962510992015
301.7451122710468
301.7527628861382
301.76251995277516
301.7743727057895
301.7882481905732
301.8039634299485
301.821504304353
301.83441112715616
295.93604339784537
295.95996349542224
295.9853082550306
296.0119575391506
296.03991599002325
296.06908675708297
296.0993496886237
296.13034719617434
296.1620343316481
296.1943771496988
296.22726865457474
296.2605252352703
296.29394366055084
296.32739362083043
296.36069949589154
296.39387114346374
296.42657626395055
296.45875522732655
296.49023410599
296.52087732865016
296.5505883243955
296.5791977020324
296.6065788882654
296.63267301387936
296.65726297699683
296.6803134312984
296.7017521456323
296.72156437810384
296.7397376937981
296.75613583538734
296.7708796030777
296.784075321246
296.7960072039031
296.80688332734593
296.81681814846957
296.8259572155066
296.83405164344657
296.83983762664315
296.8437786462952
296.84612286692663
296.84702096853147
296.8465342003639
296.84484741235275
296.84183211321186
296.8375766529056
296.8320940590571
296.82540486017757
296.8175486127194
296.80862537658356
296.79867792747825
296.7877692441345
296.7758704884256
296.7630593243524
296.74939097258755
296.73486270214477
296.7194770956332
296.7032641065407
296.68631812965896
296.66860839968007
296.6501352232653
296.63095096291283
296.611055471675
296.5904954711187
296.5692504183092
296.5473828657171
296.5248863518596
296.50175966428003
296.47805248159955
296.4537424993415
296.4288359305562
296.40331229322527
296.3772051408703
296.3505447285767
296.32332730250585
296.2955909276658
296.26740456484305
296.2388207704087
296.20989443644316
296.18065676713104
296.15121266588574
296.12155810034415
296.09181931074204
296.0620496615121
296.0325261781328
296.0032861924447
295.9744491085076
295.9459528073834
295.9177299213382
295.8896408156792
295.86174122664556
295.83414003063086
295.80703726091974
295.7805289433595
295.7547617787586
295.7298946394089
295.70613719855885
295.6836797095068
295.6625755742796
295.6430998171597
295.625315375347
295.60932291489235
295.5951740755465
295.5828499520517
295.57235995916676
295.56384705751253
295.5572911207342
295.55281342717956
295.55062411081263
295.55062642655344
295.55290078117423
295.5572463751723
295.56381982500164
295.5724287836745
295.5831743352507
295.59595643966725
295.61063009756367
295.62719337286666
295.6455164543374
295.6589002402633
302.0200926050841
302.0446716590658
302.07143341254067
302.1003193644521
302.1311847755223
302.16397513412363
302.1985881716294
302.23491041745746
302.2728397182342
302.31225695225487
302.35303536045416
302.39502879451703
302.43810830866846
302.48216253666925
302.52696453842333
302.57241215458146
302.6183369633004
302.6645734758315
302.7109767504035
302.7573887665938
302.80367749539727
302.8496461012425
302.89514090887366
302.9400478952505
302.984070555112
303.02711811601404
303.06905411501236
303.1096138240731
303.1487273875307
303.1862592618829
303.2220449383919
303.2560376625507
303.28825343424114
303.3186108233789
303.3472518682429
303.37428485229094
303.39963589153996
303.42309496238465
303.4441501851422
303.4625544622008
303.4782025528871
303.4912416229212
303.5016807387897
303.50958341487916
303.51506578678067
303.51822145168165
303.51910218324116
303.5178039435791
303.5143682002762
303.5088945851028
303.5014248858527
303.49205119162065
303.4808819981818
303.4680208413354
303.45349539546703
303.4373951461176
303.41987029375906
303.4009409290976
303.38070208160184
303.35919545420177
303.33648668687096
303.3126917207107
303.2877929220574
303.26187787353126
303.23500083372403
303.2071768856109
303.1784541564725
303.14889955244377
303.11852186054637
303.08740570299386
303.05550214343816
303.0229480588044
302.98964365856875
302.9557367666125
302.921245745633
302.88610069636337
302.8504638105573
302.81431119629565
302.77773283461977
302.7407464845656
302.70346339561075
302.6658515804379
302.62796183041894
302.5899015872887
302.55166838795907
302.5134758360252
302.47523049888696
302.43715688856236
302.3992827978406
302.36165509602375
302.324281462696
302.28728871383305
302.25082817533996
302.21492265792
302.1797275127646
302.1454123365338
302.11211003106627
302.08003626950614
302.0493975279772
302.02038858009684
301.99320018962527
301.9680190983218
301.94501098675096
301.9243276349347
301.9061549266351
301.8905634603929
301.877683046951
301.86759322165415
301.8603321824069
301.85596892232917
301.8545169808
301.8560040924713
301.86034192893146
301.86755735454557
301.8775700036228
301.8903221640537
301.905751862045
301.92374198085344
301.9373518038123
296.6310609829858
296.6628493855874
296.6971562846394
296.73390014748765
296.7729527548936
296.8142730815642
296.8576526665622
296.90305630989326
296.95031836272506
296.9993083698657
297.0498506935769
297.1018163282803
297.15502096343346
297.2091779808243
297.2641575290015
297.3197393867515
297.37571242785623
297.4318671041362
297.48797163322354
297.5438979768027
297.59932334721407
297.65413834864245
297.7080848179435
297.7609591030834
297.8125947922638
297.8627699855307
297.911305343619
297.9580040879137
298.0027016612043
298.0452723162822
298.08554624724206
298.1234957298729
298.1589996817325
298.1921602579011
298.2230229479803
298.2516171900261
298.27802129038895
298.30155271504077
298.3216922147477
298.3382647112292
298.3513140823513
298.3609703971632
298.3673326788417
298.3705725340052
298.37084543391336
298.36819831066555
298.36289185979524
298.354963671845
298.3445816629048
298.33187873776996
298.3169344507001
298.29990037578415
298.2809711582892
298.2602282498187
298.2377713821035
298.21375171780966
298.188231353591
298.1613968202403
298.13322862124124
298.1039053789721
298.0735090181439
298.0420425160318
298.00965309739695
297.9763216656069
297.9422063670593
297.9072749784015
297.87163747480366
297.83529833416975
297.7983595438166
297.7608185683704
297.7227002423155
297.68411069390726
297.64502718813384
297.6054965811415
297.5655525163961
297.525253477635
297.4845697525153
297.44359936220945
297.4023397422471
297.3608263089291
297.31903923201224
297.27710382495815
297.2349769082327
297.1926848701995
297.1503499560894
297.10793707826315
297.0655156453611
297.0232015973059
296.9809760847682
296.9390296490565
296.8973665519257
296.8562001524279
296.8157662260234
296.7762240315549
296.7377665804854
296.7005790236228
296.66486461970874
296.6309623112667
296.5989045706066
296.5689642148622
296.5413530382874
296.5161918392778
296.49362316417455
296.47387305946506
296.45702987761405
296.44320690963957
296.4325084446187
296.4250209767151
296.42077025194635
296.4198945139076
296.4223711163841
296.4282661843729
296.4375121683213
296.45005617670347
296.4658854414455
296.4848897017665
296.5069448157207
296.53197764694835
296.55060875365956
305.03827603885895
305.0593406636681
305.082429140373
305.1074646150774
305.1343498309969
305.1630557543523
305.1934965643435
305.2255678144649
305.2592385078843
305.29439180053043
305.33095964109225
305.3688658430661
305.4079614485558
305.44821185549085
305.4894252383511
305.5315224948988
305.5744100671613
305.6178993361065
305.6619805666353
305.7064061080356
305.75112614797365
305.79596679873254
305.8407936669987
305.88540950437783
305.92969020341013
305.97336435367794
306.01639879242833
306.0585106428203
306.0996553784914
306.1395533688677
306.1781502115471
306.2152731558857
306.2509405489292
306.2851786245372
306.3179387132844
306.3493184277592
306.37942255597835
306.40761078822754
306.43350589833
306.4567692179955
306.47729504379186
306.4950212199886
306.5101013753723
306.52252108005683
306.5323509766226
306.53958898145237
306.5443273860506
306.54661368870075
306.54646966531175
306.5439670329635
306.53924603844496
306.53236887630146
306.5234147047098
306.5125634666972
306.49986961639377
306.4854886706555
306.46948583571816
306.4519779549053
306.43300940462666
306.41275890109193
306.3912186481346
306.36851324845605
306.3447086649604
306.31984494657564
306.29400230674486
306.26718562942176
306.23950691487835
306.21095296167283
306.1816189131676
306.15150807469445
306.12063099162566
306.08908697843395
306.05686916114126
306.02399654084866
305.99054453862607
305.95649972248555
305.9219797610783
305.8869133137617
305.8514905872086
305.81562902756195
305.7794909439765
305.74307115952837
305.70644030057576
305.669590616734
305.6325466974317
305.5954372958605
305.55826209023934
305.52108818344067
305.48399322999404
305.4468964350818
305.4100039369624
305.373318701043
305.3370274672457
305.30117712384117
305.26604774112405
305.2317607285235
305.1984506728493
305.16637028965994
305.1357052101297
305.1067185808532
305.07954317413396
305.05437384614817
305.0313739913928
305.01065654362907
304.9923791942264
304.9766664562327
304.9635639329763
304.9531473137957
304.9454392001422
304.940481845826
304.9383462051785
304.93890131504935
304.94213466834356
304.9480509022286
304.95655519069754
304.96761814164216
304.98102998498746
304.9968117168839
305.00874783034095
304.243364592125
304.26249052853717
304.28381181399794
304.30716136181053
304.33260783191463
304.35996953351145
304.3892542594914
304.42037419557687
304.4532046606473
304.4877390418178
304.5238152029996
304.5613929800644
304.60031338744994
304.64044038083597
304.6816814741358
304.7239005493817
304.7668826941557
304.8105451772988
304.85474290433854
304.89932047348924
304.94409051886174
304.98896118477177
305.03370184595053
305.07826102663495
305.1224741670382
305.1661743231996
305.2091502356105
305.25133153068685
305.2925573233821
305.33269846324214
305.3715447833397
305.4091363001776
305.4452900061359
305.4800241964299
305.51333068333616
305.54513106302153
305.5755652616468
305.6041701089959
305.6305970825093
305.6545407918103
305.6759357134783
305.6946755966566
305.7108422522317
305.7243896425045
305.73538662028255
305.7438464139479
305.74987886688126
305.75349322535277
305.7547472956887
305.75373945673806
305.7504836500141
305.7450701570543
305.7376531950171
305.7282902552027
305.71705802664206
305.70405186244614
305.68941403026696
305.6731589439843
305.6554375584844
305.63627962473777
305.61582581748365
305.5940928160768
305.5711775674454
305.54714085150334
305.5220685618466
305.4959820339352
305.46896146314003
305.4410738674109
305.41232785075846
305.38282700676547
305.35255895296706
305.32157958931566
305.2899576965974
305.2577213776118
305.22486867971935
305.19147857982824
305.15758082671806
305.1231698849838
305.08835449645227
305.05314298574126
305.01749775638535
304.98155129776865
304.9453246826404
304.90884522853105
304.8720927977758
304.835188906897
304.7981388424846
304.7610248120493
304.7238889289777
304.68677586920205
304.64983577563635
304.6131167043492
304.5767873057109
304.5409918818695
304.50580004474364
304.47144340037573
304.4380455572056
304.4057787651052
304.37482982118473
304.3453663358119
304.31751813030763
304.29148025004713
304.2674110620907
304.24543485453387
304.2257075003009
304.2082962844195
304.1933423129576
304.1809216505559
304.1710777041156
304.16390129122345
304.15940336268034
304.15760281601365
304.1584768128213
304.1620036373199
304.1681545159667
304.1768796878746
304.1881078010643
304.20174542799543
304.2123478644692
297.34177865312546
297.3927914028124
297.4433811996946
297.4936564785987
297.54359545148554
297.59303656545575
297.64154358102235
297.6879751955754
297.7320487083334
297.7735961164503
297.8126777749374
297.84890755411544
297.88187151818295
297.91158418988726
297.9383512160352
297.96224573368454
297.9831888457874
298.00103550158514
298.01563892969256
298.02707302610634
298.0352475012889
298.04013545511225
298.04171259735443
298.0399627000716
298.0348286841195
298.0262508925918
298.01439725217307
297.9993164340728
297.9812890756651
297.96065566130267
297.9379412668332
297.9146219122136
297.8922192679141
297.87131983497363
297.8520091200861
297.8342841645775
297.81822620449594
297.80102882994515
297.7813379369751
297.7598347201627
297.7369928088844
297.7132302540399
297.688931567702
297.6643353711211
297.6393538635036
297.6140427083104
297.58827435078695
297.56196708930906
297.5351131708382
297.50770826318944
297.4797817225793
297.45137656616345
297.42259233238104
297.3934436930964
297.3640273289939
297.3344195307137
297.3045915548972
297.27461869363526
297.2445743558622
297.2144289667259
297.1841994388026
297.1539671621228
297.12358605437123
297.09312079450643
297.0625094007977
297.0317330603208
297.0007896463724
296.96968603698843
296.9384149107781
296.9069475342648
296.87532948397103
296.8435344909962
296.81154794486673
296.7792681393707
296.74678383932195
296.71419710555443
296.6818514066322
296.6500109627293
296.6190211235859
296.58912246033606
296.56058980498614
296.53351184483404
296.50763104488067
296.4854457086668
296.4716436489485
296.4652235461586
296.4620824116083
296.4597499382974
296.45723337831606
296.45421545472243
296.4507612688894
296.4469753727134
296.44375956233745
296.44185500368604
296.4421713210949
296.44585717746065
296.45383636964436
296.466108951302
296.48240826702295
296.5024431360089
296.52626403230386
296.55371037473583
296.5844277883996
296.61848326303954
296.65539350385046
296.6946050059151
296.7358700951496
296.7789997009448
296.8238179524672
296.87026925372135
296.91793456950796
296.9665204625448
297.0158334884202
297.0658435012173
297.1161385780594
297.1661651238978
297.2158443514216
297.2651852607229
297.2985876555276
