291.695013661831
291.88895471286077
292.0743688035022
292.2511732878757
292.4196740298781
292.57891737293215
292.71994860881347
292.8482019406636
292.96483991012195
293.0701995005601
293.16318460308
293.23900032903504
293.3010438592441
293.3497271672515
293.38523440752385
293.40695759408334
293.4124471316534
293.4038354991242
293.381333284853
293.3451169449215
293.29455728640943
293.2289094042508
293.14960479634436
293.0570415200187
292.9513950881299
292.8345598095527
292.7085977412808
292.5723848891801
292.4261867127411
292.27014768876484
292.11609222569655
291.9701045113841
291.82394465942207
291.6773444347537
291.53037636577443
291.3869789153534
291.2475046924982
291.1094664869889
290.97290849515565
290.8378886421354
290.680420868275
290.5331807395941
290.38715408586694
290.2476258229305
290.1101839617314
289.975993510583
289.8436303699848
289.71305275083097
289.58426734677994
289.4573109372904
289.33258799881077
289.20976971328145
289.0887220523507
288.96938540145106
288.85179541020625
288.7359731636064
288.62187537290976
288.5094901849115
288.3987886558034
288.2896930851277
288.18184753913846
288.07565104878955
287.97099310694193
287.86778842283996
287.7661156100161
287.66613190418104
287.5674193527934
287.4700249715072
287.373913047735
287.27896467081837
287.1849088540897
287.09195724643627
287.0000686560446
286.90884077579
286.8181502157161
286.72903167457685
286.6407136890606
286.57614417351635
286.5423394486123
286.6220560907359
286.6019846624595
286.58444169775805
286.6071467560224
286.684726609208
286.70136670922744
286.70279535010366
286.70380321969475
286.70495469967085
286.70609764717204
286.73143113727133
286.7834913915682
286.843406502751
286.90976929732216
286.98204108349046
287.06729735168005
287.1659386965814
287.2750628607782
287.39476738423605
287.5253255383192
287.6624505768282
287.8089179003518
287.96663493608105
288.13570728139933
288.31603502545096
288.50785134807853
288.7096542556862
288.9205973540213
289.1404361274042
289.36903426502994
289.6044451486208
289.8440363328634
290.0876625198376
290.3353165479287
290.5856307327325
290.82356037752515
291.05661873531466
291.28588969432195
291.51151848336843
291.6628773457343
291.9577493465467
292.15327792496805
292.33580141908897
292.5070211667617
292.6683263490713
292.82049390990574
292.9622264462254
293.0916314187037
293.20890830408257
293.3145587133897
293.4088686613223
293.49046448570937
293.5587131288031
293.6137836057623
293.65594942387963
293.6854346805522
293.7016563683131
293.70423604877817
293.6933913631709
293.66933531171856
293.63231305349694
293.5824748131157
293.52014021432745
293.44552627031896
293.3587005915345
293.2600476666445
293.1517937806931
293.0347809626804
292.9089119441427
292.7740719915054
292.63190433777646
292.4906138360036
292.3519731020151
292.21554344311124
292.08081394315366
291.9481597196673
291.8186487877293
291.6911688600993
291.5651698276554
291.44080229141235
291.3145884649284
291.17745453678407
291.03952700813727
290.901823783526
290.76689837279935
290.63495839706275
290.50611853582967
290.37987210033054
290.256050878513
290.1345006521359
290.0151537732514
289.8978683220937
289.7825215708065
289.669038544891
289.5573442941265
289.4474538505973
289.339319663213
289.2329492034204
289.1282955703264
289.0252807089087
288.92377484692673
288.82368256485995
288.72504619475933
288.6278435171836
288.53203435724805
288.4373059912713
288.343558922607
288.2508305762343
288.15914957860866
288.0684598769653
287.97889467360034
287.89032442525684
287.80268511769356
287.7158938714719
287.6292913086841
287.5428868846336
287.4572355313955
287.3791452305232
287.31252038250284
287.30695360984447
287.3175460421393
287.32021395667306
287.34885836784196
287.43454711689765
287.5294825401624
287.60274770888725
287.6591092413881
287.7048687979095
287.7431467645802
287.7749912382443
287.7984377485634
287.8178887496985
287.8370095892846
287.8573545935496
287.88444034979085
287.9310071177543
287.9965210287989
288.07852087041175
288.1754290686253
288.2847243464493
288.40433716715177
288.5355462933503
288.67885008627457
288.83416034095734
289.0015251708949
289.1813069692279
289.3723506907002
289.5735607996459
289.78411703110265
290.00218989774766
290.2240515045714
290.4488494863065
290.6762665527466
290.9060006265148
291.1334777586984
291.35520102099
291.5712647094704
291.7819801220533
291.9223961372011
295.0988994564071
295.1757580324514
295.2511893772666
295.32505829680457
295.3973304869257
295.46796097704635
295.53665874657617
295.6031135772559
295.667196766468
295.72886507195227
295.78800892705465
295.844423655416
295.89793546094387
295.9484445664185
295.9958240969716
296.0399984010951
296.0806384206201
296.11758848888934
296.15064957600913
296.17986090132615
296.205008141092
296.2257529673743
296.24188913294574
296.25340236850184
296.2602366786843
296.2623695528676
296.2598407216356
296.25269406440447
296.2409387594428
296.22462285962746
296.20416053962424
296.18154606959865
296.1572150931594
296.1313726682834
296.10408247323994
296.07550279748017
296.0458797949634
296.01418205887467
295.97962129286003
295.94272726013145
295.9037157206379
295.8610065394911
295.8161488361244
295.76933899074976
295.7213609693613
295.67247457214745
295.6227974199029
295.5724839152165
295.52151893984643
295.4700375459915
295.41810304875276
295.36582004695094
295.3132671534288
295.2604270185271
295.20741461222025
295.15415544487377
295.1007705634021
295.04725160578124
294.9935770553328
294.93982825927833
294.8860044786087
294.83214595522355
294.77828659857863
294.7243917693618
294.67047881928204
294.61657165345576
294.562688070566
294.5088250344498
294.45501016656806
294.4012365667521
294.34748635838764
294.2938491173686
294.240270242815
294.1867640298263
294.1331403981548
294.07962695194243
294.0262095840403
293.9742239428072
293.92367505954223
293.88086198866
293.8406004005048
293.802741166407
293.7682182141568
293.737882559092
293.70733619202554
293.6786633402269
293.65240015441776
293.62864774820423
293.6075262720417
293.5895422531068
293.576511600401
293.5687325474255
293.5662492665892
293.5690757973915
293.57768044183075
293.5931787112164
293.61564779713456
293.64500279903797
293.6812526964874
293.7238647131518
293.7718673219823
293.8251524370441
293.88367403816176
293.9473558031904
294.0151312780112
294.0855452838184
294.15842503948363
294.2336927652893
294.31133193110225
294.3905001566408
294.4703853207412
294.5508172161709
294.631642783909
294.71284224375455
294.79391248659283
294.8743614806377
294.9540042527374
295.03281776585766
295.085886907604
293.1571315719583
293.25405394881415
293.3459869886695
293.43253931219874
293.5141773236656
293.59142491257273
293.66384116504025
293.7301964764576
293.7904795231521
293.84500934381856
293.8940349119632
293.93673085771877
293.97189179947435
293.999709390354
294.0204505118133
294.03453536905084
294.0413960642244
294.0402673953694
294.03132436183546
294.0147071129711
293.9905765598381
293.9585966986327
293.91836311944667
293.86999360741396
293.8137412166014
293.7499216313473
293.67904154683976
293.6017529192435
293.51877227902094
293.4304904413384
293.3376700886832
293.2444691193143
293.1551182758749
293.07159448031103
292.99472850777767
292.92481669071566
292.86243023160256
292.80573276905665
292.753343513238
292.7047633582091
292.65996303104043
292.6158171061297
292.5707101663986
292.5238812122101
292.4771918116928
292.4315836334194
292.38764867376
292.34524086076453
292.30424393266856
292.2645907332879
292.22609936587116
292.1884159216225
292.151396789523
292.1149834605375
292.0790914107638
292.0436777691436
292.0085132106487
291.97335653557417
291.93824848909776
291.90305850266896
291.86771898625915
291.8318293072022
291.79531983255606
291.758111830277
291.72030550674975
291.68176436236894
291.6422630827869
291.60166314683227
291.56006796488293
291.51751909723697
291.47398774970054
291.42922208156364
291.3832442873933
291.3361510706929
291.28777637787744
291.23793764363165
291.18677520663675
291.13493791183345
291.08435313233963
291.03875282488434
290.9992950776584
290.96426646856185
290.93831849209994
290.9252372655112
290.92301096908204
290.926177424524
290.9298527775849
290.929495323193
290.9221290621782
290.9070941111775
290.8916696278353
290.88251628876475
290.8827476193879
290.8935759725754
290.9151075691927
290.9474546674025
290.9906047505674
291.04417047220795
291.1075937641993
291.1800690596962
291.26015943081205
291.34684373813155
291.43950479543435
291.53764142076074
291.6404269518959
291.74604170614293
291.85368003422883
291.9631828652742
292.07448889382937
292.18700248879907
292.2992676928463
292.41094656433245
292.5220973338138
292.6329840717566
292.74264139647636
292.8492047324942
292.95253697611105
293.0529217832596
293.1197229663365
294.4449588482434
294.5254874697227
294.6016518338004
294.673148122151
294.7403331408698
294.8036156238821
294.8627640867703
294.9166413744459
294.9649967436918
295.0081007956943
295.0462819208675
295.0793920162201
295.10663433559085
295.12793212966653
295.14338712345983
295.1532678646516
295.1572718434665
295.1547168254754
295.1456209468034
295.13018054146676
295.10860611605403
295.0808827339555
295.0467254610243
295.0062533249778
294.95961761656037
294.9071329455331
294.8493167697636
294.78680029968206
294.72018893224157
294.6500901403008
294.5771142872387
294.5050416304485
294.4379438245418
294.3782468718196
294.3272397004442
294.2854519179645
294.2500558012885
294.20626585363743
294.1567458190429
294.10471338439135
294.0519685119586
293.9997801496973
293.9486763897303
293.8988604559791
293.85042272763496
293.80340941966057
293.7577914724598
293.71370779903833
293.67110050812414
293.62996204215176
293.5903129174434
293.55205078159383
293.5151806562769
293.4796674029616
293.4455541676396
293.41271454935537
293.3811517969576
293.3507043146559
293.32126070314894
293.292718779097
293.2650289699419
293.237954983896
293.21131577949694
293.1848528484707
293.15837805971177
293.1317975508565
293.1049491337291
293.07772098338046
293.0499698010354
293.0217176658816
292.9928742489124
292.9633509241259
292.93315628098907
292.9022935653932
292.87067947595864
292.8380453375975
292.80427233248946
292.769698013218
292.735622693677
292.7047889094868
292.6785260793559
292.6562553241033
292.64101731080274
292.6366485672825
292.643687523903
292.65712006230245
292.67013442659186
292.677126023973
292.67496388931136
292.6631523073256
292.64685025167466
292.6317225120289
292.6210865794319
292.61687637899416
292.6201418405818
292.6318157982999
292.65275856805755
292.68338655218156
292.7236051402958
292.7729500585043
292.83034899145605
292.89471105874395
292.9652312614843
293.0413191944243
293.1222970153004
293.2067122361295
293.2935979017724
293.382509011804
293.473226977768
293.56520523087
293.65720206660717
293.7487885017151
293.8398067641689
293.93046830139264
294.02062447312403
294.1090748101766
294.1952564060196
294.279260174047
294.335236288342
292.9386293974009
292.9950840926914
293.05262456731
293.1110215234086
293.16998732440913
293.2292072006189
293.28848747419744
293.34755746243064
293.4062311674794
293.4642010903838
293.5212239054286
293.57707397091133
293.63157430407244
293.6843081982071
293.7350677324855
293.7834926252967
293.8294778441681
293.87269966983166
293.9130078360517
293.9500952444634
293.98380812149026
294.01401455377186
294.04050652065234
294.06317282595535
294.08190127144684
294.0965915090884
294.1071441804002
294.1136230617987
294.11607070308827
294.11464592913273
294.1094863194206
294.10079999654266
294.0889503729796
294.0742739347432
294.05733085661115
294.0384530789115
294.018145223653
293.99668967214575
293.97438243498624
293.95130398449686
293.9276310136382
293.90353121300734
293.87911871050426
293.85440086234524
293.8293487868873
293.80395935525445
293.77829770925666
293.7523487730466
293.72622907773507
293.69996924772147
293.6736886804526
293.6473605484391
293.62101127620974
293.5946616701483
293.5683148554558
293.54196375093306
293.51556147669953
293.489176679011
293.46274845103795
293.43631723820596
293.4098222620909
293.38331373551097
293.3566890093954
293.32995785812653
293.30306557721207
293.2759560492409
293.2486893178302
293.2211165051674
293.19328469280873
293.16507684620194
293.1365030797104
293.1075891402078
293.0782649401975
293.04850930507325
293.0183291324956
292.987653108497
292.9564932270153
292.92477473272703
292.892486047008
292.85970224088635
292.8267269482436
292.7939443762676
292.7617175110719
292.7305312518489
292.7012020241362
292.67427212420733
292.6498488562611
292.6276211711903
292.60695623839695
292.5871692541093
292.5677036750819
292.54821699425844
292.5286924635201
292.5094477268132
292.49076833889256
292.473183347953
292.4570590809157
292.44288456179424
292.4312474079895
292.42258989320993
292.4172812594148
292.41563011441553
292.417861639492
292.42410365145525
292.43444799226336
292.4489506419439
292.4675849490461
292.49023531337525
292.5167483100364
292.5470498239619
292.5809511990259
292.6182512870719
292.65876556814885
292.70224850461886
292.74848941518934
292.7972705389975
292.8482799661079
292.9011995720156
292.9381058769707
293.7469966674671
293.7572179710791
293.76777535477925
293.778610791647
293.78974250975386
293.8011026962363
293.812693756196
293.8243585528325
293.8360293611973
293.84773805308697
293.85934466905064
293.87088186739624
293.88221798245803
293.89332530103735
293.90417484506355
293.91472851807123
293.9248956542347
293.9346530887232
293.9439525210419
293.95273917103134
293.9609807921024
293.96862371061474
293.97564452096293
293.9819639604523
293.98756788598126
293.99246706167236
293.99668567739803
294.0003730375449
294.00352557896787
294.0062503063406
294.0084784822492
294.0103107539589
294.01183291317733
294.01317261001896
294.0143445437958
294.01547051353145
294.0164052918371
294.01634176347267
294.0155082315555
294.01406112145537
294.0122293535917
294.0100308313542
294.00749215814915
294.004715434454
294.001614102173
293.9983291240476
293.99483672762585
293.99116511130256
293.9873859685281
293.9834685696748
293.97944681607805
293.9753462847942
293.9711793931495
293.96693646928156
293.9626620944153
293.9583411929055
293.9539701051013
293.9495575688556
293.94510188682887
293.9406024944907
293.935993852187
293.93132911234784
293.92653286222134
293.92158909747496
293.91652532522414
293.91131561061616
293.9059273207273
293.90034847863546
293.89459857595796
293.8886798091436
293.8825354720846
293.8761795727595
293.86959744170167
293.8628099205278
293.85575440221476
293.8484288676674
293.84087704580617
293.83306618932846
293.82507865038
293.8171358549839
293.8093506817876
293.8018153584315
293.79473025853383
293.7883183482727
293.7825446816878
293.7771147452548
293.7718067040112
293.7663573347028
293.7606455959446
293.75455937623934
293.7481860785709
293.74153417136046
293.7347452383174
293.72781516798693
293.72094322687065
293.71422707975455
293.70794115852544
293.7021783921538
293.6970483127787
293.69264270056067
293.68901409945704
293.6862324597132
293.68429043440767
293.68324207974047
293.68309167809514
293.68380534735246
293.6853113700757
293.6876351859599
293.69074979596564
293.6946547148535
293.69931332901706
293.70471272333975
293.71079392592674
293.7175808387361
293.7250070377755
293.73299914871166
293.7414930021103
293.750505090744
293.7568708992637
299.83451199944625
299.863290783603
299.89387107481423
299.9262529063581
299.9603678024376
299.99627245617586
300.03377306202884
300.0727839355484
300.11310340447744
300.15458150463155
300.1971747829963
300.2406861158697
300.28486108261194
300.329493228183
300.37445915404874
300.41955675949674
300.46458825222584
300.5093020988844
300.553549934881
300.5971514424842
300.6399550365554
300.68173750937126
300.7221857822069
300.7611750973961
300.7984432659101
300.83385983827844
300.86732758194245
300.89873901130414
300.92794957636255
300.9548361823965
300.979380975765
301.00175241447545
301.02227506673205
301.04100847734765
301.0580307465222
301.07342801100725
301.08712853465244
301.0986773060513
301.1079677253234
301.1150678801241
301.1201138657953
301.12312821036545
301.1241425430523
301.12318010797804
301.12042135622096
301.1158738137801
301.109654426918
301.1017911045781
301.0923880836079
301.08140819062794
301.068964935309
301.0550569093913
301.03983147915693
301.0233165286666
301.00554457836995
300.98656312605004
300.9664613747926
300.94527091936396
300.92303840276355
300.89981921668345
300.8756125242777
300.85049225482487
300.8244897015881
300.7976612453707
300.76999684489175
300.7415094325586
300.712284723536
300.6823279840633
300.65168242814485
300.62036072799
300.5885050456589
300.55607763730876
300.5231130593669
300.48967530367463
300.4556854058006
300.42122487693865
300.3863380507745
300.3510420415627
300.315411337761
300.2793878033702
300.2430738132837
300.20648017559716
300.16974932911126
300.1330458748518
300.0965836016375
300.06053710728185
300.02487931428266
299.9895847978516
299.9547044932843
299.9202410448357
299.88647507042106
299.853664018919
299.82195355478075
299.79141763732804
299.7623047422515
299.73483799433114
299.7092566804551
299.6857326364
299.6643413879226
299.64520227021785
299.6283807699427
299.6139138642967
299.601921687447
299.59240650619904
299.58544120255186
299.58097243978324
299.5789695110463
299.57942762333164
299.58233658032844
299.5877582344471
299.5956083793718
299.60586034455656
299.61851183568854
299.63360852312815
299.6511305904775
299.6709737776907
299.6930510568593
299.71732112759685
299.73502830367386
295.53158182149303
295.56392707190855
295.59782829990047
295.633222636458
295.66996158240534
295.70796829564256
295.74710770607277
295.78727729246714
295.82828277300496
295.86993852399223
295.91212836790396
295.9546178169986
295.99711632533837
296.0395096392993
296.0815258750382
296.123131694398
296.16404374808855
296.204116251229
296.24315103137644
296.2810200534533
296.31759369280337
296.3526674656339
296.3860699651275
296.4176765505432
296.44730698717166
296.4748651791186
296.50028413739653
296.5234788971242
296.54441418435476
296.563046385324
296.5793180867602
296.5935013778108
296.6058814118439
296.6167116714039
296.6261888686685
296.63453363801136
296.64168201098045
296.6469759597709
296.6505196572024
296.65236477790063
296.6525882334697
296.65121951867155
296.64823989506834
296.64368821379406
296.63763860183616
296.6301914511112
296.6214041319276
296.61133396161114
296.6000608853339
296.5876377449452
296.574105939757
296.55952500865936
296.5439544211537
296.52743649443715
296.51002504492124
296.4917817564775
296.47273256467554
296.4529018720451
296.4323390226579
296.4110471512628
296.3891058800964
296.36647603423637
296.3432019324826
296.3193058911959
296.2947598441953
296.269631533571
296.24388765703515
296.21754693052316
296.1906743687657
296.1632336929627
296.1352618681846
296.1068477422819
296.0779088165034
296.0484755517779
296.0186090332298
295.9882417570159
295.9574411540676
295.9262494628698
295.89462560855736
295.8626782347411
295.83052759533706
295.79821141667736
295.76584820139897
295.7337519633803
295.70205602090255
295.67081882393506
295.6399345143619
295.6093302502416
295.57889042591694
295.5485964602947
295.5186444514999
295.48926854025495
295.46059820922216
295.43287310011806
295.4062764383876
295.3810812411436
295.35759793730205
295.33595975515107
295.3164011473299
295.29904835674733
295.2840820705292
295.2715616642035
295.26160370251193
295.25433576754557
295.2497737636833
295.2479840922668
295.2489193744501
295.25252833324885
295.2589302636114
295.26807514984273
295.27991185730633
295.2943827132919
295.31143511460954
295.33108677046374
295.3532174428898
295.377678140843
295.4043403519644
295.43306695285895
295.45377753228166
302.42400294986265
302.4486956722859
302.4759244308693
302.5056321217799
302.53763520192
302.57180576064866
302.60801802584126
302.6461781502702
302.6860581736636
302.7276173647278
302.7706285253853
302.8149730090724
302.8605100153694
302.9071310263289
302.95453719365486
303.00266822664264
303.05138076747176
303.1004572183064
303.14977019225273
303.1990706306502
303.24827219968415
303.29720977447283
303.34562643127066
303.39339859117626
303.44034919787725
303.4862405281862
303.5309477256753
303.5742975785466
303.6160824508901
303.6562021644473
303.694472439357
303.7307863760244
303.76517399017996
303.79754867544955
303.82800000092453
303.8566051312449
303.8834240191528
303.90827129238556
303.93094845605395
303.95128170192584
303.969074328429
303.9843534835536
303.9969487159859
304.0069329233532
304.0143035607232
304.01910864819894
304.02146347596687
304.02145893997846
304.0191715119535
304.01471338787337
304.008231205296
303.99980125377704
303.98949585144993
303.97748043526127
303.9638015813122
303.9485565072079
303.9318375793963
303.91374110000027
303.8943184594479
303.87362535072117
303.8517184159167
303.82868009511833
303.8045492922389
303.77936086914866
303.7531802169259
303.7260440204057
303.69798204744376
303.6690429707175
303.6392626849867
303.60864152376473
303.57725250098673
303.5451046711417
303.5121923237425
303.4786012282201
303.4443076036743
303.4093592592472
303.3737551190179
303.3375573077879
303.3007567229076
303.26336521195833
303.22546043646526
303.18703067803335
303.14816097556286
303.1088523366565
303.0691910258902
303.0293007969186
302.98924020058865
302.9491449966736
302.9090326020053
302.8690018521349
302.8290585345809
302.7893524122703
302.74994425784115
302.7110112534783
302.67264260533085
302.63500931390166
302.5983765963882
302.5628534853238
302.52875770900295
302.4962556610626
302.46564696321224
302.43714603734793
302.41093037998746
302.38721032912827
302.3661395366485
302.3479274415092
302.3326520512706
302.3204283412072
302.31135262054676
302.305473624791
302.30285558337647
302.3034796350748
302.3073756029959
302.3144134373181
302.32465733177963
302.33797176452873
302.3543167792186
302.3735988815026
302.38827924873124
299.5503696641745
299.58205544781055
299.61641142746623
299.6533511750921
299.692700181877
299.7343580994667
299.77811679076166
299.8238915143749
299.8714976889432
299.9207933549469
299.9715875204212
300.02372171787647
300.07703609638514
300.1312322530228
300.1862045981669
300.24170575274513
300.29757487611477
300.3535435212234
300.40943522061116
300.4650439200082
300.5201024759031
300.57447001651434
300.627910607765
300.6801852485135
300.7311104882533
300.78050243420523
300.8281867950639
300.87398003346857
300.9177119674187
300.9592599643324
300.9984628626293
301.0352846212526
301.0696660258021
301.1017252971782
301.1314598132126
301.1588990541606
301.1841462571374
301.20683185996944
301.22659796940286
301.2432495565527
301.2567342587147
301.2669879603375
301.2741011532934
301.27810024793826
301.27911826969455
301.2772750065364
301.2727524319399
301.26562583513925
301.25612070889906
301.2443544084837
301.230490379436
301.2146397305914
301.19693936766663
301.1775129147437
301.1564904686021
301.1339902997724
301.11008588206545
301.08488439072954
301.05841115470895
301.03084464616836
301.0021620715395
300.972443171381
300.941812763678
300.9102530126024
300.877879600088
300.84468665544404
300.8107908150966
300.77614690474553
300.7408309073383
300.704920138865
300.6684115116417
300.63134554163213
300.59375610776544
300.55568713063724
300.5171673139775
300.47819793132624
300.43887471802987
300.39916018239694
300.35911708780304
300.3187544995834
300.2781233569398
300.23723724203535
300.196112180585
300.15476027923836
300.11330453942725
300.0716614155538
300.0299037325063
299.98816340839414
299.9463651648347
299.90468639168387
299.86320313544604
299.82204533560844
299.781422183764
299.74157107184527
299.70267129496017
299.6649237722462
299.6286332759465
299.59405284726336
299.56136648639546
299.53084795635766
299.5027275683724
299.4771508540386
299.4542938853826
299.43431166819516
299.4173810819992
299.40357408177306
299.3929765807663
299.3856978444679
299.38180157632763
299.3813403411498
299.38431171032215
299.3907371842064
299.40060897606344
299.41383390602687
299.4304304650873
299.4503031947955
299.47333674298886
299.49944804530537
299.5188943273644
307.1066300444307
307.1267212291323
307.1491238102689
307.17370959201565
307.2003870503418
307.22903240517223
307.25958469209115
307.2919787255222
307.3260840423662
307.36178249746985
307.399010451704
307.437628904223
307.4775502851112
307.5186653594693
307.5608326895276
307.6039784795483
307.6479316100252
307.69259456182203
307.73782469554254
307.7834434844584
307.82935406711186
307.875347023641
307.9213494652761
307.96712265882536
308.01251274360027
308.05730451113527
308.10142427947665
308.1445879469483
308.18673441487533
308.22761924937464
308.2671299463321
308.3051678217081
308.3416756764791
308.37660995454297
308.4100434097334
308.4420120772999
308.47260549077566
308.50154042082505
308.52845962198046
308.5531201704881
308.57533589557073
308.59488631102823
308.61170483970125
308.6257336253479
308.6369854968262
308.64543718550203
308.65126795617294
308.6545109839859
308.6552963718939
308.65380668665455
308.650145300947
308.6443993269837
308.63676235955216
308.62727949337796
308.61611138769547
308.60332246033425
308.58905196159395
308.5733151673373
308.5562430482348
308.53788952972286
308.51833106318514
308.49761877032176
308.47579514575284
308.45287840158255
308.42902034694674
308.40414654350786
308.37838510597703
308.3516873446506
308.3241811982561
308.2958088821837
308.26665764796974
308.2367139891973
308.2060769208809
308.17464696683317
308.1425659400698
308.1097877869739
308.07633507148046
308.04228929814593
308.0076177349504
307.97233004157147
307.93653094848196
307.9001803280016
307.86337399421353
307.826076969362
307.78840122563105
307.7504281768436
307.7121622180727
307.6736907369086
307.63506232848084
307.5963140691272
307.55754678542894
307.51882636638936
307.48027401373173
307.4420918922132
307.40438907280225
307.3673435945932
307.33125547943706
307.2962554560025
307.2626215323305
307.23058465367234
307.2003243860572
307.17210203558705
307.1460615119642
307.1223368879517
307.10118293601437
307.08265250008515
307.06686237683044
307.05390592935834
307.0438513452646
307.0367191078949
307.0325337927032
307.031301695973
307.0329863412221
307.03755167516005
307.0449293822568
307.05506116950534
307.06785715718905
307.08322888876216
307.09506403839777
302.88016786778115
302.90055931691995
302.923479340947
302.94882348525925
302.9765277452404
303.0064613170636
303.0385061496546
303.07255543941636
303.10855376863566
303.1462996024613
303.1857347419607
303.22673696376154
303.26911865499454
303.3127593869751
303.35750788320024
303.40323216923275
303.44974898300705
303.4968975509395
303.5445476745919
303.5925430215264
303.64064428816374
303.6887448692993
303.7366953190789
303.7843297114228
303.83146596850816
303.8779664768867
303.9236597915745
303.9683929884363
304.01205509784177
304.0544643104881
304.09546723184053
304.13496932954763
304.1728949782394
304.2092190011065
304.2439122730377
304.2769318733406
304.3083779034819
304.33801342022593
304.3655603761654
304.3907460071996
304.41346811766437
304.43359502093637
304.45104460026494
304.46578444475205
304.4777756210621
304.4870582930844
304.49372830592
304.49785233038415
304.4994563050383
304.49867668343364
304.49560092690496
304.49032682451644
304.48301436820697
304.4736394982842
304.46240951867134
304.44938534822046
304.43467686830576
304.41830211570357
304.40040119703866
304.3810810248574
304.3603627532698
304.3383173220088
304.31503983933834
304.29060818468855
304.2650096221734
304.23839947312115
304.2107392284992
304.18214668743036
304.15266388878973
304.1222967020585
304.09115201397896
304.0591751512705
304.02649046428826
303.9930986703497
303.95907499909845
303.9243782440389
303.88913037351944
303.8532879328975
303.81692259250184
303.78005828069155
303.74271854710753
303.7049496425107
303.6667961894239
303.62825723244697
303.5893290096021
303.550158822045
303.510726339511
303.4710991086986
303.4313192259529
303.3914439792589
303.351572895286
303.31182052358156
303.2723126943898
303.2332419805401
303.19472315229166
303.15696950374945
303.1201706082403
303.08451338462413
303.05024195328747
303.0175168951858
302.98655175623975
302.9575484129281
302.93070179439377
302.90612971379346
302.88396323422717
302.8644104216477
302.84753411972076
302.8334496539811
302.8222167318463
302.81393475415643
302.80860339315376
302.8063146785932
302.8069720353519
302.8106153194564
302.8172135205758
302.8267498906015
302.8391797473045
302.8543142524996
302.86623281047093
299.04537079116886
299.09624584708797
299.14636421743205
299.1956508539111
299.24403247664276
299.291443469124
299.3376051288253
299.3818283249862
299.42394191232876
299.4638899111324
299.50168821446704
299.5370166757557
299.56924820009425
299.59835585617833
299.62453896243295
299.6478174760206
299.66810689510436
299.68521200230686
299.69908967722375
299.70976017096785
299.717275445706
299.7214445454112
299.7221390774577
299.7193359631113
299.71302100488305
299.7032903814813
299.6902268290974
299.6740803095811
299.65501458804863
299.63336688780396
299.6094634136841
299.5847242709422
299.5604646948005
299.53741458745446
299.5158394550571
299.4959598489706
299.4778824748425
299.4603061787041
299.44216741740075
299.4230499381347
299.4030645450129
299.38241786268395
299.3611058482973
299.3391306253498
299.316371708752
299.2929541007034
299.2689065158173
299.2443075919504
299.2193042752323
299.19405284226406
299.16858829894693
299.14298399258576
299.1173553019524
299.0916716910318
299.06605625736825
299.040510119466
299.0150995028387
298.9897877497779
298.964572008885
298.9394460613527
298.91432056516385
298.8892402408966
298.8640895655951
298.83881950516195
298.8133698245707
298.78770346083235
298.7618053266482
298.7356094265675
298.7090670661538
298.6821509706872
298.65487973666205
298.627218296215
298.5991549174319
298.57064104918896
298.54170735496103
298.51224269811945
298.4822566188419
298.4517331660487
298.42073876843455
298.3894593896178
298.35819615136563
298.3272528795217
298.2969295431036
298.2695625244258
298.24930284271704
298.23580772979005
298.22601833106796
298.2178998989094
298.21054547025733
298.2035853019798
298.1968359019686
298.1901262602287
298.1840173229846
298.1791822505197
298.1763535057564
298.176911561727
298.18175673958183
298.1912029011865
298.2050547839927
298.22298433121506
298.24487474232683
298.27054510344647
298.2997511187568
298.332215920376
298.36750542319663
298.40518995593527
298.444951055477
298.48657762688373
298.53004902019364
298.57507557578896
298.6212848199685
298.66837335256037
298.7162832777851
298.76501167310516
298.81426984246906
298.8636088221214
298.91286045531035
298.96197770278627
298.99535009165567
