0.006747128338899274
0.0024894131861056008
-0.0013083596174734188
-0.004883769395749475
-0.008281159200960052
-0.011452177522822106
-0.01378112923649915
-0.01565525418239097
-0.01720942877288648
-0.01847023789942648
-0.019355451723232008
-0.019497541064739395
-0.019239861450917103
-0.018623142838454
-0.017663845381865516
-0.016452160673844304
-0.015179136429117113
-0.013723741205002742
-0.012083278546211334
-0.01025827027074871
-0.008286186094298946
-0.006219453612091008
-0.0040403239483419486
-0.0017498084808836925
0.0006451112253443833
0.0030708662700650044
0.005446005593476637
0.007878587268523272
0.010371534011134676
0.01293210570164505
0.015200521490371878
0.016993033130640305
0.018658695423113745
0.020255009624289718
0.021793280648056437
0.023098194954409696
0.024111346162228358
0.0249632885005165
0.025716940608055856
0.02641136169313613
0.030173645600987148
0.03286796767668038
0.035830546909798394
0.03800116400114004
0.04007844782987278
0.042258616565930524
0.04427521029615335
0.046266696916888735
0.048245062406639644
0.050206098411218134
0.052097640484909606
0.053969319604000025
0.05583960964642145
0.05770043997878896
0.059558300921505165
0.061374728345266874
0.06317733499101603
0.06496674119115128
0.06673908919080054
0.0685075402018881
0.07030766081109074
0.0720987309503207
0.07388090503315775
0.07565545532117171
0.07742945346603626
0.07920585099225926
0.08098839757140067
0.08276967066555804
0.08454801528581346
0.08632471384802923
0.08809950930752096
0.08987274451655108
0.0916389284726631
0.09325982369685501
0.09466408037762894
0.09630737572792114
0.09795048137502138
0.09592194441161432
0.09071794978061311
0.0715342181404038
0.06263340913945754
0.054487830841643096
0.053803537895980295
0.05331250604401715
0.05287918415493612
0.055448068673738596
0.0588294922475767
0.06284542528767541
0.06743469159845555
0.07044903631673176
0.07166753066310866
0.073004270197556
0.07459302775336098
0.07645502664990945
0.07739420155404768
0.07748589081092869
0.07717077859119495
0.0764781855949747
0.07542197395454094
0.0748330785882231
0.07429538037984412
0.07351568189202604
0.07250618455218018
0.07129239188645885
0.06945421725897878
0.0672541802659774
0.06480211791940366
0.0621127537881523
0.059158263496344836
0.054989137186637005
0.05044184800679219
0.045576297876071085
0.04037254544584165
0.03484245600235646
0.029249113583308214
0.023590528180602838
0.01780248224122764
0.011870542101019533
0.007746347735767746
-0.006266025726272075
-0.01054644967177966
-0.014093155086589558
-0.017219732046363168
-0.020070820342393172
-0.022714575614582306
-0.02502042778638259
-0.026876699098728418
-0.028348155530552872
-0.029491971461092063
-0.030342838943466007
-0.030840114668603858
-0.030953130314871482
-0.030718029146042564
-0.030159702682799796
-0.02930192287024962
-0.028231105604311173
-0.027001516111995506
-0.02561927949474981
-0.024086742925517622
-0.022411466669260666
-0.020696593704578374
-0.018978438679229295
-0.017239118559528442
-0.015460283445787728
-0.01364042407190274
-0.01186190683885426
-0.010113760469108174
-0.008362087503099544
-0.00657527219987026
-0.004800006403102418
-0.003295340804141126
-0.002051734526816025
-0.0009973693443768037
-8.178082294801321e-05
0.0006869645321767683
0.0012316663056553714
0.0014802710752451328
0.0014207685632638936
0.0013607762227649596
0.001690638106922555
0.0035575995993948383
0.005806273481512828
0.008338791315622046
0.010733114968046785
0.013024865719203952
0.015293664145085812
0.01743129639543032
0.01946589686811202
0.021420244663829385
0.023311534609087716
0.025161305577172825
0.026984027722895525
0.02878370794233041
0.03055888313339102
0.03232824259129309
0.03408865510036758
0.035830525892941105
0.03755587176775796
0.0392620381434693
0.04094414232276252
0.04260364961477014
0.0442473101027033
0.04587915735770411
0.04749929495224245
0.04912976606424056
0.05077304500433137
0.052420455089234416
0.05407131670263405
0.055721569977430316
0.05735973735388731
0.05899560680757827
0.06063372716003576
0.062272840691256603
0.06367463222184969
0.06495010609931616
0.0663225088545209
0.06662576780854908
0.06524233418644809
0.056427309991954666
0.04568206825581496
0.0318119542553116
0.020210604599138197
0.01566120037934205
0.013249234610716242
0.011921882729758694
0.011704761607472448
0.012444212635116414
0.013992360364078466
0.016344527690359885
0.019581780930222534
0.023501982910602844
0.027949648726180526
0.03286726046558078
0.037722634395744636
0.04132569027094809
0.04378220036105523
0.045341234192661076
0.04617098191510915
0.04652804562150928
0.04666076757195573
0.04649225478227662
0.045989580458568574
0.045172155556407974
0.043971331752212656
0.042269188398358984
0.04015475251819101
0.037723351517794323
0.03503344122914445
0.031947005482698666
0.02848096871623529
0.024678227031010323
0.020572327380175982
0.016191258169025318
0.01173932432687765
0.0072481518926677535
0.002701823328896105
-0.0019199427637700004
-0.005110128888009556
-0.06013109737051521
-0.06113667403005776
-0.06215233524279091
-0.06318171875551588
-0.06422450232737273
-0.06527382676220553
-0.06629943997940627
-0.06728105868014678
-0.06821271988350212
-0.0690945580010547
-0.06992727153209594
-0.07069079833287384
-0.07137575086315702
-0.07198203395766693
-0.0725099891146919
-0.07295463659549738
-0.07333183477487142
-0.07364070442072033
-0.07389007964477001
-0.07407809686515235
-0.07420194026920839
-0.07427931899620088
-0.07431154202985708
-0.0742959437594165
-0.07424226610218267
-0.07414595558335264
-0.0740280460208711
-0.07388698530409016
-0.07372515881938925
-0.07354366067615238
-0.0733446792226224
-0.07313124017962828
-0.07289774163077795
-0.0726470570401632
-0.07238151596457278
-0.07210641966185749
-0.07185161683045917
-0.07172846599372387
-0.07171251325095294
-0.0715513272722725
-0.07129645030675273
-0.07072233133513935
-0.0699681949550401
-0.06903617806131021
-0.06803357318223129
-0.06696028338235727
-0.06580807756816696
-0.06461202323381085
-0.06337992109569651
-0.0621165679807432
-0.06082477240915217
-0.05950868816670121
-0.05817148789644343
-0.05681541911946785
-0.05543692428955778
-0.05404588075307714
-0.05263714857409914
-0.05121423241920529
-0.049778349469723114
-0.04832935390961395
-0.0468708902034546
-0.045396647290711425
-0.043916291312616276
-0.042426888721511485
-0.04092943566061148
-0.03942674231910269
-0.03791559776915579
-0.03639971171535889
-0.03487857927924175
-0.033353923353531045
-0.031822611184965266
-0.030285011608800035
-0.028740486929544826
-0.027192510772626854
-0.025699870067074134
-0.024210646260331474
-0.02271691475131991
-0.021438024376610094
-0.02036598311054865
-0.020250396211829773
-0.020454390725327995
-0.021752319717110367
-0.02286296634921661
-0.023699576416498704
-0.024634486219514744
-0.025816862345778326
-0.027255127028420735
-0.02895677941742187
-0.03091472125817959
-0.03302701044718538
-0.0349717795067798
-0.03670495730231018
-0.03821171060136561
-0.03948481892725138
-0.04058394215969559
-0.0416235956982286
-0.04260665168797781
-0.043537800469134046
-0.04441660675623901
-0.04524638513931234
-0.046031716358239064
-0.04677916991692322
-0.04749969583329917
-0.048190619486643625
-0.0488612704813421
-0.0495295859104035
-0.05019387025365343
-0.05086159770057583
-0.051536227916508234
-0.052226438106935426
-0.05295326360903018
-0.05371790101763498
-0.054519067832930625
-0.05535871712720864
-0.05623480328837443
-0.05715410740592434
-0.05811381076514247
-0.05911524204509856
-0.05981828136784556
-0.006520152372531575
-0.007130915055757151
-0.007762019184564543
-0.00840784218846082
-0.009057665645282329
-0.0097059483323378
-0.010332165171886324
-0.010914298000571894
-0.011460572648769816
-0.011963684623633784
-0.012438004952063264
-0.012882828104393238
-0.013295377899196508
-0.013668772329089645
-0.01399758991914374
-0.014281986346898545
-0.014517008518584375
-0.014687900007935347
-0.01479227766828268
-0.014828105724774917
-0.014798792556220791
-0.014699148348618121
-0.014528731523780983
-0.014285227546167489
-0.013979742127368886
-0.013613697327331914
-0.013189538453431947
-0.012699985975110989
-0.012132458961068002
-0.011473071612063079
-0.010740383758756062
-0.009967256665699779
-0.009182710845974724
-0.008406748604861469
-0.007653611894664578
-0.00694700402390106
-0.0063498854619939045
-0.006021020380836886
-0.0060979001529005445
-0.006588413361887861
-0.007424199176748591
-0.008180769684825203
-0.00860112354527106
-0.008508597073512852
-0.008165956895670503
-0.0076868663126996
-0.007043309921599744
-0.006308051507606419
-0.005542185017951737
-0.004761151169723508
-0.003986001387365258
-0.003217886182981254
-0.0024579493700935943
-0.001711845645697808
-0.0009851544959170308
-0.0002636497518134482
0.0004456464381892024
0.0011446196496677588
0.0018344948432371222
0.002508958373665201
0.0031744388649145713
0.0038252815881883325
0.004460558026308088
0.005076965656686209
0.005677648643776068
0.006262207645308234
0.006831522488866423
0.007385437672261638
0.007927367494036108
0.008458680871747108
0.008978536116949081
0.009493631032951208
0.00999619788063677
0.010487266015813752
0.010907003830776573
0.011208305849683539
0.011438409348512816
0.011534585903369537
0.011247321047691267
0.01014733326533853
0.008132891560147978
0.004904213561274615
0.0009381568845633161
-0.0023669721789828487
-0.004572338225128516
-0.005820777493965267
-0.006334538771981233
-0.006324604504659943
-0.0059445237331005275
-0.00531847047638115
-0.004596225621555047
-0.0038718286822852156
-0.0031860205883652275
-0.0025527405196873864
-0.00198385508178179
-0.0014824455588814025
-0.001047290820924315
-0.0006782377609546518
-0.0003732572616706928
-0.00013519390575041863
2.8787621660191316e-05
0.00011126116028552177
0.0001160256590088742
4.1678659390293916e-05
-0.00010167649143114854
-0.00028973613882763105
-0.0005201052999605692
-0.0007946859021244072
-0.0011150053482537462
-0.0014834084799018757
-0.0018930743943402955
-0.002341610276820127
-0.002837895103631185
-0.0033803064185132384
-0.0039714778716297555
-0.004621029746658292
-0.005309246286475436
-0.006029285518626188
-0.006534783693175683
0.0017921042162883914
0.0016138162556100352
0.0014150218245233537
0.0012101568811808015
0.0010072369275008798
0.0008040991622603441
0.0005958768911004104
0.00038933818751129987
0.00017466551408077866
-4.048690719529661e-05
-0.0002619194310359186
-0.0004891645420975928
-0.0007294797064991765
-0.000978155669704839
-0.001224047388672339
-0.0014715106928000431
-0.0017011206377721387
-0.0019021857968012433
-0.0020725093263610985
-0.0022020586814119553
-0.002296572218524584
-0.0023396677797322962
-0.0023292792271410283
-0.002268489427061258
-0.002165888734678569
-0.0020243871906954086
-0.0018437646820770061
-0.0016192450025389897
-0.0013266360142407366
-0.0009542506061698865
-0.0004801391739060468
0.00010670385482391254
0.000852797995936874
0.001785321095056769
0.0029208040694391492
0.0042698047727964955
0.0057890355585873896
0.006994350296740425
0.0076673863031440585
0.007892783100879184
0.007811412593903212
0.007510529384297668
0.007076822985054729
0.006581590206439091
0.006077085371581647
0.005602714394731155
0.005167543821085021
0.004784037734347521
0.0044540557541733776
0.004179733009600956
0.003952602966850854
0.0037718749041530256
0.0036240153484510696
0.0035066178565049226
0.003412500062086901
0.0033335441029802033
0.0032715962086944566
0.0032272002094026232
0.003196720027687871
0.003176751694309219
0.0031649015323303924
0.0031629947678123624
0.003171307508260724
0.003188139009982456
0.0032174921074874414
0.0032564075320333646
0.0033035284957927116
0.0033616585202427035
0.00342697283519833
0.003501506007944763
0.0035896568040730548
0.0036871612523992374
0.003797384771982212
0.003911637238425738
0.003997190063916308
0.0040171733850125615
0.0039746596261190925
0.003828862148128059
0.003425105957787859
0.002459550948969706
0.0007950371741277613
-0.0018363005293745903
-0.005199226830692058
-0.008321824894577619
-0.010569887434375761
-0.011768496397887705
-0.01205293822359147
-0.011660527927416776
-0.010818422983327752
-0.009695214914817101
-0.008483925591656772
-0.0072844566308187635
-0.006128992315933688
-0.005029507133219849
-0.00399190038892441
-0.0030253062494299742
-0.0021307905417624717
-0.0013132117404904336
-0.0005879494595646168
3.957268058915568e-05
0.0005391350103521403
0.0009040596693325089
0.00112889887105795
0.0012242642566090696
0.001208531786618041
0.0011021519883237442
0.0009365985138649485
0.0007198846964735834
0.0004713107641978983
0.0002070199694040026
-4.45162679849145e-05
-0.0002732003036501322
-0.0004995479723497885
-0.0007234274952943615
-0.0009686409016926405
-0.001253124028215014
-0.0015709366869208709
-0.0019196339266300943
-0.0021705244256825158
-0.0049339604879672285
-0.0051982502066174425
-0.005476960680265637
-0.005770456361595457
-0.006077917857957364
-0.006395967355503909
-0.006723261450115384
-0.00705836754241561
-0.007399528906766377
-0.007738407312744945
-0.008077020464960713
-0.008405717810783616
-0.00872599946959524
-0.00903995115797991
-0.009341564261280967
-0.00963022572115493
-0.009913227327524555
-0.01018003109341209
-0.010431689721250996
-0.010667991041088322
-0.010890329051334543
-0.011093417362400403
-0.011277019768269152
-0.011441039456541936
-0.011581604287639064
-0.011702346739638192
-0.011799350000153893
-0.011872251746844602
-0.011915671193042762
-0.011924930908265737
-0.011900275023510426
-0.01183013920037899
-0.011714222217771356
-0.011552864808356733
-0.011346358431339102
-0.011093435883297495
-0.010800722507575498
-0.010476741978022433
-0.01013823532686249
-0.009815414514472617
-0.009528991273330048
-0.009298420955036356
-0.00912255222726719
-0.008992854670206612
-0.00888996962605622
-0.008794713933161122
-0.008694585418840944
-0.008576852415244429
-0.008438437530550005
-0.008268861347148704
-0.008077524769411648
-0.00786148787095973
-0.0076238505302400365
-0.007370595451146781
-0.007100580015708456
-0.0068195808417353095
-0.0065288581201170745
-0.006227262593949607
-0.005915946893207891
-0.0055973437469308595
-0.005273264645605838
-0.004940968128848555
-0.004604015055815762
-0.004258123579549078
-0.0039103775284810745
-0.0035595125479301205
-0.0032048931620932927
-0.0028435500991583545
-0.002475822731696298
-0.0021044463494155107
-0.001727775576079701
-0.0013454806391068371
-0.0009641639050940341
-0.0005846795630116597
-0.00020760788123115077
0.00016124241470604194
0.0005205876484251466
0.0008679115685311366
0.0011946243445903212
0.0014867516042121438
0.0017035164738562127
0.0017901074505747524
0.001699730115579575
0.0014054278205216885
0.0009501356055575616
0.00041071676173186827
-0.00015522853370290298
-0.0006961191813128256
-0.0011867362782130007
-0.0016075782849554637
-0.001949490620022818
-0.0022145732301967398
-0.002405486650380384
-0.0025296675982635457
-0.0025981950121554344
-0.0026185979064671672
-0.002596816948208677
-0.0025488258780519044
-0.0024736773155040834
-0.002387541528592419
-0.0022941065813298334
-0.0022027127213898184
-0.00211834414935264
-0.0020527072454368735
-0.002005619378475463
-0.0019810009732011426
-0.001982259856837896
-0.002012624088519563
-0.0020726026000161446
-0.002157641524015072
-0.002270114931317618
-0.0024092205304840912
-0.0025728096081982558
-0.0027561284240061835
-0.0029639425505118486
-0.003188840655732928
-0.0034342382105873055
-0.003699658824475949
-0.003887645345835732
0.013955332716140847
0.013833134916369007
0.013704189639476557
0.013566955769195792
0.013422705050529535
0.01327226158913157
0.013116085226301448
0.012957531394200625
0.012799830027013367
0.012641968927588447
0.012487415879891538
0.012332502494191051
0.01217683464516236
0.012020754973988261
0.011864613848719842
0.011707849656471135
0.011553835079399118
0.01140191510902449
0.011255721952759942
0.011117310105669898
0.010982242361668929
0.010857779928164687
0.010743268988017135
0.010632705942477562
0.01053703241390606
0.010449351489629716
0.010378069184061364
0.010328405928786666
0.010303826620803114
0.010308444194309646
0.010341313603269916
0.010401888316647772
0.01049255379491468
0.010607000043618552
0.010749464583097331
0.010917496429047102
0.011108333631177627
0.011269716618553017
0.0114002234197355
0.011506365341410047
0.011594301456870054
0.01167315639141234
0.011743201911148615
0.011812172055154436
0.01188264254592159
0.011956733507857219
0.012033962909979356
0.012116700207664486
0.01220360305219585
0.012295780569902931
0.012394631002673169
0.012498859523053291
0.012605021846944366
0.01271480132897027
0.012833642684897525
0.01295184051430228
0.013074687587484807
0.013200953508000438
0.013330351955636055
0.013463826126730822
0.013595208148395115
0.013732625350162292
0.013873219875610939
0.014018263315258917
0.014162451898720015
0.014311499164083696
0.014463093020779383
0.014613456814721107
0.014766976102004625
0.01492299921379667
0.01508141868006232
0.015239511224969823
0.015402585534130807
0.015567570622116191
0.01573477388930694
0.015898197389447196
0.016058645298595166
0.01621037339609288
0.016345421432556118
0.01643996687334681
0.01647318519097876
0.016420222423052504
0.016275603964693797
0.01608665225983501
0.015895115555451103
0.01572914808640459
0.01559401535198668
0.015495333379506355
0.015428019628487775
0.015394107337361419
0.015386122154587494
0.015394444956316715
0.015423383607658879
0.01546356431561165
0.015521363978389878
0.015584096147770482
0.015651303847905924
0.01571694420188209
0.015781732946853942
0.01584116294410217
0.015893229525286552
0.015932962006984373
0.015962058400555205
0.015981515628368366
0.01598815583594626
0.01597972233516696
0.015961992954467815
0.01592974095227994
0.015886528066427673
0.015833263998783063
0.015771663158451858
0.015692125413946302
0.015602776451170296
0.01550073186427492
0.015391956682009844
0.015270575737523254
0.015147626003014919
0.015017929165881528
0.014929066130480945
-0.00849133752168338
-0.008679256314404252
-0.008858527707112356
-0.009034699989366011
-0.009200729454001966
-0.009361309724649953
-0.009520796219199766
-0.009676675002495324
-0.009830902465583356
-0.009981732222107735
-0.010125637280361257
-0.010263038394627184
-0.010389222052252125
-0.010506356938329737
-0.01061068092055689
-0.010702868019049934
-0.0107825481570544
-0.01084798287413438
-0.010899886524732921
-0.01093219114602518
-0.010950048002959874
-0.010947221275376985
-0.010937653783853762
-0.010903579672331128
-0.01085673115192758
-0.010789371682779096
-0.010701044998138048
-0.01059894817679414
-0.010483532564577817
-0.010356346062477187
-0.010224313567814837
-0.0100808805961445
-0.009928149270549694
-0.00976727320198411
-0.009601777885631177
-0.009430621892193992
-0.009260262257129292
-0.009132796325799945
-0.009051834325801285
-0.009005837405371692
-0.008987065833107133
-0.008985252843646683
-0.008989657330954498
-0.0090002653855498
-0.009010946463492186
-0.009026516166371639
-0.00904749024972034
-0.00906745285406818
-0.009090342515637824
-0.009108013501878834
-0.00912056258842722
-0.009129050034619984
-0.009139866398146864
-0.009143738605434187
-0.009150147885422425
-0.009154625136091488
-0.00916017210449016
-0.009167070751552034
-0.009173474112058901
-0.009182818620429845
-0.00919477415743353
-0.009206022109275827
-0.009217855531558584
-0.00923342909774913
-0.009249168864205534
-0.00926316917901991
-0.00928030171722366
-0.009295208288437107
-0.009313590604490352
-0.009334320159697058
-0.0093634804526905
-0.00939746397246795
-0.00944025855646417
-0.0094849353238609
-0.009531185466077067
-0.009585449105388902
-0.009635877636305776
-0.009677779032757145
-0.009704110286766791
-0.00972076277494017
-0.009726126412583138
-0.009731774835128047
-0.009734665961321392
-0.009734635514390187
-0.00972005467684904
-0.009688113693387939
-0.00963671108669922
-0.009563289895726409
-0.009473522733165091
-0.009371093281024078
-0.009256358479460146
-0.009138692240166344
-0.009015528132614426
-0.008890480103024567
-0.008767349408826917
-0.008654148713337537
-0.008556808555931696
-0.00847328276289512
-0.008417640046130243
-0.008399923424623135
-0.008420159959391535
-0.008480585180417553
-0.008577324896794525
-0.008715336282472418
-0.00889095143946484
-0.009098650765720905
-0.009337011819300528
-0.009597394136874566
-0.009885945319300675
-0.010197825263747297
-0.010528160580999204
-0.01087196605645448
-0.011226540009370064
-0.011594345296387512
-0.01196274798252058
-0.012332527994637826
-0.012701764676554109
-0.013063720839696808
-0.013304200020641595
0.012487649745725875
0.012214699360033584
0.011937778244363515
0.011663329225074794
0.011390385908159805
0.011120408427638964
0.010854671268873028
0.010583457592143566
0.010319387343808913
0.010061343568573149
0.009808968320541494
0.00957088148334172
0.009348160418113947
0.009143402772971338
0.008959029794344542
0.00879437664333377
0.0086511647216429
0.00853229846210542
0.008438356930612578
0.008368577892942413
0.008324966896764681
0.008311712107331382
0.008322150195714076
0.00835984629795679
0.008424812029557124
0.008517940176494813
0.008639039041380617
0.0087822195347668
0.008952419727278425
0.009143605965260532
0.009357960464914342
0.00959474607679921
0.009849549474181424
0.010122714360141316
0.010411109395345843
0.010716309902820772
0.011025140593873333
0.011279388569775806
0.011469328194072889
0.01159892171179549
0.011679342264633383
0.011725850955596487
0.011755298509481406
0.011774395496025885
0.011793847813654942
0.01180880781760748
0.011820480658826444
0.011830083741682108
0.011841488762984919
0.011850777250533554
0.011861991474865816
0.011875498123645488
0.011888184142843499
0.01189695696171595
0.011908256788397006
0.011913799466710192
0.011916851260382921
0.011917214748306966
0.011916234464375595
0.011913067453017259
0.01190585713252518
0.011901182713299945
0.011894468758355217
0.011887722088893223
0.011883635827462852
0.011880481437301357
0.011877212056385162
0.011879498588398133
0.011883204066934605
0.011888303136462922
0.011890170103126001
0.01189405014465638
0.011895787856915637
0.011900056559938609
0.011902242957190988
0.011904910211229877
0.011905857322227658
0.011911907874708113
0.011914834244239288
0.011911062207894148
0.011886178891671633
0.011836180118886482
0.011752971346950771
0.011649097634970079
0.011541905747416828
0.011438702326506052
0.011349134193096182
0.011266114524645219
0.011204284660140493
0.011156861394286628
0.011124483475402801
0.011106657230084098
0.011094716444957103
0.011089108901643085
0.011082210616530124
0.01107019366583328
0.011044725330316054
0.01100600814567291
0.01094899619156438
0.010866747962867471
0.01075952615839863
0.010626540470492968
0.01046745669302724
0.010280510641949878
0.010061497585827925
0.009819037192875999
0.009550814678716229
0.009268565040891363
0.008967955463769347
0.008652492030742366
0.008316746496769842
0.00796770705786049
0.0076107840283188835
0.007237260531909087
0.0068579454112005075
0.006467066532022803
0.006066274288313326
0.005661376934413459
0.005380139936938149
0.004858603980311195
0.004695477853578956
0.004506614563108016
0.00428443558031145
0.004033658015222516
0.0037529239219756395
0.003443494309715941
0.003107807614840078
0.0027454515087606914
0.002362872786845528
0.0019567259469925194
0.0015308098652929412
0.0010897109398676505
0.0006366318159241571
0.00017252072875582474
-0.00029685366024451414
-0.0007673760567021475
-0.0012351341595232203
-0.0016972326758597684
-0.002146329564762838
-0.0025791771713177068
-0.0029931053883302037
-0.0033853749523091244
-0.003756041385771255
-0.004098532800806752
-0.004414695895542326
-0.004699424252985829
-0.004955159290273975
-0.005180253848705657
-0.005375399827812179
-0.0055400134101049586
-0.005676854739435138
-0.005778597143125351
-0.005856214220537205
-0.005903980573110759
-0.0059298173761554145
-0.005930863381568852
-0.005925656703402523
-0.0059406336148327245
-0.005982877788938726
-0.006059978591564898
-0.006169972217362281
-0.006303646883244116
-0.006459515382672817
-0.006624982812556277
-0.006792404717916488
-0.006961703445479407
-0.007121038032003061
-0.007270097740200491
-0.0074043219508184545
-0.007524038337288774
-0.007622801521430063
-0.007698466064698365
-0.007758153358308297
-0.007795022852721844
-0.0078082156696416315
-0.007799903994664266
-0.007772239196581716
-0.0077240930341163335
-0.0076559664782749415
-0.007569059126911416
-0.007460845381595439
-0.007338853672809387
-0.00719929522055183
-0.007041014497828462
-0.006867607836673847
-0.006680210058081076
-0.006475841941555686
-0.006259500384974762
-0.0060328288921250185
-0.005790437753594006
-0.005537429638967375
-0.005273734876434369
-0.004997583622200074
-0.0047160018245534716
-0.004424284975836374
-0.0041214744456044144
-0.003812962763959938
-0.0034979729807089583
-0.0031786094946731226
-0.002852997441509976
-0.0025249489468000676
-0.002201248860141142
-0.001881976038442274
-0.0015733361222429582
-0.0012765054279719416
-0.0009848173903948816
-0.0007066715822470446
-0.0004349263546998118
-0.0001666178629988427
9.518592474998453e-05
0.000353733904803888
0.0006045146612752504
0.0008518699676172229
0.0010929091442275951
0.0013292498866288788
0.001557642694367701
0.0017763361923737145
0.00198299786554817
0.0021787490752402045
0.002360018606988898
0.002529228257393225
0.002680731665932943
0.002814519561564886
0.002929673929318539
0.0030283950721486
0.003106739438512276
0.003165194419161299
0.003203433343036927
0.0032204938985186176
0.003219651455134934
0.003195449812209796
0.0031483060992455077
0.0030782650599273454
0.0029854331743398555
0.002868775932058909
0.002724911761759031
0.0025533352523375774
0.002423665829428023
0.0009146589966572359
0.0004761691453351981
8.818110560464347e-08
-0.0005114795742740052
-0.0010523220899039333
-0.0016238115217838906
-0.002220006348268691
-0.0028381994313056115
-0.0034733544508104277
-0.004120570265918993
-0.004780612187383534
-0.0054484920177733185
-0.006120597291072642
-0.006791521955919096
-0.007462279747337327
-0.00811816695272632
-0.008765491928040076
-0.009395230661266013
-0.010003622776598829
-0.010593075522016354
-0.011154056567742796
-0.011686935444588015
-0.012189721455631746
-0.012657592474883399
-0.013090681727815833
-0.013489839470402056
-0.013849751718212582
-0.014171960284766381
-0.014452790091890788
-0.01469773744521468
-0.01490266928051488
-0.015071484208534923
-0.015202961324644925
-0.015303702682112558
-0.015369469776152072
-0.015409046640886217
-0.015420518193937182
-0.015427451565479661
-0.015452728950514312
-0.015513352151019856
-0.015604513249509762
-0.015715180471242537
-0.015836775573319906
-0.015961160887886044
-0.016075554254863175
-0.01617598598185205
-0.016254309817566755
-0.01630471551424768
-0.016330100113571482
-0.01632724911039749
-0.016290300403434457
-0.01622370857728827
-0.0161270460362234
-0.016005249650686216
-0.015851758304864502
-0.01567294839127252
-0.01547152865347871
-0.015246996094253638
-0.015003272375507581
-0.014740933352863332
-0.014460817930457327
-0.014167151365673186
-0.013859890581682178
-0.013541101368942769
-0.013211764009018556
-0.01287346634156411
-0.01252334270559702
-0.012168796201747035
-0.011806181286587397
-0.01143822662548979
-0.011065339111796337
-0.010688571542471017
-0.010303552495996982
-0.009921644327102658
-0.009529596933806343
-0.009138026074381526
-0.008745077974269903
-0.008346396201924953
-0.007950247201383596
-0.007549961946434156
-0.007147392087309558
-0.00674090499561642
-0.006337383239279324
-0.005928296570140148
-0.005520955674677628
-0.005115388131888073
-0.004709510373835979
-0.004308494257792571
-0.003908293240544676
-0.003511282006117629
-0.003117813463158245
-0.0027287493921773014
-0.0023447026448948595
-0.001963549024188488
-0.0015921411714837706
-0.001227356521102112
-0.000874357909307785
-0.0005360908160116788
-0.00021458753357009582
8.28499080090204e-05
0.00035363854337574065
0.0005943023564354497
0.0008009918098013275
0.0009728192054223267
0.0011056201349023294
0.0011996177614211924
0.0012532132454965914
0.0012637690603146592
0.0012331485091912357
0.001158190137086567
0.001040145190712211
0.0008822263742012985
0.0006802863938893656
0.00043412607192048244
0.00014612842356868494
-0.0001861657106723366
-0.0005582462231669226
-0.0009673696021449869
-0.0012692549638935447
0.01635604481155903
0.01626050165031692
0.01612926352233138
0.015965313359243005
0.01576386817892638
0.015531745817464911
0.015265711393064922
0.014965181503290573
0.014639505698122075
0.014284016651113755
0.013902010821771811
0.013501061735802077
0.01307998340322972
0.012642793100088277
0.01219942919366011
0.011752863231974341
0.011302352696494697
0.010858585800016349
0.010423239661600907
0.010003184834157283
0.00959799329172593
0.009215317077242552
0.008852560165082133
0.008515891892662936
0.00820201659070248
0.007915598507281992
0.007656695560151596
0.007420265636263868
0.007211174019517671
0.007026324339964569
0.006866702500598673
0.006729353400518458
0.006614521197335423
0.006522387345841621
0.00644612030149818
0.006385911123926645
0.006338629745499006
0.0062891955522118405
0.0062089501354255765
0.006081484989645649
0.0059083293045052165
0.005691848693799247
0.005448324618089625
0.005191985444059141
0.004932399818749213
0.004679890966377283
0.004446150114546928
0.004230628648827503
0.0040430779996287435
0.003885273361142292
0.0037548266865276873
0.0036557250078382967
0.003583825799016989
0.0035421056578498855
0.0035261472438248473
0.003537664389047348
0.003572452581012248
0.003628785164325264
0.0037069410321979405
0.0038055735110431948
0.003920754784692831
0.004052242488725681
0.004202917167244735
0.004362185582778109
0.004540668180798953
0.0047307809402791536
0.004932193973020121
0.005146995625037074
0.005370784145621039
0.005603333501265884
0.005848138602926492
0.006101898364976449
0.006362552790097035
0.006630743863564807
0.006907322053969103
0.007192194282868359
0.0074843422050980355
0.007779457005251814
0.008083648729993221
0.008388585042242522
0.00869947735223708
0.009008666936493465
0.009318725276223475
0.00962236604909803
0.009919602348123299
0.01021162558072311
0.010497592849678649
0.010776889604962224
0.011050069401529174
0.011318948653947334
0.011583783338273593
0.011842368840475102
0.012099080823955876
0.012350602431314634
0.012601300953534095
0.012845924524862216
0.01308462703322764
0.013318710869871906
0.013545515862411083
0.013760961772229362
0.013970566751728367
0.014171144852668802
0.01436083556206454
0.014544424538568797
0.014712266521582924
0.01487358753125298
0.015018847855567565
0.015153396160334141
0.01527860273654949
0.015384241342402941
0.015473256039042
0.01554649715276247
0.015596316630109032
0.015627389863624032
0.0156359794819485
0.01561720578884528
0.015571935047861687
0.015500023798505002
0.01543134420163955
0.019548177618591296
0.019323378829314532
0.019053232103297624
0.018735413858300253
0.018373369284738116
0.017966646263006803
0.0175231305898735
0.017038369449078508
0.016520048910154725
0.015970852675916462
0.015390475444847788
0.014788825390324946
0.01416246195201853
0.013520315201511682
0.012864572510018572
0.01219793496076543
0.011526501294177049
0.010855275212106942
0.010185085383922805
0.009520331927600833
0.008866723546233236
0.008226998327685845
0.007602116160469642
0.006995044596871102
0.006414267052271269
0.005856772562264778
0.005325259134476532
0.004823710984973109
0.004350620498890466
0.003911227026586383
0.003499439121234657
0.003120990946159795
0.0027723333489832348
0.0024566043909111683
0.0021654470126739843
0.0019057039805304972
0.001674118929431786
0.0014572683775263499
0.0012377812981733672
0.0009981530662464598
0.0007352936220191137
0.00045221307845150433
0.00015428205311883458
-0.00014979426885347767
-0.00044903958912076805
-0.0007348851719710925
-0.0010051431719821679
-0.0012474901963798709
-0.0014639093895312818
-0.0016471677065671415
-0.0017973819908317188
-0.0019096588318557343
-0.0019850752233874593
-0.0020229275456358667
-0.0020246599936085364
-0.0019870225310178
-0.001917228741804505
-0.001813834229458435
-0.0016769702218558517
-0.0015095823749780059
-0.0013106345985872574
-0.001090852460786116
-0.0008385147639829106
-0.0005663461934600627
-0.0002710911692768333
4.9759616179373756e-05
0.0003866613601586091
0.0007435160684522981
0.0011181291094620584
0.0015046511646644195
0.0019116542771629378
0.0023300970300628478
0.0027618487101711106
0.003205416027968494
0.003656843641076375
0.004121465968847622
0.00459236553180396
0.005072711686704572
0.00555993681273066
0.0060549190874130245
0.00655465135145617
0.00705898263394484
0.00756970234339757
0.008080535055408965
0.008592302836438663
0.009103028505114089
0.009613852605592978
0.010122229901484292
0.010625721740363402
0.011128149303398848
0.011625820366204373
0.01212000534559329
0.012613052151603106
0.013099604011475394
0.013579270647673695
0.014053921942124707
0.014521960180047136
0.014978605478457543
0.015425478109114807
0.015856500143650663
0.016272132822887763
0.016666397311455992
0.01704173371124486
0.017394670994872356
0.01772278543836332
0.018023312364577715
0.018294558721315926
0.01853196821305573
0.018739963179912066
0.018908916906264155
0.01904085391760892
0.019136345586809655
0.019189914862735157
0.019199843066723166
0.019167288389846927
0.019086699312481824
0.01896171903843368
0.018791022407790382
0.018648722941350736
-0.010536918194854328
-0.010590871224062411
-0.010671271970154361
-0.01077083728868012
-0.010896858325613138
-0.01104629719865742
-0.01122442351530843
-0.011441938097263203
-0.01169279111583615
-0.011969721788763604
-0.012269312551955324
-0.012591259038551532
-0.012935987724193677
-0.013303023066380943
-0.01368133241014398
-0.014074536863448039
-0.01446412631957275
-0.01484790716366155
-0.015216389977132082
-0.015566889614476186
-0.015907592509666033
-0.016230140333250154
-0.01653248233684049
-0.01681945678325665
-0.017087864279173602
-0.017335571811020065
-0.017579697813123827
-0.01782349699613642
-0.018062167684474554
-0.01828505191572869
-0.018484552124329475
-0.01864633358497251
-0.018745156321905168
-0.018777809004488114
-0.018738921629160563
-0.01863214976991983
-0.01845198937604729
-0.018278733075713708
-0.018187010092917344
-0.018200944080723744
-0.018328430250273104
-0.0185586601399335
-0.018851513169399522
-0.019171778798910577
-0.01949387908933483
-0.019793903043387556
-0.020061823771845545
-0.020297803870223587
-0.020496155889270503
-0.02065866326895158
-0.020793433013863716
-0.02089639696908637
-0.020972130665081173
-0.021024269651580815
-0.021054244236381504
-0.021062315776131504
-0.021046615990620708
-0.021009874971580897
-0.02095501257869087
-0.02088664597613791
-0.020800547722555986
-0.02070341971162599
-0.020594097738591766
-0.02047381488245451
-0.02034744272326703
-0.020209364974396446
-0.02006503741004315
-0.01990715109886433
-0.019743058275933333
-0.019573659552611766
-0.019398513152660474
-0.019224594259235155
-0.019047252191145444
-0.018869479696621134
-0.01869133131526679
-0.018507795309092332
-0.01832696869514914
-0.018154857110835844
-0.01799954756958933
-0.01788397734544245
-0.017844423835987368
-0.017922833753289267
-0.018157179106957598
-0.01850779179696858
-0.018880164488047347
-0.019169746657002423
-0.01933721165818253
-0.019366081566468702
-0.01924101299649667
-0.018964813124401098
-0.01858724830954758
-0.018158783884984812
-0.017693855149992836
-0.017207908858372926
-0.016691913978102196
-0.016139949845033214
-0.015549757326964385
-0.014943658736713977
-0.014346281516548128
-0.013781315161447247
-0.013248171632560285
-0.012755771589151501
-0.012308561260206073
-0.011917258990972865
-0.011577019318748204
-0.011292480385067624
-0.011066037952891971
-0.010893214486395004
-0.01077495196907725
-0.010713715398206937
-0.010707040705272725
-0.01074823006021115
-0.010826475013179257
-0.010940446927825644
-0.011076879457218866
-0.01122232379044535
-0.011384956378902794
-0.011564432865835993
-0.0116978951921545
