290.99718977885794
291.28414576098885
291.5580757313324
291.81972077397035
292.06909701349
292.30520817992664
292.52038906871394
292.71853031418897
292.9003155136248
293.0659717188761
293.2139082679549
293.3385161958374
293.44365787188116
293.5295505036516
293.5964510168302
293.6434494585521
293.667377571469
293.67034388895826
293.6526043987052
293.61452296174673
293.55413410466224
293.46987385681996
293.36494617353895
293.2399779896192
293.095385860357
292.93387990940266
292.75832678831637
292.56763938648834
292.36238672938316
292.1429236470272
291.9245361409007
291.7139154916161
291.5030331416505
291.2920243612699
291.0812084729487
290.87434145386425
290.6710511500008
290.4697798003294
290.2703354063337
290.07246116986227
289.86665419783105
289.6664571797319
289.4632208798418
289.2665027669703
289.0718324621697
288.8794420804292
288.688547743516
288.4993534993193
288.31188198963946
288.1261584394301
287.94175556799456
287.7589983081583
287.57788463924163
287.39837894895334
287.22053367479447
287.04449298631204
286.8701569230044
286.6974903272873
286.52649854708034
286.3570450685522
286.1886180108014
286.02167874001265
285.85619542428964
285.69211331158806
285.5294892716567
285.36848293491755
285.2088695261322
285.05071787746715
284.8939811933897
284.7385643186152
284.5844281607418
284.4316806542139
284.2802519822165
284.12983804448174
283.9802736769184
283.83246864571174
283.6859999839395
283.56560994718114
283.449672664639
283.3827647119372
283.2859801459504
283.2210032438005
283.243095680058
283.375563218739
283.41259551208515
283.451444327745
283.4960074552587
283.54510266798053
283.5976486374515
283.6696432952041
283.7621661091317
283.8639406411758
283.9740928090189
284.09222155309607
284.22805214732495
284.3810037694988
284.5490149232175
284.73248508355033
284.93190582137385
285.1431538318558
285.36896850984056
285.6107553427235
285.8687796737669
286.14310025219675
286.42807040490413
286.72583168980384
287.0361305709066
287.35875133000116
287.69313582453714
288.02984120385895
288.3710613496286
288.7165781150863
289.0660713877688
289.4177435990562
289.75564553864194
290.08661404466255
290.41101279273147
290.7287065701662
290.9408134757708
290.9032597350761
291.1849361206727
291.45072037195513
291.7013953256713
291.93800829904967
292.1612464532397
292.3702363893581
292.5636897122657
292.74144235071117
292.9035577577277
293.0501380733069
293.17894150240926
293.28836460712506
293.3785432101711
293.44996594787574
293.5029025893322
293.5358355276563
293.5480868225572
293.5401162679827
293.5123878172051
293.46533739640205
293.39839853547926
293.3118927956219
293.20625733268065
293.0818695710124
292.9394322869826
292.78221532860414
292.6118844525456
292.4285052135156
292.232016209897
292.0248484824371
291.8180238094946
291.6143720000436
291.41354631022654
291.2151993405567
291.0195832833004
290.8274285412422
290.63620348576904
290.44548691875207
290.2548449781822
290.06375309060473
289.8687467168633
289.67279484122963
289.4760506625606
289.2814747583413
289.08947617424934
288.9000781313141
288.7129045233118
288.52790349951954
288.3449619712292
288.16402461551365
287.98478094047283
287.8072894933652
287.6314902755622
287.4573562608241
287.28495107940114
287.1142435896538
286.94526120580053
286.7779406383912
286.6122452408
286.4481906802938
286.28559541010145
286.1244871625149
285.96480552673296
285.8065874634306
285.64969099526826
285.49409743745457
285.3398892486653
285.18704870071986
285.0355246661409
284.88538798659846
284.7365817851097
284.58911901850865
284.4429329040689
284.29749579185915
284.1530955170731
284.01016128801916
283.87605018484635
283.7541747808501
283.65867245615976
283.5697423902808
283.5059155310711
283.4835084735949
283.59992619025365
283.7604394345539
283.8889261765127
283.993112140761
284.08376162610045
284.16584643850325
284.241361715062
284.3112170217174
284.38069098227857
284.4529188426944
284.5292645687831
284.6136032404725
284.7159709893532
284.8387364990816
284.9812906919841
285.14269295646403
285.3219111314058
285.5185362185021
285.73280389981164
285.9646357054878
286.2136771941417
286.47957813656365
286.7615898556797
287.0581326227523
287.3679261280852
287.69003050511265
288.02100331327006
288.3554529140661
288.69238648330906
289.03139437943577
289.3720931959259
289.70697987659946
290.0305376714794
290.34367348884336
290.64705271468534
290.8480809673107
290.78984324388193
290.9010833692435
291.00987539041597
291.11611283744446
291.21971054230073
291.3206144494788
291.41867119941116
291.5136801667583
291.60549086736927
291.6940473762505
291.77918813869144
291.860717745956
291.9383674546094
292.01203941512824
292.0814988020712
292.1465946895313
292.2068000534714
292.2617833895573
292.31131848124943
292.3553384798128
292.3935957483502
292.4255697395353
292.4510941416586
292.47008541885145
292.4824594022754
292.48816298263307
292.48708192593784
292.4792577797975
292.4647326780181
292.4435639471199
292.41647325515237
292.3866710056186
292.35476340067055
292.3210315423819
292.2856707916254
292.24880690107983
292.210387345066
292.16729848496186
292.11968828450944
292.06787722753603
292.01322055275705
291.95532911288797
291.89483706284034
291.8318298401772
291.7671698954743
291.70112718212164
291.6338626383
291.56551401423735
291.49614347370823
291.42588529855675
291.35478361141554
291.28295122803894
291.21045307634773
291.1372900945456
291.0635645660343
290.9893061391804
290.91457958158463
290.8394121964424
290.76380609525836
290.68785684586675
290.6115429572897
290.5349251379329
290.4580493818424
290.38090338465815
290.303505791715
290.2258847732618
290.148061058254
290.07002195663625
289.99183568624096
289.91347412628596
289.8349362721096
289.756341622688
289.6776289473908
289.5988273054435
289.51977074035364
289.4406889304607
289.3615606967912
289.2838535063314
289.2074878808276
289.13449623724665
289.0627913052715
288.99765040990184
288.9350824807934
288.880783927937
288.8254643099423
288.77281505727643
288.7237168862451
288.6783128295917
288.6367167061494
288.59975872792205
288.57025328997554
288.5486755424383
288.53519265963024
288.5298529284717
288.5338847465152
288.5498148304842
288.5776678351808
288.6173419509279
288.6687954112417
288.73094548643894
288.80206805137544
288.88193046308106
288.9703762955152
289.06727577259596
289.17061411229065
289.2778104592718
289.3886403885646
289.50295686063794
289.6206527262297
289.74033869901115
289.8605465732058
289.9810342197738
290.10158163001324
290.22212255646235
290.3418605410094
290.460111268647
290.5766743667297
290.69145811442996
290.7684330374983
294.7726972683435
294.91834570457183
295.0561315573771
295.18608972054636
295.3089096641872
295.4253747256873
295.5344902093285
295.63427548922857
295.7248818513404
295.8068737156527
295.88073476274315
295.9451266556315
295.99834200592153
296.0407360644977
296.0729472781642
296.0955314500491
296.1076913659088
296.1084881336453
296.09808183130946
296.0766498209463
296.0444232707769
296.000555837681
295.9442438087242
295.87553338455876
295.7946577723162
295.7020313709672
295.5984075435596
295.4849715916796
295.3628045761346
295.2324239741247
295.09460692431225
294.9548809232442
294.81880657992974
294.6890092789502
294.56661332359704
294.45224173928943
294.3462356042257
294.24403865233063
294.1426810704918
294.04176405508304
293.94163006065065
293.84158837769496
293.74088814570655
293.63824585952443
293.53547764815676
293.43357802699245
293.3332254456606
293.23445124699094
293.1372582283687
293.0415695326276
292.9473704602831
292.85460304997446
292.76320177990834
292.67311327508156
292.58419331996896
292.49638729983116
292.4095892760564
292.3236909971954
292.2387131962587
292.1545424255124
292.0712149485244
291.98870527136654
291.9070022160656
291.8260614301405
291.7457991811854
291.6662432019432
291.5873872249598
291.5091030930197
291.43143470286054
291.35428952404527
291.2776966816957
291.20157482562314
291.12592981144263
291.0507844139258
290.9759208289303
290.9012496854453
290.82693873365514
290.753703291009
290.6834306370083
290.61738542975365
290.5553511639669
290.50005237414877
290.4577703581555
290.4459324384485
290.4646600254151
290.5020872348313
290.5472980470883
290.5904121213874
290.6249370620156
290.6487433481091
290.6722137673294
290.7049752239376
290.7514682241179
290.8135260179263
290.8911726790692
290.98409694266275
291.0917938264563
291.213492173374
291.3481169039121
291.4942029149442
291.64948482587994
291.81233338632507
291.9817669496998
292.15716448439576
292.33733824683907
292.5198200695234
292.7035820111548
292.8883624956757
293.07418513180005
293.26002360462786
293.44339909175875
293.62391780650904
293.80188748001615
293.9777218832333
294.1500779090451
294.3163505383075
294.47658452420376
294.63149692809503
294.73415370025344
296.4299808170561
296.54964745632856
296.6629848696308
296.7697975198455
296.8706981530038
296.9663546073665
297.05639385100545
297.13912390787436
297.21425209080763
297.2821974066916
297.343495864845
297.39754508737684
297.44303264889277
297.47985057963035
297.50831536586685
297.52886633608455
297.5410986306186
297.543997550814
297.53755431800187
297.52198003684765
297.49755438005855
297.4640176178809
297.42079935374875
297.36788797882645
297.3054016631893
297.2337364924097
297.1537292224918
297.06652628987683
296.9732976634462
296.8749306582872
296.7726028202461
296.6729518472058
296.58309918792287
296.5072475030735
296.44773451413903
296.4053241316855
296.37484215069765
296.32421910726066
296.2552032710868
296.17540021132123
296.0894790648025
296.000679519696
295.91102255020104
295.8216408074001
295.73330314581676
295.646355967291
295.56099515876133
295.47730434542683
295.39534095213514
295.31501414328807
295.2363480148084
295.1591810313618
295.08350688186874
295.009153762159
294.936085424385
294.86415622904235
294.7933026514978
294.72346492548746
294.6545097766337
294.5863631660816
294.5190192648645
294.4523952455574
294.38648220698406
294.3212062562129
294.25652506816715
294.1924045604872
294.12874019089054
294.0655488429167
294.00272508392584
293.9402544730507
293.8781002502769
293.8162801359749
293.7547868746118
293.69362301002474
293.632646804516
293.5718438508999
293.51126105608165
293.4513468130239
293.39335156402075
293.33843129965874
293.2868043941202
293.24060303882777
293.2042900591549
293.1899066497529
293.20215272510796
293.2332528298956
293.2705472124471
293.30290659414266
293.32375168915894
293.3312348314258
293.3328847786908
293.33705149396457
293.3487773480596
293.3709762085623
293.40520392258543
293.4527193908574
293.5145659067809
293.5909977008446
293.6816126415979
293.7852348889281
293.8995816995355
294.02253412138896
294.1526235204097
294.28882908707504
294.43014818025415
294.5743828819767
294.7203429103771
294.86745675036474
295.01567611833
295.16451410331223
295.3121933051235
295.45809650048716
295.60214021316364
295.74463854219505
295.88502539937247
296.0212480710501
296.1527608519717
296.2798391027755
296.36400638344
293.91685981115586
294.0126020845995
294.109751982253
294.2078740006864
294.3066068200993
294.40549239950644
294.5042393167355
294.60249839508737
294.69989381271733
294.7959687030409
294.89043433252607
294.98288534703
295.07308412080306
295.1605448947497
295.2448765615419
295.3257004762536
295.4027878565952
295.47571146940527
295.54417752749987
295.6078442233908
295.666407910497
295.71966692676125
295.7673645342527
295.80925967146163
295.8451735517669
295.87490376920505
295.89829381311955
295.91533040016174
295.9259888470629
295.93045375563537
295.92887034619406
295.92149872360216
295.90879016411884
295.89135208758006
295.8699567054182
295.8452371231054
295.81787848547555
295.78831932116674
295.7568103383341
295.72321819878573
295.6875227628353
295.64975088556844
295.610079294146
295.56852598038955
295.5252017424679
295.4802020412611
295.43366022363836
295.3856827661638
295.3364743447963
295.2861432208168
295.23484602800664
295.18260150252604
295.1295084594073
295.07565281039354
295.0210370939604
294.9657588555708
294.90980698409476
294.8533123623174
294.79626575345503
294.7387560079021
294.68081098986187
294.6224721687584
294.5637612375201
294.5047254556432
294.44538223630775
294.38574134426773
294.32588524580285
294.26578637498005
294.2054827820178
294.1449925603423
294.0843298008043
294.0235442213701
293.9626511413113
293.90159899226234
293.840449322124
293.7791667939082
293.71781225938673
293.6563560183118
293.59481095746446
293.5332814171986
293.47204303225567
293.4113026712203
293.35144545529664
293.29326052339115
293.238399222605
293.1883692472469
293.14379878642404
293.1044200477023
293.0694671013947
293.03783328717356
293.00855480957756
292.9810693100064
292.95529241969183
292.9315621683085
292.9102438771758
292.891984672311
292.8772805997264
292.86672967752475
292.8609706589806
292.8605685131535
292.86592424026355
292.87734517342557
292.8950337156252
292.91905276614204
292.94946071344873
292.98624580757473
293.0291888721715
293.0781288616864
293.1327247787758
293.19279871676184
293.25802872891995
293.3281443132895
293.4027945864283
293.4816311291425
293.5643666761164
293.65062375549974
293.7399423051683
293.8318218037341
293.89553233119955
295.12788092148463
295.14643021374314
295.1654391838412
295.18486113886127
295.20463404809715
295.22473244397344
295.2451011557061
295.26556417094315
295.2860802641565
295.3065918849803
295.3270338431705
295.34731993004226
295.367335619259
295.38699145175354
295.4062858719929
295.42508848474756
295.4433777436159
295.4610478743317
295.4780477074846
295.4942697425911
295.5096904642154
295.52419869294397
295.53774395126464
295.55020823470386
295.56154829454874
295.57173878136007
295.5809252261659
295.58938760490673
295.59719441594984
295.6044793175914
295.61123335318484
295.61753718677676
295.62350408306145
295.62927717714706
295.63493121687213
295.6405941432372
295.64605365944254
295.6491508692111
295.6502961027257
295.65006143816123
295.64874454736434
295.64642452368423
295.6432738153489
295.6393462263814
295.63465297500437
295.6293057661905
295.62335488397395
295.6167401769998
295.6095854837971
295.60190909478376
295.59371121526135
295.58498379679634
295.5758025399175
295.56611225420784
295.55599651072947
295.5454488151029
295.5344625179421
295.5230527190635
295.5112779171902
295.49910622894964
295.48650823351704
295.4735956723237
295.46033144774435
295.44674570411723
295.4327866602281
295.41855002212117
295.40396214860755
295.3890719625393
295.37388345096275
295.35842394084085
295.3426457808951
295.32658035095056
295.31024217923334
295.2936281761462
295.2767425332337
295.2595374961924
295.2421013597292
295.2244012790736
295.20653748707747
295.18865888399296
295.17078742750937
295.15308452865264
295.1359447522071
295.11993732764523
295.10539667221644
295.0920788272696
295.07952297168254
295.0674140524838
295.05541419472013
295.04335354136566
295.03140361850393
295.01968529691874
295.00838356535695
294.99761188486303
294.98755479106853
294.9783492655498
294.9703073610523
294.96357829451574
294.95825837548597
294.9544239038148
294.9520832700055
294.9512740558753
294.95194864610977
294.95414266121367
294.9577747052709
294.96277966123137
294.9690549235294
294.976590311075
294.9853539177872
294.9953104399776
295.0063710116898
295.01849182548693
295.03162425067615
295.0457181179542
295.0607848197341
295.0766361063175
295.0932056085375
295.1104725619541
295.1225890532801
303.4423876187182
303.47746427556706
303.5156297268451
303.5568434830113
303.60103413581635
303.6482114051179
303.6981675014149
303.7506223917735
303.80538622441617
303.8622587732482
303.9211410351621
303.98183968984534
304.0439731062599
304.107288198793
304.17158599400176
304.2365933411693
304.30195190818995
304.3672974373096
304.43240164360793
304.4970341800029
304.56095222314894
304.6237769181337
304.6850721505266
304.7445983509039
304.8020570563887
304.8572238087236
304.90988173415207
304.9598177194886
305.0067707780867
305.0505729092594
305.09108511416235
305.1286652072576
305.163650200122
305.19615154153644
305.2262658714963
305.2540906153688
305.27948058732824
305.3012019082429
305.3192387756773
305.33375977223375
305.3449555721614
305.35295437389743
305.3578609972987
305.3598210912427
305.3590167203722
305.3554929353596
305.3494694180274
305.34097235521256
305.3301697945511
305.3171499580516
305.30200025768715
305.2847975338579
305.2656616381163
305.2447206476657
305.22199211865546
305.1975815375135
305.1715697382836
305.1440226260417
305.11498452033163
305.0845633031741
305.05275635183966
305.01963957780384
304.98529692292755
304.949762490059
304.9130474911581
304.875191173284
304.83629652904165
304.79637398425973
304.7554296660622
304.71354708895194
304.6708042006057
304.6271747205054
304.5827374844239
304.5375147808007
304.49147505269303
304.4447195690367
304.3972205429431
304.3489354234428
304.29993176445925
304.2501883726417
304.19978380661445
304.14874629954215
304.0971614083316
304.0453196468491
303.9936372263211
303.9424546357371
303.8917549337998
303.84153451884214
303.79176713343537
303.74249296655216
303.69409463636407
303.6468969172233
303.60109751110633
303.55687241291355
303.5144872922737
303.474221095367
303.4363047396289
303.400898801012
303.3682396640971
303.33850217157607
303.31177571084123
303.28813718404297
303.26767559269314
303.2504002961609
303.23638104674745
303.2256238588199
303.2181145480802
303.21382357725753
303.2128513247978
303.2152157009269
303.2208860852997
303.2298406720311
303.2421849843827
303.257939279374
303.27711084728594
303.2995849325346
303.3252817751902
303.3542412288194
303.37573556252676
297.9173918603681
297.95788291812244
298.00084673722915
298.046120374939
298.0936103518822
298.1431521953849
298.19465632970673
298.24785205024455
298.30255473690016
298.35859841315005
298.41579153551265
298.47384870705724
298.53244619181095
298.59133927168017
298.65026537159747
298.7091395611256
298.767572161116
298.8252906548759
298.88206687146135
298.9376693351163
298.9919021709129
299.04450301006233
299.0952461191914
299.1438897402738
299.1902353927908
299.2340977889688
299.2753407719945
299.31384711172285
299.3495041138899
299.3822292249785
299.4119624622164
299.43903257359034
299.4638409012082
299.4867495255459
299.50799295355
299.5279159364834
299.546265802848
299.56120057647263
299.57304853194756
299.581980272087
299.5881618448286
299.59172134806073
299.5927831488063
299.59142081741044
299.58775491953037
299.5818935478243
299.5739493902991
299.56398409892586
299.5521124229989
299.5384463477745
299.52299848818365
299.50587584550385
299.4871495876325
299.46691160161356
299.44517539036923
299.42202023281044
299.3975098279355
299.3716810032545
299.34457233470954
299.3162454837854
299.2867763171777
299.2561272869947
299.2244160986534
299.19161379863544
299.1577876388808
299.12297462180186
299.08716556342085
299.05043141818317
299.0128002946319
298.97428890802877
298.93492344399016
298.89478680222606
298.85384416547436
298.812165503707
298.7697533629761
298.72659451505456
298.6827743297135
298.63829743446786
298.59313647507327
298.5474153195908
298.50114544768127
298.4544429970724
298.40735134626874
298.3603174292539
298.3137436664224
298.26784030654534
298.2224959143071
298.17762507583313
298.1331162195189
298.08889561813186
298.04525422874434
298.0024955207208
297.96083882994856
297.92051608095164
297.88177045708943
297.8449623988737
297.81040095389415
297.7782356609332
297.74878990085296
297.722294430834
297.69887723024806
297.67866098639246
297.66179854067855
297.6484430085575
297.63864408908114
297.63244440711657
297.6298332978372
297.6308585606047
297.6355976879317
297.6440025412665
297.6560248854357
297.671632963309
297.6907515915422
297.7133892051108
297.7394433797301
297.76866459426685
297.80096103376496
297.83620073094085
297.86176786061907
302.99175887000916
303.0282640752963
303.06827380910494
303.11164946419257
303.158154701154
303.20763923719767
303.2599333534237
303.3148487251755
303.3721698662709
303.4317958844879
303.4934546910989
303.5570095708578
303.62227643841504
303.6890936986162
303.757152509991
303.8263262316176
303.896413060467
303.96717987748195
304.0384545809855
304.10995727342964
304.1814853855363
304.25281989525104
304.3237229610958
304.3939550492911
304.4632152705253
304.53127242644587
304.5979100705446
304.66282963026913
304.72577194615565
304.78655038674685
304.84489199281904
304.9006346434744
304.953777620358
305.0042418639139
305.05209305611004
305.0974933589494
305.14047594023435
305.18059095237703
305.21732655604893
305.2502022907096
305.2788893508262
305.303324085683
305.32338122758307
305.33911219110416
305.3505965466352
305.35795399343044
305.36134306233157
305.36096419699595
305.3569524054363
305.34951442193756
305.33885811837524
305.32509338260405
305.3084356827813
305.2890620115272
305.267118564189
305.242722380333
305.2160485561252
305.18722567530153
305.1563503998069
305.12356969408404
305.0889580721088
305.05264632523944
305.01468415675924
304.9752095489426
304.9342787314937
304.89195805738876
304.8483473260847
304.80348640772553
304.75746458617994
304.710336048151
304.6621444630293
304.61296309736656
304.5627896468084
304.5117423326906
304.45983960517043
304.40711308563993
304.35361463555796
304.29937972682296
304.2444638089458
304.1888493681523
304.1326723700692
304.0758522227117
304.01853600129436
303.9607503692911
303.9025764384615
303.8442528230164
303.78581253362
303.7275153791412
303.6694082108171
303.611625697852
303.55417802426257
303.49727956240343
303.4410602006235
303.3857358212896
303.3314203981791
303.27844739875775
303.2270320354401
303.1774801202491
303.1301453439178
303.0852956961364
303.0433011403896
303.0044399857302
302.96896387029113
302.93718860420404
302.9093192362044
302.8855743557478
302.86606018865194
302.8509810672916
302.8403949617021
302.83438028424115
302.833007256601
302.83621357514266
302.8440133827994
302.8562853681096
302.873028090366
302.8940508996986
302.91927320561337
302.9485222007259
302.9705684586658
300.0617174308029
300.10744322622435
300.1569312944829
300.2100594040796
300.26659043657486
300.3263787001328
300.3891697145583
300.45484136267174
300.5231533596431
300.5939146255506
300.6669037502389
300.74192687727833
300.8187214979663
300.89696512842636
300.9764596974931
301.0568692942303
301.13795846458055
301.2194206270601
301.3009282952458
301.3822322804261
301.46293340670303
301.5428523333319
301.62155686266146
301.69881182854914
301.7743319316551
301.8477913138027
301.91898255790875
301.98758204931556
302.05332508770334
302.1160210926527
302.17541281779035
302.2314489772325
302.28402758556916
302.3332609661853
302.37916707100817
302.42179481709974
302.46124128298646
302.4967648905979
302.52750146389445
302.55305842860196
302.5732821915946
302.58821525843047
302.5979280033918
302.60267506188603
302.6026355835864
302.59805631397916
302.58931251614723
302.5765824493794
302.5601543744624
302.5403358899611
302.517372600991
302.4914465729013
302.46285676007994
302.43176038106265
302.39837435474067
302.362878903078
302.32542526190116
302.28616808492984
302.2452310335754
302.20279740550023
302.15895084957594
302.1137642787718
302.06739742228945
302.01988305931536
301.97134569460155
301.92182904107284
301.8714628448127
301.82023472580096
301.7682433252272
301.71555136122566
301.66219455172825
301.6082032608624
301.55365818541264
301.49854127373465
301.4429491577634
301.3869043674532
301.33041765660147
301.27355158574073
301.21629400281796
301.15867550667195
301.1007274210913
301.0425133495712
300.9839581656605
300.925143583393
300.8661312723856
300.8068943398488
300.74749602453187
300.6880405874217
300.62852254133537
300.5691280698053
300.5099387648822
300.45125508075637
300.3933849807713
300.33664824064476
300.28134685584956
300.227787548062
300.1764136957684
300.1275674311521
300.08152748222756
300.03867471836526
299.999312320616
299.9636212125016
299.93188934714937
299.9043405845911
299.881173370179
299.86253556075656
299.84853430087736
299.8392511709687
299.8347945923418
299.8352400088615
299.8405959767893
299.8508328059397
299.8659596511983
299.8858694975252
299.91049416097235
299.9397294514592
299.973409751611
300.01138578692536
300.03956378014726
304.5020150016215
304.53386910712754
304.56881465180794
304.6066097233026
304.64718731824496
304.6903512019824
304.7360082862072
304.78404437934597
304.8343370361631
304.8867449249725
304.9411776825332
304.9975229152892
305.05565191527614
305.11545063240936
305.1767601021586
305.2394872195619
305.30350608323937
305.36858142393885
305.4346641058098
305.50145726246524
305.56884259789814
305.63658202614744
305.70447644779347
305.7722922072267
305.8397839864729
305.90667051243406
305.9727575721746
306.0377066350499
306.10136909839065
306.1633643000683
306.2234981214247
306.2815830758652
306.33758100693507
306.3914204304975
306.44313772875313
306.492789386668
306.54049599325924
306.58559772897445
306.627350417881
306.66516378229795
306.6986162402981
306.7274238316684
306.75151536258505
306.7708713958727
306.7856130382869
306.79578642928647
306.8016670220831
306.8034216156538
306.80125249249915
306.79543872054126
306.7861881077118
306.773718186853
306.7582213140757
306.7399133679014
306.7189690662131
306.6955878318899
306.66990671164893
306.6420647356529
306.6122144456166
306.58049225531846
306.5470157751767
306.51187665362613
306.4751989120957
306.43703899025286
306.3975684339346
306.35674313254344
306.31474246366184
306.2715548997704
306.227313300472
306.1820381411935
306.13578626527715
306.0886174720772
306.0406049266913
305.99172926270614
305.94211897746527
305.89176928053064
305.8406726184601
305.7889467119464
305.7365980387419
305.6836239467584
305.6301329163748
305.5760948226895
305.5216019133804
305.46666031481607
305.4113556317272
305.3558106844756
305.30010061499854
305.24429462685697
305.18849062865127
305.13272840997746
305.07715706089965
305.02186770397356
304.9670759926868
304.912999584559
304.8598860207185
304.8080116127787
304.7576841127991
304.7092013679115
304.6629227238318
304.61913963957676
304.5781892727555
304.54037117985393
304.5059051627554
304.47500490828486
304.44795084173575
304.42486572026803
304.40592579824704
304.3911456877694
304.3806620259533
304.37446165515706
304.3725836232581
304.3749219228947
304.3814562439026
304.3920736869779
304.4066856198408
304.42514259403265
304.4472328173585
304.47287410335014
304.4921940782604
302.75384917313227
302.7839420109781
302.81740669951404
302.85403800281495
302.89380459634464
302.93651881937643
302.98203692672143
303.03024302922665
303.0809547813546
303.13408800696556
303.189486805083
303.24699688835375
303.3064487210303
303.36766001208514
303.4304437659549
303.4946290998266
303.5600024826263
303.6263581951214
303.6935177618661
303.76125023169794
303.8292963507114
303.89748507247043
303.9656051027403
304.03343197677634
304.10073801096513
304.1673452026122
304.23295354326973
304.2974308598296
304.36053754291413
304.42201736358516
304.48167505546076
304.5393548933043
304.59492371091005
304.64833173423193
304.6995503155542
304.7485401644566
304.7953272629045
304.83950738489074
304.88043184413107
304.9175880660319
304.95067664426887
304.97947633034266
305.00389259764046
305.0239428988095
305.03964066506626
305.05107224883585
305.05844933074314
305.0618568608907
305.06149138892346
305.0575111367434
305.0501121510373
305.039468140997
305.02581700345706
305.00924007253036
304.98993691786643
304.9680907100196
304.94386622098466
304.9173173077757
304.88867309702727
304.8580491805892
304.82553989839147
304.79127695639977
304.7553528513417
304.7179129494485
304.67897013491256
304.63873152604975
304.59716052261535
304.5544180809374
304.51056161212904
304.4656490878056
304.419766429155
304.3729156687585
304.32523720079274
304.27673350972196
304.22747440366555
304.17748521574765
304.1268597231408
304.0755744492138
304.0237119414275
303.97129833661495
303.91835614697914
303.8649315543319
303.8110568771442
303.75680171392065
303.7020977545051
303.6471066205472
303.5918150697617
303.53634042566983
303.48074282765174
303.42507431226585
303.3695208253197
303.3142346633313
303.259402109559
303.205323167056
303.1521669536063
303.1002535285551
303.04980877368206
303.00116685634964
302.95458298683303
302.9103641607721
302.86874235871323
302.830039623839
302.7944659169809
302.762247411791
302.73355358823386
302.7086021618001
302.6874862932729
302.6704019599371
302.6573480551874
302.6484694542236
302.64374572385765
302.64319342351865
302.6467950336156
302.65448325621867
302.6662317696905
302.68194208820734
302.7015330473345
302.72480414949945
302.74273807562923
300.8087590280212
300.8871189246626
300.96426285689034
301.0402593086103
301.115020161545
301.18850324609946
301.26014621767496
301.3287723787066
301.39407820728275
301.45605027587754
301.514742723517
301.56961639671306
301.61985712031174
301.66545824718935
301.70669114652196
301.7436954199207
301.7762698705144
301.8041078853886
301.8271741357357
301.84549398720634
301.8591506745763
301.8678057246926
301.8712895846259
301.869563516635
301.8624639722037
301.8499569956389
301.8319825292152
301.8087408691678
301.7805616790005
301.74789104384257
301.7114881622494
301.6737418179578
301.6369799833082
301.6023603141063
301.57028812249945
301.54104492228294
301.51485840986635
301.4886563409074
301.4599515647526
301.4283728893736
301.39398632782724
301.35710956459013
301.31803661740173
301.27706972287854
301.23438198993404
301.19034501280424
301.1451393916546
301.0989403832416
301.0520723502435
301.00462760839935
300.956736006214
300.9084771803847
300.85997039836593
300.81115594814895
300.76216859803634
300.71297472329195
300.663575297489
300.6140343434526
300.56435820983626
300.5145174339713
300.464542816416
300.41448192053537
300.3642792244808
300.31394389550866
300.26345676548533
300.2127961486209
300.1619831168415
300.1109878687985
300.05983761957185
300.0085043700208
299.9570752178194
299.9055366456525
299.85384649625325
299.80198646124785
299.74999486831166
299.69777009945267
299.645350737054
299.59274493054113
299.5399946148411
299.4872420426648
299.43469194797
299.3825293976761
299.33124554714334
299.2857082426845
299.25363861060816
299.2354400589233
299.22611323017117
299.22177836564947
299.2203291166396
299.22069221051464
299.2218683856596
299.22316046324926
299.2255288428708
299.23040472762193
299.23929554262895
299.2545410652533
299.27756725463405
299.3085457855307
299.34682472210216
299.3917039684532
299.4426442967087
299.49916249313793
299.5605794238155
299.62643734514256
299.69584821381045
299.767881440891
299.84202142014647
299.91801756954106
299.9957675223889
300.07495293373546
300.15495739901866
300.23545692694836
300.31641968324516
300.3978885786586
300.4794614851064
300.56056037494164
300.6409892021407
300.72078869272514
300.7747585352894
