292.8344399838286
293.0687718626599
293.29098044344596
293.5027667541144
293.7041787581463
293.89429327331345
294.06669672599827
294.22490902733733
294.36950045628987
294.5006992753286
294.6174282945697
294.7153372962048
294.797399657022
294.8638328812648
294.91486791639704
294.9496840088034
294.9658237416165
294.96496700059635
294.94731872438916
294.9132066755135
294.86080689868226
294.78872789913476
294.6998921180438
294.5947921886792
294.47378768102544
294.3392799107133
294.1936810356801
294.0358738779283
293.86631567849633
293.68530843791586
293.5055302840519
293.3324403703762
293.1591295126411
292.985699039506
292.81237748862793
292.6425002721491
292.4756971029525
292.31070439140495
292.1475638891958
291.9858222960004
291.81806770148927
291.65534005508835
291.4817400713729
291.31887780435494
291.1581900546749
290.99291423423756
290.83308694016677
290.67478105033706
290.5179153566414
290.36255839438553
290.20860481684605
290.0561568468992
289.90521689001304
289.755762395438
289.60781645114355
289.46136447704544
289.3164213413545
289.17299517976414
289.03104463390565
288.8905451588035
288.7514391959847
288.6137568547719
288.4774663236087
288.3425567662249
288.20899940578767
288.0767162099814
287.9457599821954
287.81618228506403
287.68792623746054
287.5609277321241
287.43517820557696
287.310650538741
287.187274032511
287.06946771918535
286.95997744246415
286.84472355068846
286.73095159516646
286.66734136329285
286.5890017664342
286.5498456746679
286.4824105626906
286.43367575717883
286.47309784846897
286.5940097387015
286.6329470887147
286.6695201559764
286.7092483299966
286.7513196962017
286.79489702509505
286.85649757397675
286.9369001382043
287.0245210392404
287.1185281996124
287.218619567174
287.33132002451566
287.45664842056414
287.5935895264714
287.7425138499782
287.90380206342235
288.07421370876244
288.2563285097178
288.45131253087294
288.6593647209969
288.8805658181274
289.111539394648
289.3535342619662
289.60618447389527
289.86934189942457
290.1424310092026
290.4165440628869
290.69379189022715
290.9740918600143
291.2571687912207
291.54184104779125
291.81741537620906
292.0877776015502
292.35307127554785
292.6131809415248
292.78700547787713
292.910231512331
293.13640516807294
293.3492334099351
293.5492622714779
293.73736760053225
293.91414008962937
294.07904692956237
294.2310841615883
294.37014305737296
294.49630248556537
294.60966848984265
294.7085001190866
294.7916185117698
294.8592696632852
294.9118987773571
294.94974327821814
294.9715641672867
294.9768606278593
294.96599166372874
294.939369892008
294.89727670021784
294.8392115617854
294.7653877451666
294.6761179175065
294.5717195885823
294.4527481670664
294.32212250202457
294.1811935140584
294.0299210196202
293.86813609976167
293.69787824203615
293.5284766106421
293.3620796961682
293.19824433384343
293.0365579484827
292.87728269922496
292.72142108763586
292.56639333071865
292.41172429835876
292.257487734596
292.1034577114028
291.94718085949035
291.78801680106045
291.62518081106055
291.4644508421394
291.3049735377688
291.14432330981936
290.9863531142013
290.8308222815214
290.67746071912217
290.5260665014885
290.3763518829877
290.2283603087624
290.082035430582
289.9373435710416
289.7943869431911
289.65311338336284
289.51346349465484
289.37536778892246
289.23876416997564
289.10364377146425
288.9699428944937
288.8376812460311
288.70680495024783
288.5773195440988
288.4492675082455
288.3225299725806
288.19714403820836
288.07310008271736
287.9502846626316
287.82850265182407
287.7076898813744
287.5878911423236
287.46915369335704
287.3590371479329
287.25405438142695
287.1471643096612
287.05499416018256
286.9846325879505
286.9339969367639
286.8850029046716
286.85298673993015
286.8453485949988
286.9499467338073
287.091073693255
287.20597995651167
287.29914527953565
287.379358310149
287.45093184810025
287.5151573698426
287.5718213649007
287.6260485677167
287.68114280802706
287.7386697487059
287.802325021441
287.8812784767249
287.97757544559295
288.0902432760254
288.21823438239784
288.36126126477535
288.5201762064643
288.6945786376937
288.8839152958867
289.0875904133133
289.30525832880915
289.5363002734975
289.7794303992909
290.03362180508395
290.29811504193964
290.5701075545478
290.8452175274338
291.12211001150774
291.4000920270865
291.6788915415571
291.9507069511275
292.21120877057405
292.4624715582251
292.70556074837236
292.86652731864183
294.77526377984793
294.86679419757985
294.9562793541115
295.0435721213159
295.1286469928458
295.2114082032248
295.291754137714
295.36953117062166
295.44462909339416
295.516993368038
295.58649793911695
295.65299089238005
295.7162807938256
295.77629573364334
295.83286613834133
295.8858594039691
295.9348272171819
295.97948134685487
296.01965279612864
296.05526126597493
296.08613445657335
296.1118510211423
296.1322725778601
296.1473451860319
296.1570030184721
296.1611857163103
296.15987217699933
296.1531015729816
296.1408995331426
296.1233222733001
296.10094348691905
296.076262306432
296.049735976145
296.0216014847343
295.9920253023725
295.9611148376923
295.92898172973446
295.8930885014663
295.85383217414113
295.81158453537677
295.7672832137707
295.72060406624126
295.671282779953
295.61917508219096
295.5655979605243
295.51036028924824
295.45293477568913
295.3943519648599
295.3347755551331
295.2743146457112
295.21306958662467
295.1511743981403
295.08867898638925
295.02564947560006
294.96213582853676
294.8981836677564
294.8338395641036
294.76914305135233
294.7041093754896
294.63881585686755
294.5732315810073
294.50740687942033
294.44137462433974
294.3751343736938
294.30871691803804
294.24214956460276
294.1754886297551
294.10870925950053
294.0418652623701
293.9749496621126
293.9079536486497
293.84094874492916
293.77388800498926
293.7068265567404
293.6417552628597
293.5769362081545
293.5122774496811
293.45061038481833
293.3917586041424
293.33606860885897
293.28167340341463
293.23270524830355
293.18554899858304
293.145691250941
293.1052964719843
293.06701309693716
293.0315197864712
292.99891778268494
292.9692288113737
292.9431239212694
292.9229715042185
292.90916546556383
292.9018974815443
292.90122610000907
292.90808091443273
292.92428635120115
292.9498519949948
292.984728920614
293.02885934410995
293.08143016621005
293.14109874657106
293.2076747304741
293.2810513642801
293.36114701048
293.446361463456
293.5346588764749
293.62588612757634
293.7199288572856
293.8166902353546
293.9150503928978
294.0137768244337
294.1126918957441
294.2116168950421
294.31049522072436
294.4086891596681
294.50566695085445
294.601308677142
294.6954886505049
294.7586614057311
294.4541150554082
294.56948052619515
294.6789808484479
294.7825404815171
294.88063067469284
294.97378006516925
295.06108986937073
295.14094800595353
295.21345402931684
295.27905536421576
295.3381542263503
295.3897457444633
295.43252621583264
295.46672028723333
295.4927718331661
295.5111471074177
295.52105249129784
295.521678238717
295.5131593627273
295.495668405887
295.46939726591813
295.4337628478175
295.38811548608345
295.3325177382473
295.26723305182816
295.1925728983315
295.1091579186424
295.0179627356212
294.9198127369879
294.8151303205896
294.70455737371515
294.5926538382833
294.4839866428338
294.3806987556576
294.2837787308607
294.19381880737285
294.1115719564915
294.0341847743694
293.9599119788295
293.88884032363035
293.8210366446891
293.7554443153217
293.68983067184877
293.6204559286927
293.55001230485095
293.479349998214
293.40571623812997
293.3310229855666
293.25658939471515
293.18295919807736
293.11038588572
293.0389050397276
292.9684912650101
292.8991010217631
292.8306859594334
292.7631846155323
292.6964732752375
292.63046365452493
292.56514253828414
292.5003767063559
292.4362106356929
292.37249761530586
292.30919366209866
292.2463082812116
292.1837500984346
292.12155157711624
292.0596149299455
291.99785501098046
291.9363247441036
291.8749853062985
291.81378974595805
291.75272084149674
291.6917513032982
291.6308877134186
291.5720691787436
291.51655435095074
291.46290180303924
291.4111967818712
291.36423339194255
291.3220119231133
291.2829444485172
291.2478057712651
291.21808738777344
291.20857963512026
291.2198703312127
291.24349881475274
291.2715727882924
291.2969952960377
291.3151830671101
291.3248288536692
291.3343601089314
291.35142573020926
291.3795544570349
291.42007771504433
291.4731139466404
291.53847206464076
291.61581096212205
291.7045616453497
291.8038764095257
291.9125858994148
292.0289772287372
292.1517861016414
292.28025899870926
292.4139241982969
292.55183785681794
292.6920414402495
292.8336244251548
292.9764016661661
293.12040990024684
293.2649358865774
293.40807677599605
293.549420342067
293.689145394448
293.8275401768349
293.96339901566364
294.094649783729
294.221320312183
294.3439826869257
294.42537748398036
295.81194028789514
295.9052466367859
295.99342021674664
296.0764722311757
296.1549041475217
296.2293035312381
296.2994403867802
296.3640753971593
296.42297855140566
296.4764437543787
296.5248028746268
296.56754152860594
296.603596115526
296.6328105391243
296.6555109660138
296.6719965527201
296.68191036364425
296.6843808257017
296.6793150604618
296.66692413247637
296.6474476951619
296.6206782035666
296.5862003709377
296.54402089570374
296.49426527644437
296.4372696703456
296.37369017464704
296.30439919866836
296.23028737468195
296.15202368385656
296.07051727751553
295.99082226214176
295.91849192333694
295.8568172200343
295.8076024339982
295.77139728569836
295.7446860950018
295.70407320967456
295.64917394208527
295.58604594327136
295.51871444973204
295.44976492157156
295.38086083657646
295.31278228816814
295.2460182720527
295.1807295889053
295.11697836474855
295.0546660352959
294.9937860579668
294.93421584196165
294.8759373015681
294.8188413889198
294.7628562059262
294.707836367359
294.653720781604
294.60041821527125
294.54784905905115
294.49596720546646
294.4446587288534
294.39385792655384
294.343541480275
294.2936825921902
294.2442138364451
294.1951094803294
294.14633038896346
294.09784290330356
294.0496270967573
294.0016513450304
293.9538655556092
293.90623295035914
293.85875529826825
293.81144176930167
293.76425771832396
293.717240768099
293.6714469611899
293.6279779801854
293.5865835940776
293.5474279515699
293.5121167063468
293.4808493242153
293.45250236529375
293.4274200138772
293.4063516865228
293.3983956410946
293.40720811592803
293.4275546887267
293.4505680765438
293.46856567619665
293.4771572874249
293.4752923157325
293.4692594187693
293.46569805835486
293.46852319838985
293.47984209470553
293.5008253470847
293.53244592434106
293.57549807819345
293.6301295504239
293.6960295432299
293.77218211901123
293.85687492750367
293.94845950601996
294.045829641712
294.1482494573706
294.2549560826606
294.3642427508431
294.47517005132335
294.5872095698846
294.7003728540114
294.814271731349
294.92762860979053
295.0398521820296
295.1509001394966
295.2610173687555
295.3696641064226
295.475231423787
295.5773482340489
295.67620347570266
295.741807078548
293.85645184002277
293.9315270641401
294.00783586676783
294.0850179392427
294.1627578750518
294.24069313712056
294.3185727336023
294.39607624023535
294.47288301165725
294.54861795324194
294.6230230799202
294.69578209783634
294.7666657556033
294.83534472581994
294.90149992991286
294.9648251603283
295.0251568905843
295.0821690544949
295.13560011943287
295.1851849804333
295.23069033490776
295.2719046589447
295.30867450863144
295.3407882635632
295.3680871450008
295.3904202011863
295.40767353131406
295.4197983881579
295.42680823877083
295.42884026081987
295.4260585625025
295.41863058416106
295.40698199174454
295.39160543623973
295.3731552116532
295.3521934627998
295.3292585887469
295.30477522609624
295.2789770667442
295.2518334071858
295.22339698522933
295.19377842026006
295.1631957327932
295.13167110361553
295.09926669807237
295.06594443636703
295.03169825563873
294.9963936163276
294.9599651824849
294.9224319135887
294.8838880224274
294.8443829671026
294.8040309805572
294.7629638307533
294.7212224193974
294.67889514568657
294.6360310452529
294.59270025935524
294.5489470800762
294.50481234431544
294.4603208446047
294.41551076475
294.3704156055278
294.3250383802191
294.279386344135
294.23350335244163
294.1874019103065
294.14109178253153
294.0945935438246
294.047907742806
294.0010843918623
293.95408044829395
293.9069140735917
293.8595415488951
293.8119936980746
293.76430362191974
293.7166830535593
293.6691971023543
293.621972614625
293.5752252955008
293.52917151362675
293.4839761125024
293.4398154256354
293.3970977934109
293.3568475474501
293.32012505948194
293.28725939037884
293.2579717020148
293.2316469830289
293.20739941138265
293.1845098743907
293.1625528855836
293.1415333386064
293.1218172938621
293.1036855436789
293.087707752012
293.07431992537784
293.06407492997823
293.0574795335972
293.05500300607514
293.0570174875374
293.06378182068846
293.0754766770625
293.0922047755683
293.1140410199656
293.1409807784457
293.17289004443785
293.2096250199322
293.2509054463937
293.2965965638628
293.3464406647164
293.4002642785212
293.4577590050865
293.51869451123395
293.58283868864436
293.6499282998895
293.7195307975134
293.7912954420449
293.8411442467783
294.8522183075611
294.8664918389601
294.8811539703503
294.89618238701985
294.91146326919005
294.9270089093706
294.9427633753963
294.9585950551387
294.97451410352267
294.9904345322158
295.0063008538133
295.02206775727865
295.0376208095474
295.05291142476557
295.0678983838167
295.0825105347204
295.09673815438106
295.11044795581404
295.12361955559027
295.1361503204272
295.1480496549138
295.15922214825093
295.16961690995413
295.17914800947284
295.1877947684892
295.1955153800744
295.20243578348993
295.2087487523519
295.2144864580469
295.21977011762004
295.2245766915246
295.2289779754265
295.23307969729973
295.23698102206725
295.2407856269276
295.24455244981874
295.2482200866266
295.250194732789
295.25070119197744
295.2501973553533
295.2489233827718
295.2469296401589
295.2443996657779
295.2412928989777
295.2376642892699
295.2335987588338
295.22908303878415
295.224052795943
295.2185907795645
295.21275747006047
295.20650231607726
295.1998492643007
295.1928828520546
295.1855437431845
295.1779199398898
295.16997409274813
295.16171579295496
295.15313534259406
295.1443080919129
295.1351637941946
295.12573569871444
295.11604263027095
295.10610255393067
295.09591248087435
295.08543259382276
295.07474192508073
295.063783657108
295.0525763827165
295.04110018667086
295.02943294101885
295.01748729535996
295.00530500315534
294.9929062119263
294.9802478606186
294.96746077238174
294.95457120338665
294.94166139530597
294.928711562885
294.9158245656449
294.9031030666487
294.8905557144115
294.878213360035
294.8662221279923
294.8549987771826
294.8447900755319
294.8354150379495
294.8264545094096
294.8176814339409
294.8088064316042
294.7997107865127
294.79053773612196
294.7813999315056
294.7724898645931
294.76388813564347
294.7557313745068
294.74817120334376
294.7414494522623
294.7357103019784
294.7310574334184
294.7275085401012
294.72512239193327
294.723905087402
294.72386279517514
294.72500672037836
294.72728999547746
294.7306456731987
294.7350345384349
294.74043742006285
294.74683422136314
294.75418417883026
294.762398173725
294.7714751876064
294.78135632062276
294.7920012143175
294.8034279341182
294.8154964151282
294.8281357835659
294.8413122598142
294.850579863758
302.0077477323038
302.0385442676415
302.07189717410364
302.1077855202678
302.1461286498938
302.18692458307316
302.229997133078
302.27494741175974
302.3216632835483
302.3700043037901
302.41988447641444
302.47116041880645
302.52351895562805
302.5767780705306
302.6307445931532
302.6852335557695
302.7398949622269
302.794483229963
302.8487670015869
302.9025627027175
302.9556406512416
303.0077064958607
303.0583799381538
303.1074539437342
303.1546843743128
303.1999179006751
303.2429402890901
303.28362080366963
303.321745386285
303.3571783446959
303.38979492402484
303.4199257397699
303.44783653896815
303.47367064642094
303.4974560144055
303.5193251858222
303.53916784555474
303.5559461515158
303.569655197073
303.5805034172516
303.5886184969624
303.5941099350065
303.5970452207732
303.59754136068767
303.5957295696051
303.5916396840127
303.5854478150083
303.5771728238287
303.5669810368466
303.5550235069896
303.5413531882437
303.52603599352307
303.50919131883086
303.49084960840685
303.4710691919912
303.44993703738885
303.42749013469415
303.4037517744963
303.37882312329293
303.3527420215742
303.3255332261243
303.29724368426747
303.26792322048846
303.23761815799025
303.2063279105363
303.1741083485598
303.1410118537427
303.1070706064757
303.07226256561677
303.0366189645203
303.00013864411756
302.9628156797676
302.9247043653395
302.88584416531916
302.84627111359265
302.80604003275533
302.7651462575345
302.7236375858454
302.6815758193788
302.6389963321907
302.5959557537298
302.55250969412384
302.50872399879296
302.4648417932726
302.4211865595849
302.3780329873013
302.33540204309713
302.2932655228947
302.2516127873637
302.21044995150004
302.1700968266245
302.13083799993353
302.0928107901308
302.0561805594628
302.0211289850129
301.9879131910543
301.9567504107677
301.92779549049635
301.90122345604783
301.8770974387799
301.8554941679148
301.83645775615787
301.8200042036264
301.80617422313935
301.79500340611946
301.7865341197291
301.7807829128617
301.77781059145946
301.7776231203965
301.7802458022397
301.78566901669274
301.79383739363755
301.80486558622084
301.8187481266208
301.8354714777831
301.8549612201192
301.8771290870263
301.90197152766484
301.92035383598926
297.12731288647853
297.162780707305
297.20033462834294
297.2397881428054
297.28110689495406
297.3241180751652
297.36872449742924
297.4145683026739
297.4615464200861
297.50955243148087
297.558389726597
297.607872304337
297.65773448863007
297.7077506342078
297.75771687263114
297.8075604764901
297.8569507784671
297.9056793878873
297.9535074241992
298.00025578554005
298.0457701080543
298.0898143677502
298.13220957164305
298.17273396371604
298.2112556393377
298.2475859128954
298.28164040016156
298.3133143172485
298.342539306214
298.3692080233901
298.39331668368936
298.41512402102074
298.43497305518207
298.4531859515634
298.46997048949345
298.48558266849807
298.4998636772806
298.51117528920383
298.51978473680725
298.52590341751977
298.5297274236816
298.53134714268447
298.53092711068484
298.52847176734673
298.52409344191324
298.5178999712341
298.5099425978585
298.5002821341258
298.4890509990921
298.47632190924634
298.4621443669461
298.4465895061899
298.42969747770513
298.41158547525015
298.3922243421984
298.3717073395814
298.3500524503662
298.32734523858255
298.303586961849
298.2788190443131
298.25311744830054
298.2264423947904
298.19889477612065
298.17045116473923
298.1411666783907
298.1110591391922
298.0801545652614
298.0484868215751
298.01609029416466
297.9829188712689
297.94904082463484
297.91446353212683
297.8792145690878
297.8433199313299
297.8067944266514
297.76968516385756
297.7320421829326
297.69387463053533
297.65519911444255
297.61612137616055
297.576641574221
297.5368896925208
297.4969064677678
297.45699331393746
297.4174176621947
297.3783592164328
297.33976554864955
297.30153931141206
297.2635924964685
297.225894156745
297.18866733596616
297.152144419747
297.1165496781134
297.0820605830238
297.04890371229004
297.01737800373314
296.9877447154126
296.9601395687322
296.9348678830972
296.91208060893365
296.89192305331284
296.87448589580754
296.85983952177156
296.84808783383806
296.83933811564987
296.8335874785746
296.83089672083054
296.83142873229446
296.83513930072075
296.84203965163726
296.8520258785858
296.8651117924459
296.881181115053
296.90024460275794
296.9222461114188
296.9469223722195
296.9742385167886
297.00405883974605
297.02566830775385
303.1110648055231
303.14332534855066
303.17850725938314
303.2165103552553
303.2571085954722
303.30020547581734
303.3456169345123
303.39320528255695
303.44279207958704
303.4942521684074
303.5474093079802
303.60210725975736
303.65818121989236
303.7154763456237
303.7737792678975
303.832950630472
303.89280314737493
303.9531367414399
304.013806188311
304.07458075298626
304.1352841386459
304.1956941254429
304.255625732347
304.31487783133707
304.37317595839335
304.4303291299519
304.4861614405617
304.5403864088568
304.5928396429582
304.64332081576714
304.69162889320995
304.7376439295745
304.7813412317477
304.82268594496173
304.861737468079
304.89864038764455
304.9334347209676
304.96576598659504
304.9951487754568
305.0211665579956
305.0435971903831
305.06240659751285
305.07756911179536
305.08911590347896
305.09715245048613
305.10181390283213
305.10321060535915
305.10149567609045
305.09682222775695
305.08930253258677
305.07911080173943
305.06634794061097
305.051211537756
305.03381312358664
305.0142769351327
304.9927296190839
304.9692964426976
304.9440988439131
304.9172241402768
304.8887591797132
304.85880089847814
304.82745651427626
304.794763209477
304.7608226275691
304.72571414142476
304.6894488122141
304.6521234319097
304.6137958047911
304.5744888514369
304.53431554966204
304.49324303730543
304.45138170601433
304.40870705676474
304.3653107014245
304.32123200793774
304.2764535084258
304.23107183907314
304.18510579130384
304.13860191170966
304.0915782523994
304.04414107862067
303.9962438023557
303.94798515435616
303.89941040859975
303.85058670997057
303.8016904076651
303.75275940266835
303.7039774299781
303.6554138294679
303.6071419128851
303.5591917496519
303.51170070883654
303.4648290959043
303.4186962882928
303.3734440496301
303.32932550658455
303.286515255373
303.2452940780217
303.2059519083471
303.16873697153505
303.13394527756503
303.1017883923726
303.0725254024884
303.046400358442
303.02359896294735
303.00428898656094
302.98858703119157
302.9766313919161
302.9684646909327
302.9641908589437
302.96381911252803
302.96732673130566
302.9746991892489
302.98587163179167
303.00078558608794
303.0193490729714
303.04145247458626
303.0669359076357
303.08609344039877
299.01214428473793
299.0542475435476
299.09968242990357
299.14832650045184
299.19996587779764
299.254487485243
299.31162108074506
299.37128827586497
299.4332651624786
299.49735686509206
299.56337019708
299.6311137041667
299.70035916744786
299.7707966827058
299.84225213014565
299.9144220138432
299.9870898236706
300.0599523348005
300.13273496680625
300.20523333127665
300.27707642970427
300.34807516376287
300.4179007377214
300.486304749319
300.55304607990064
300.61784510984836
300.68049903077474
300.7407411498801
300.79833124739156
300.8531051683644
300.90484975878223
300.9534836179284
300.9989326235813
301.0412879430246
301.0805711486058
301.1168638314071
301.150217363956
301.1800318909674
301.20561293486264
301.2266228536539
301.2429838790637
301.25475606174444
301.262035351445
301.26502443342247
301.2638875362545
301.2588188288054
301.25014472304855
301.23798150914695
301.22258082886316
301.20416872376643
301.1829492976469
301.15909103087677
301.13286215549925
301.10438052765033
301.07384379230024
301.0414005128749
301.00720899974635
300.97142098076444
300.93412289746954
300.89546462786876
300.85557030228216
300.81447758650125
300.7723517167286
300.72920700635484
300.6851891037908
300.64029056028465
300.59466841370397
300.54829808487943
300.5012949336377
300.45368848817213
300.40552714164124
300.3568652854246
300.3077375053416
300.25816929685715
300.2082065289793
300.15791403861544
300.1072731124058
300.0563469794742
300.00512787107766
299.95366237677337
299.90196989385623
299.85013064428
299.7980697592782
299.74587820538596
299.6935898448336
299.64120488518114
299.5887821300997
299.5363829089531
299.48406598485604
299.4319359324964
299.38006611556176
299.32872703002386
299.27815082198487
299.22861503097147
299.18036922512147
299.1336759798917
299.0889036908764
299.04636998058066
299.0062971228514
298.9690217578109
298.9348241430141
298.90387590386194
298.87640874640476
298.8526721274339
298.8327894486399
298.8169348190227
298.80522035529594
298.79768107285196
298.7944318235846
298.7955398674046
298.8010280065422
298.8108938333635
298.82510354701105
298.8436042844068
298.8663381683658
298.89319161455364
298.924017160103
298.9587027902291
298.9843884342515
304.5592860400504
304.5867643547912
304.6168974846517
304.6495199491517
304.68454806008
304.7218448320366
304.7613077406043
304.8028233206169
304.8462930803056
304.8916071985507
304.93867251332097
304.9874026923416
305.0376585418693
305.089342079753
305.1423249605859
305.1965097468906
305.2517857474919
305.3079365129658
305.3649118694883
305.4224638929009
305.48045674760857
305.5387111414379
305.59701720506325
305.65518486739734
305.7130092536158
305.77021272060557
305.82664574863276
305.88203184983064
305.93621893359034
305.98890785128947
306.03993005062
306.0891104680018
306.13642913312344
306.18187051635135
306.22541557404645
306.2671312643298
306.30711847078277
306.34481588983095
306.3796449586818
306.4110659464405
306.43881864366267
306.4626673960014
306.48263031567916
306.4986750389171
306.5109474013009
306.519484254424
306.5244298941954
306.52597388058336
306.52422295051
306.5193617935233
306.5115839679411
306.501024186677
306.4878699509597
306.47230840844907
306.4544487618661
306.43448443022714
306.4125236425865
306.38870804589357
306.36315663879236
306.33598902866976
306.30730287147435
306.2771792050932
306.2457412833992
306.21302227571425
306.1791599929746
306.14414297616315
306.10810060284484
306.07104030287564
306.0330612683316
305.99419228238224
305.9544688701274
305.91395822628675
305.8727021897327
305.83070471645925
305.7880626737769
305.74477023711177
305.7008804412643
305.656418294914
305.61146728989684
305.56602414940636
305.52016840684604
305.4739143363956
305.4272992808832
305.3803894389963
305.33319552591274
305.28585350414016
305.23841454766455
305.19092398101503
305.14347527357455
305.0960651803261
305.0488410386357
305.00187281621027
304.9553461712437
304.9094024876096
304.8642951474119
304.820248984303
304.77747052511774
304.7362783621683
304.6969019897244
304.6596533823095
304.624780305835
304.5925327086323
304.56313670898237
304.5367499100533
304.5135878701969
304.4938142159027
304.4775196848114
304.46476280703183
304.4556251599769
304.45012137960157
304.4482875251016
304.45004492406383
304.4553461866497
304.4641514848644
304.47637792317005
304.49191163074164
304.5105553623823
304.5322949897799
304.5487067112046
304.8571146618183
304.8840611286913
304.9138778134921
304.9464108382951
304.9816224678827
305.019333904488
305.0594357429585
305.10185106448574
305.1463764419063
305.1929680356416
305.241471347378
305.29174350420965
305.3436735510554
305.39703583690095
305.45173149737593
305.50755134957376
305.5643271432028
305.6218949547837
305.68006916247896
305.7386542087116
305.79741092938167
305.8562175392525
305.91484264960064
305.9731269201341
306.0308631342161
306.08788770218155
306.14394945929234
306.19891759549114
306.2525669244678
306.30473792492205
306.3552182053576
306.40391514467194
306.45069384207284
306.49551050597216
306.53837993649034
306.579262724553
306.6181941540968
306.6548270708785
306.68860634566795
306.71912853477096
306.7461488409825
306.76949938861566
306.7891454442002
306.8050781232976
306.81739406575804
306.82612389335486
306.83148311806303
306.8334764254746
306.8323104002542
306.8280966542921
306.8209872992631
306.8111334971179
306.79868872952505
306.78378133046914
306.7665478302889
306.7471516888168
306.7257310241849
306.7023402075811
306.67717209526927
306.65030291749935
306.6218312716613
306.5918943686706
306.5605513462841
306.5278746597157
306.49399553219587
306.45897039682046
306.4228419095877
306.38571756945277
306.3476412108404
306.3086884795234
306.2689152873014
306.2283270672432
306.1870450080972
306.14506582932006
306.10244735360527
306.0592216100328
306.0154629105342
305.9711637947428
305.9263995283662
305.8811835062963
305.8355376010495
305.78953268907196
305.7431670476447
305.69654087369736
305.6495955878707
305.60242254109215
305.55507230953157
305.50760824015487
305.4600929883347
305.41258617231307
305.3652397393451
305.3181526029996
305.27151841146286
305.2255587727682
305.1804383994002
305.1364105467984
305.09368805325687
305.05252953310503
305.0131716195545
304.9758710023488
304.9408101229034
304.9082887638747
304.87845821529527
304.85152808863813
304.8276606805843
304.8070093282987
304.7896582277913
304.7757598636154
304.76532898399984
304.75846633765764
304.75519195165293
304.7554699669924
304.759338015237
304.76671715404024
304.7775580859579
304.79183434190327
304.80942100292583
304.83020529669835
304.84611091775577
300.2995162132651
300.36031603437675
300.4203052329019
300.4794825928943
300.5378470172412
300.59536729087796
300.6515555462372
300.7053542798834
300.7565180606407
300.80499050612127
300.8508721367957
300.8937501181303
300.9330670261193
300.9688456384797
301.00129641535455
301.03050280422804
301.0563414579149
301.07860448375976
301.097189712511
301.11211309959424
301.12339966150915
301.1307707465167
301.1340840463219
301.133344909462
301.12836791666274
301.1191439102903
301.1057975524189
301.08845711205737
301.06743175976504
301.04310841871205
301.01607732287283
300.9881909725436
300.96130985790705
300.9362586643889
300.91326000690555
300.89241661100766
300.87392943121847
300.8550039983531
300.8336192773004
300.8098732289043
300.7839969471102
300.7562800771201
300.72705182293333
300.69653058471124
300.66488173075743
300.6323377418092
300.5989687837688
300.56485745952637
300.5301950350554
300.49498322821853
300.4593175982751
300.42329609310775
300.38699230416455
300.3503700756655
300.3135645681612
300.2765342329106
300.23927568732785
300.20186555815746
300.16429438267227
300.12653552255506
300.0886215905306
300.05057141034706
300.0123545971835
299.97396096080536
299.9353575237221
299.8965711624746
299.85756927104467
299.8183497291458
299.77893039960225
299.73926640170504
299.69943645695946
299.65940988109577
299.619179113137
299.57868536389975
299.53800685954735
299.4971099031625
299.456194854874
299.41540447912666
299.3748806749021
299.3347704400806
299.29530113617477
299.2565600150712
299.218861799463
299.1854553260332
299.1612453600787
299.1469576345043
299.13958232924483
299.1362176160616
299.134907493253
299.134452981817
299.1340356381699
299.13319602209543
299.132834117335
299.13421584935986
299.1385950393161
299.14766865224465
299.1624907526714
299.18316272602425
299.2092644454051
299.2403664222705
299.27626762890105
299.316614037031
299.360874145865
299.40879168838467
299.45974070942964
299.51288456785807
299.56789342660704
299.6245094519547
299.6826210920293
299.74199205749625
299.8021459938503
299.86285585784333
299.92411750713694
299.9859593648989
300.0480295158792
300.1098706852694
300.1712965722187
300.2323654383341
300.2737242132021
